work_year,experience_level,employment_type,job_title,salary,salary_currency,salary_in_usd,employee_residence,remote_ratio,company_location,company_size
2024,SE,FT,Research Scientist,300200,USD,300200,US,0,US,M
2024,SE,FT,Research Scientist,170700,USD,170700,US,0,US,M
2024,SE,FT,Data Scientist,251600,USD,251600,US,0,US,M
2024,SE,FT,Data Scientist,120100,USD,120100,US,0,US,M
2024,MI,FT,Data Engineer,120470,USD,120470,US,0,US,M
2024,MI,FT,Data Engineer,86330,USD,86330,US,0,US,M
2024,MI,FT,Data Scientist,223500,USD,223500,US,0,US,M
2024,MI,FT,Data Scientist,109100,USD,109100,US,0,US,M
2024,SE,FT,Data Scientist,223500,USD,223500,US,0,US,M
2024,SE,FT,Data Scientist,109100,USD,109100,US,0,US,M
2024,SE,FT,Data Scientist,300200,USD,300200,US,0,US,M
2024,SE,FT,Data Scientist,170700,USD,170700,US,0,US,M
2024,MI,FT,Data Analyst,16000,USD,16000,PH,100,PH,M
2024,MI,FT,Data Analyst,16000,USD,16000,PH,100,PH,M
2024,SE,FT,Data Architect,200000,USD,200000,US,0,US,M
2024,SE,FT,Data Architect,115000,USD,115000,US,0,US,M
2024,MI,FT,Data Engineer,208800,USD,208800,US,0,US,M
2024,MI,FT,Data Engineer,98300,USD,98300,US,0,US,M
2024,SE,FT,Data Engineer,149000,USD,149000,US,100,US,M
2024,SE,FT,Data Engineer,108000,USD,108000,US,100,US,M
2024,SE,FT,Data Engineer,188640,USD,188640,US,0,US,M
2024,SE,FT,Data Engineer,125760,USD,125760,US,0,US,M
2024,SE,FT,Data Engineer,270000,USD,270000,US,0,US,M
2024,SE,FT,Data Engineer,179800,USD,179800,US,0,US,M
2024,EX,FT,Data Engineer,144997,USD,144997,CA,0,CA,M
2024,EX,FT,Data Engineer,105452,USD,105452,CA,0,CA,M
2024,SE,FT,Software Engineer,294000,USD,294000,US,0,US,M
2024,SE,FT,Software Engineer,137600,USD,137600,US,0,US,M
2024,SE,FT,Software Engineer,229900,USD,229900,US,0,US,M
2024,SE,FT,Software Engineer,201400,USD,201400,US,0,US,M
2024,SE,FT,Software Engineer,239000,USD,239000,US,0,US,M
2024,SE,FT,Software Engineer,161000,USD,161000,US,0,US,M
2024,SE,FT,AI Specialist,276000,USD,276000,US,0,US,M
2024,SE,FT,AI Specialist,148000,USD,148000,US,0,US,M
2024,MI,FT,AI Engineer,171210,USD,171210,CA,0,CA,M
2024,MI,FT,AI Engineer,92190,USD,92190,CA,0,CA,M
2024,MI,FT,Data Scientist,138000,USD,138000,US,0,US,M
2024,MI,FT,Data Scientist,86000,USD,86000,US,0,US,M
2024,MI,FT,Data Scientist,175100,USD,175100,US,0,US,M
2024,MI,FT,Data Scientist,75705,USD,75705,US,0,US,M
2024,MI,FT,Machine Learning Engineer,220000,USD,220000,US,0,US,M
2024,MI,FT,Machine Learning Engineer,96600,USD,96600,US,0,US,M
2024,MI,FT,Data Engineer,140000,USD,140000,US,0,US,M
2024,MI,FT,Data Engineer,125000,USD,125000,US,0,US,M
2024,MI,FT,Software Engineer,170000,USD,170000,US,0,US,M
2024,MI,FT,Software Engineer,150000,USD,150000,US,0,US,M
2024,SE,FT,Backend Engineer,339250,USD,339250,US,0,US,M
2024,SE,FT,Backend Engineer,180000,USD,180000,US,0,US,M
2024,SE,FT,Data Architect,353500,USD,353500,US,0,US,M
2024,SE,FT,Data Architect,202500,USD,202500,US,0,US,M
2024,SE,FT,Data Scientist,235400,USD,235400,US,0,US,M
2024,SE,FT,Data Scientist,209720,USD,209720,US,0,US,M
2024,SE,FT,Data Engineer,220000,USD,220000,US,0,US,M
2024,SE,FT,Data Engineer,96600,USD,96600,US,0,US,M
2024,SE,FT,Data Engineer,195800,USD,195800,US,0,US,M
2024,SE,FT,Data Engineer,97497,USD,97497,US,0,US,M
2024,SE,FT,Data Engineer,166000,USD,166000,US,0,US,M
2024,SE,FT,Data Engineer,95000,USD,95000,US,0,US,M
2024,SE,FT,Data Engineer,237100,USD,237100,US,0,US,M
2024,SE,FT,Data Engineer,118094,USD,118094,US,0,US,M
2024,SE,FT,Data Lead,65500,GBP,81875,GB,0,GB,M
2024,SE,FT,Data Lead,42000,GBP,52500,GB,0,GB,M
2024,MI,FT,Analytics Engineer,160000,USD,160000,US,100,US,M
2024,MI,FT,Analytics Engineer,25000,USD,25000,US,100,US,M
2024,MI,FT,Analytics Engineer,160000,USD,160000,US,0,US,M
2024,MI,FT,Analytics Engineer,25000,USD,25000,US,0,US,M
2024,SE,FT,Data Scientist,260400,USD,260400,US,0,US,M
2024,SE,FT,Data Scientist,124800,USD,124800,US,0,US,M
2024,SE,FT,Data Scientist,185000,USD,185000,US,100,US,M
2024,SE,FT,Data Scientist,100200,USD,100200,US,100,US,M
2024,MI,FT,Data Quality Manager,145000,USD,145000,US,0,US,M
2024,MI,FT,Data Quality Manager,120000,USD,120000,US,0,US,M
2024,MI,FT,AI Engineer,124000,USD,124000,US,100,US,M
2024,MI,FT,AI Engineer,92000,USD,92000,US,100,US,M
2024,EN,FT,Data Analyst,34000,GBP,42500,GB,0,GB,M
2024,EN,FT,Data Analyst,31000,GBP,38750,GB,0,GB,M
2024,SE,FT,Data Analyst,170000,USD,170000,US,100,US,M
2024,SE,FT,Data Analyst,25000,USD,25000,US,100,US,M
2024,SE,FT,Data Analyst,170000,USD,170000,US,0,US,M
2024,SE,FT,Data Analyst,25000,USD,25000,US,0,US,M
2024,EN,FT,Data Analyst,170000,USD,170000,US,100,US,M
2024,EN,FT,Data Analyst,25000,USD,25000,US,100,US,M
2024,EN,FT,Data Analyst,170000,USD,170000,US,0,US,M
2024,EN,FT,Data Analyst,25000,USD,25000,US,0,US,M
2024,SE,FT,Data Architect,234000,USD,234000,US,0,US,M
2024,SE,FT,Data Architect,146000,USD,146000,US,0,US,M
2024,SE,FT,Data Architect,160000,USD,160000,US,0,US,M
2024,SE,FT,Data Architect,100000,USD,100000,US,0,US,M
2024,MI,FT,Research Scientist,200000,USD,200000,US,0,US,M
2024,MI,FT,Research Scientist,136000,USD,136000,US,0,US,M
2024,SE,FT,Research Analyst,350000,USD,350000,US,0,US,M
2024,SE,FT,Research Analyst,260000,USD,260000,US,0,US,M
2024,SE,FT,Software Engineer,179000,USD,179000,AU,0,AU,M
2024,SE,FT,Software Engineer,112000,USD,112000,AU,0,AU,M
2024,SE,FT,Software Developer,143300,USD,143300,US,0,US,M
2024,SE,FT,Software Developer,73200,USD,73200,US,0,US,M
2024,SE,FT,Research Scientist,195000,USD,195000,US,0,US,M
2024,SE,FT,Research Scientist,135000,USD,135000,US,0,US,M
2024,SE,FT,Software Engineer,173000,USD,173000,US,100,US,M
2024,SE,FT,Software Engineer,138400,USD,138400,US,100,US,M
2024,SE,FT,Software Engineer,284000,USD,284000,US,0,US,M
2024,SE,FT,Software Engineer,189000,USD,189000,US,0,US,M
2024,MI,FT,Machine Learning Scientist,179000,USD,179000,US,0,US,M
2024,MI,FT,Machine Learning Scientist,112000,USD,112000,US,0,US,M
2024,SE,FT,Machine Learning Engineer,251250,USD,251250,US,0,US,M
2024,SE,FT,Machine Learning Engineer,120750,USD,120750,US,0,US,M
2024,SE,FT,Data Engineer,139360,USD,139360,US,100,US,M
2024,SE,FT,Data Engineer,86840,USD,86840,US,100,US,M
2024,SE,FT,Data Engineer,206000,USD,206000,US,0,US,M
2024,SE,FT,Data Engineer,92700,USD,92700,US,0,US,M
2024,MI,FT,Data Engineer,137000,USD,137000,US,0,US,M
2024,MI,FT,Data Engineer,60400,USD,60400,US,0,US,M
2024,MI,FT,Data Engineer,172000,USD,172000,US,0,US,M
2024,MI,FT,Data Engineer,75600,USD,75600,US,0,US,M
2024,SE,FT,Data Scientist,172000,USD,172000,US,0,US,M
2024,SE,FT,Data Scientist,75600,USD,75600,US,0,US,M
2024,SE,FT,Data Scientist,210100,USD,210100,IT,100,IT,M
2024,SE,FT,Data Scientist,98000,USD,98000,IT,100,IT,M
2024,SE,FT,Data Scientist,206000,USD,206000,US,0,US,M
2024,SE,FT,Data Scientist,106605,USD,106605,US,0,US,M
2024,SE,FT,Data Scientist,206000,USD,206000,US,0,US,M
2024,SE,FT,Data Scientist,97335,USD,97335,US,0,US,M
2024,SE,FT,Data Architect,193000,USD,193000,US,0,US,M
2024,SE,FT,Data Architect,84600,USD,84600,US,0,US,M
2024,SE,FT,Data Manager,131200,USD,131200,US,100,US,M
2024,SE,FT,Data Manager,95300,USD,95300,US,100,US,M
2024,EN,FT,Data Analyst,122000,USD,122000,US,0,US,M
2024,EN,FT,Data Analyst,67725,USD,67725,US,0,US,M
2024,SE,FT,Research Analyst,154000,USD,154000,US,0,US,M
2024,SE,FT,Research Analyst,67700,USD,67700,US,0,US,M
2024,SE,FT,Business Intelligence Analyst,178200,USD,178200,US,0,US,M
2024,SE,FT,Business Intelligence Analyst,73800,USD,73800,US,0,US,M
2024,SE,FT,Software Engineer,165000,USD,165000,US,100,US,M
2024,SE,FT,Software Engineer,105000,USD,105000,US,100,US,M
2024,EN,FT,Data Analyst,142381,USD,142381,US,0,US,M
2024,EN,FT,Data Analyst,85428,USD,85428,US,0,US,M
2024,MI,FT,Machine Learning Engineer,179000,USD,179000,US,0,US,M
2024,MI,FT,Machine Learning Engineer,112000,USD,112000,US,0,US,M
2024,SE,FT,Machine Learning Engineer,380300,USD,380300,US,0,US,M
2024,SE,FT,Machine Learning Engineer,253500,USD,253500,US,0,US,M
2024,SE,FT,Machine Learning Platform Engineer,297000,USD,297000,US,0,US,M
2024,SE,FT,Machine Learning Platform Engineer,168300,USD,168300,US,0,US,M
2024,EN,FT,Data Analyst,80000,USD,80000,US,0,US,M
2024,EN,FT,Data Analyst,70000,USD,70000,US,0,US,M
2024,MI,FT,Data Engineer,207000,USD,207000,US,100,US,M
2024,MI,FT,Data Engineer,173000,USD,173000,US,100,US,M
2024,SE,FT,Software Engineer,165000,USD,165000,US,0,US,M
2024,SE,FT,Software Engineer,140000,USD,140000,US,0,US,M
2024,SE,FT,Solutions Architect,220800,USD,220800,US,0,US,M
2024,SE,FT,Solutions Architect,124800,USD,124800,US,0,US,M
2024,SE,FT,Solutions Architect,220800,USD,220800,US,0,US,M
2024,SE,FT,Solutions Architect,124800,USD,124800,US,0,US,M
2024,SE,FT,Solutions Architect,220800,USD,220800,US,0,US,M
2024,SE,FT,Solutions Architect,124800,USD,124800,US,0,US,M
2024,SE,FT,Site Reliability Engineer,199500,USD,199500,US,0,US,M
2024,SE,FT,Site Reliability Engineer,97400,USD,97400,US,0,US,M
2024,SE,FT,Site Reliability Engineer,215000,USD,215000,US,0,US,M
2024,SE,FT,Site Reliability Engineer,182700,USD,182700,US,0,US,M
2024,SE,FT,Site Reliability Engineer,247200,USD,247200,US,0,US,M
2024,SE,FT,Site Reliability Engineer,124373,USD,124373,US,0,US,M
2024,EX,FT,Software Developer,202500,USD,202500,US,0,US,M
2024,EX,FT,Software Developer,120000,USD,120000,US,0,US,M
2024,MI,FT,Data Analyst,55000,USD,55000,US,0,US,M
2024,MI,FT,Data Analyst,45000,USD,45000,US,0,US,M
2024,SE,FT,Data Analyst,220000,USD,220000,US,0,US,M
2024,SE,FT,Data Analyst,157000,USD,157000,US,0,US,M
2024,SE,FT,Data Analyst,220000,USD,220000,US,0,US,M
2024,SE,FT,Data Analyst,112000,USD,112000,US,0,US,M
2024,SE,FT,Data Analyst,128200,EUR,142444,IE,0,IE,M
2024,SE,FT,Data Analyst,85400,EUR,94888,IE,0,IE,M
2024,EN,FT,Data Analyst,85000,USD,85000,US,0,US,M
2024,EN,FT,Data Analyst,75000,USD,75000,US,0,US,M
2024,MI,FT,Data Analytics Manager,203900,USD,203900,US,0,US,M
2024,MI,FT,Data Analytics Manager,116600,USD,116600,US,0,US,M
2024,EN,FT,Data Analyst,90000,USD,90000,US,0,US,M
2024,EN,FT,Data Analyst,75000,USD,75000,US,0,US,M
2024,EN,FT,Data Analyst,93500,USD,93500,US,100,US,M
2024,EN,FT,Data Analyst,68000,USD,68000,US,100,US,M
2024,SE,FT,Data Analyst,179800,USD,179800,US,0,US,M
2024,SE,FT,Data Analyst,101600,USD,101600,US,0,US,M
2024,MI,FT,Data Analyst,112300,USD,112300,US,0,US,M
2024,MI,FT,Data Analyst,75100,USD,75100,US,0,US,M
2024,SE,FT,Principal Statistical Programmer,218000,USD,218000,US,0,US,M
2024,SE,FT,Principal Statistical Programmer,106200,USD,106200,US,0,US,M
2024,MI,FT,Software Engineer,184900,USD,184900,US,0,US,M
2024,MI,FT,Software Engineer,153000,USD,153000,US,0,US,M
2024,MI,FT,DevOps Engineer,119000,USD,119000,US,100,US,M
2024,MI,FT,DevOps Engineer,85000,USD,85000,US,100,US,M
2024,SE,FT,Business Intelligence Developer,160000,USD,160000,US,100,US,M
2024,SE,FT,Business Intelligence Developer,140000,USD,140000,US,100,US,M
2024,MI,FT,Data Scientist,281000,USD,281000,US,0,US,M
2024,MI,FT,Data Scientist,206000,USD,206000,US,0,US,M
2024,SE,FT,Software Engineer,337000,USD,337000,US,0,US,M
2024,SE,FT,Software Engineer,237000,USD,237000,US,0,US,M
2024,MI,FT,Data Engineer,279400,USD,279400,US,0,US,M
2024,MI,FT,Data Engineer,248920,USD,248920,US,0,US,M
2024,SE,FT,Data Engineer,273700,USD,273700,US,100,US,M
2024,SE,FT,Data Engineer,103700,USD,103700,US,100,US,M
2024,SE,FT,Data Engineer,230800,USD,230800,US,100,US,M
2024,SE,FT,Data Engineer,96200,USD,96200,US,100,US,M
2024,SE,FT,Data Management Analyst,121737,USD,121737,US,0,US,M
2024,SE,FT,Data Management Analyst,86955,USD,86955,US,0,US,M
2024,SE,FT,Data Scientist,223000,USD,223000,US,0,US,M
2024,SE,FT,Data Scientist,150000,USD,150000,US,0,US,M
2024,MI,FT,Data Scientist,187000,USD,187000,US,0,US,M
2024,MI,FT,Data Scientist,127000,USD,127000,US,0,US,M
2024,MI,FT,Data Scientist,118384,USD,118384,CA,0,CA,M
2024,MI,FT,Data Scientist,94707,USD,94707,CA,0,CA,M
2024,SE,FT,Data Scientist,750000,USD,750000,US,0,US,M
2024,SE,FT,Data Scientist,150000,USD,150000,US,0,US,M
2024,SE,FT,Data Scientist,153340,USD,153340,US,0,US,M
2024,SE,FT,Data Scientist,102193,USD,102193,US,0,US,M
2024,SE,FT,Data Scientist,88000,USD,88000,US,0,US,M
2024,SE,FT,Data Scientist,88000,USD,88000,US,0,US,M
2024,SE,FT,Data Scientist,247600,USD,247600,US,0,US,L
2024,SE,FT,Data Scientist,143300,USD,143300,US,0,US,L
2024,MI,FT,Research Engineer,256500,USD,256500,US,0,US,M
2024,MI,FT,Research Engineer,138900,USD,138900,US,0,US,M
2024,SE,FT,Applied Scientist,250200,USD,250200,US,0,US,M
2024,SE,FT,Applied Scientist,117200,USD,117200,US,0,US,M
2024,SE,FT,Data Governance Specialist,177372,USD,177372,US,0,US,M
2024,SE,FT,Data Governance Specialist,118248,USD,118248,US,0,US,M
2024,MI,FT,Software Engineer,208800,USD,208800,US,0,US,M
2024,MI,FT,Software Engineer,98300,USD,98300,US,0,US,M
2024,EX,FT,AI Engineer,202500,USD,202500,US,0,US,M
2024,EX,FT,AI Engineer,120000,USD,120000,US,0,US,M
2024,MI,FT,Software Engineer,130000,USD,130000,US,0,US,M
2024,MI,FT,Software Engineer,90000,USD,90000,US,0,US,M
2024,SE,FT,Software Engineer,173000,USD,173000,US,100,US,M
2024,SE,FT,Software Engineer,138400,USD,138400,US,100,US,M
2024,MI,FT,Software Engineer,208800,USD,208800,US,0,US,M
2024,MI,FT,Software Engineer,98300,USD,98300,US,0,US,M
2024,MI,FT,Software Engineer,240240,USD,240240,US,0,US,M
2024,MI,FT,Software Engineer,221814,USD,221814,US,0,US,M
2024,EN,FT,Software Developer,110000,USD,110000,CA,0,CA,M
2024,EN,FT,Software Developer,50500,USD,50500,CA,0,CA,M
2024,EN,FT,Software Engineer,135000,USD,135000,US,0,US,M
2024,MI,FT,Software Engineer,205000,USD,205000,US,0,US,M
2024,MI,FT,Software Engineer,155000,USD,155000,US,0,US,M
2024,MI,FT,Software Engineer,126500,USD,126500,US,0,US,M
2024,MI,FT,Software Engineer,93500,USD,93500,US,0,US,M
2024,SE,FT,Research Scientist,200000,USD,200000,US,0,US,M
2024,SE,FT,Research Scientist,136000,USD,136000,US,0,US,M
2024,SE,FT,Statistical Programmer,259400,USD,259400,US,0,US,M
2024,SE,FT,Statistical Programmer,164800,USD,164800,US,0,US,M
2024,MI,FT,Data Engineer,152950,USD,152950,US,0,US,M
2024,MI,FT,Data Engineer,105400,USD,105400,US,0,US,M
2024,EN,FT,Data Engineer,90300,USD,90300,US,0,US,M
2024,EN,FT,Data Engineer,50200,USD,50200,US,0,US,M
2024,MI,FT,Data Analyst,100000,USD,100000,US,0,US,M
2024,MI,FT,Data Analyst,66000,USD,66000,US,0,US,M
2024,SE,FT,Data Analyst,124800,USD,124800,US,0,US,M
2024,SE,FT,Data Analyst,67500,USD,67500,US,0,US,M
2024,MI,FT,Software Engineer,189750,USD,189750,US,0,US,M
2024,MI,FT,Software Engineer,120000,USD,120000,US,0,US,M
2024,SE,FT,Software Engineer,276000,USD,276000,US,0,US,M
2024,SE,FT,Software Engineer,148000,USD,148000,US,0,US,M
2024,SE,FT,Data Specialist,167900,USD,167900,US,0,US,M
2024,SE,FT,Data Specialist,89250,USD,89250,US,0,US,M
2024,MI,FT,Data Scientist,120800,USD,120800,US,0,US,M
2024,MI,FT,Data Scientist,73200,USD,73200,US,0,US,M
2024,EX,FT,Head of AI,300000,USD,300000,US,0,US,M
2024,EX,FT,Head of AI,207000,USD,207000,US,0,US,M
2024,MI,FT,Software Engineer,177100,USD,177100,US,0,US,M
2024,MI,FT,Software Engineer,112200,USD,112200,US,0,US,M
2024,MI,FT,Data Engineer,131800,USD,131800,US,0,US,M
2024,MI,FT,Data Engineer,61800,USD,61800,US,0,US,M
2024,MI,FT,Data Scientist,219000,USD,219000,US,0,US,M
2024,MI,FT,Data Scientist,170186,USD,170186,US,0,US,M
2024,MI,FT,Data Scientist,155900,USD,155900,US,0,US,M
2024,MI,FT,Data Scientist,84200,USD,84200,US,0,US,M
2024,MI,FT,Data Management Manager,75000,GBP,93750,GB,0,GB,M
2024,MI,FT,Data Management Manager,61641,GBP,77051,GB,0,GB,M
2024,MI,FT,Data Engineer,160000,USD,160000,US,100,US,M
2024,MI,FT,Data Engineer,95200,USD,95200,US,100,US,M
2024,SE,FT,Data Governance Engineer,145000,USD,145000,US,100,US,M
2024,SE,FT,Data Governance Engineer,115000,USD,115000,US,100,US,M
2024,SE,FT,Data Scientist,198000,USD,198000,US,100,US,M
2024,SE,FT,Data Scientist,138000,USD,138000,US,100,US,M
2024,SE,FT,Data Analyst,37404,EUR,41560,TR,0,TR,M
2024,SE,FT,Data Analyst,23556,EUR,26173,TR,0,TR,M
2024,SE,FT,Data Analyst,92592,EUR,102880,NL,0,NL,M
2024,SE,FT,Data Analyst,58332,EUR,64813,NL,0,NL,M
2024,SE,FT,Data Analyst,120000,USD,120000,US,0,US,M
2024,SE,FT,Data Analyst,80000,USD,80000,US,0,US,M
2024,EX,FT,Software Engineer,243300,USD,243300,US,0,US,M
2024,EX,FT,Software Engineer,131500,USD,131500,US,0,US,M
2024,MI,FT,Data Manager,50000,GBP,62500,GB,0,GB,M
2024,MI,FT,Data Manager,45000,GBP,56250,GB,0,GB,M
2024,MI,FT,Applied Scientist,159600,USD,159600,CA,0,CA,M
2024,MI,FT,Applied Scientist,83600,USD,83600,CA,0,CA,M
2024,SE,FT,Software Engineer,284000,USD,284000,US,0,US,M
2024,SE,FT,Software Engineer,189000,USD,189000,US,0,US,M
2024,MI,FT,Machine Learning Engineer,243300,USD,243300,US,0,US,M
2024,MI,FT,Machine Learning Engineer,131500,USD,131500,US,0,US,M
2024,SE,FT,Machine Learning Engineer,204600,USD,204600,US,0,US,M
2024,SE,FT,Machine Learning Engineer,84500,USD,84500,US,0,US,M
2024,SE,FT,Machine Learning Engineer,270000,USD,270000,US,0,US,M
2024,SE,FT,Machine Learning Engineer,230000,USD,230000,US,0,US,M
2024,SE,FT,Data Scientist,252000,USD,252000,US,0,US,M
2024,SE,FT,Data Scientist,168000,USD,168000,US,0,US,M
2024,EN,FT,Data Scientist,178200,USD,178200,US,0,US,M
2024,EN,FT,Data Scientist,73800,USD,73800,US,0,US,M
2024,MI,FT,Data Scientist,49000,GBP,61250,GB,0,GB,M
2024,MI,FT,Data Scientist,38000,GBP,47500,GB,0,GB,M
2024,MI,FT,Data Scientist,106890,USD,106890,CA,0,CA,M
2024,MI,FT,Data Scientist,88566,USD,88566,CA,0,CA,M
2024,SE,FT,Data Scientist,212810,USD,212810,US,100,US,M
2024,SE,FT,Data Scientist,114590,USD,114590,US,100,US,M
2024,SE,FT,Software Engineer,227740,USD,227740,US,0,US,M
2024,SE,FT,Software Engineer,170805,USD,170805,US,0,US,M
2024,SE,FT,Data Engineer,281000,USD,281000,US,0,US,M
2024,SE,FT,Data Engineer,206000,USD,206000,US,0,US,M
2024,SE,FT,Data Engineer,250200,USD,250200,US,0,US,M
2024,SE,FT,Data Engineer,117200,USD,117200,US,0,US,M
2024,SE,FT,Data Engineer,105000,USD,105000,US,100,US,M
2024,SE,FT,Data Engineer,75000,USD,75000,US,100,US,M
2024,SE,FT,Data Engineer,216000,USD,216000,US,0,US,M
2024,SE,FT,Data Engineer,135000,USD,135000,US,0,US,M
2024,MI,FT,Data Engineer,115000,USD,115000,US,100,US,M
2024,MI,FT,Data Engineer,98000,USD,98000,US,100,US,M
2024,MI,FT,AI Engineer,113600,USD,113600,US,0,US,M
2024,MI,FT,AI Engineer,68200,USD,68200,US,0,US,M
2024,MI,FT,AI Engineer,70000,GBP,87500,GB,0,GB,M
2024,MI,FT,AI Engineer,70000,GBP,87500,GB,0,GB,M
2024,MI,FT,Engineering Manager,290180,USD,290180,US,100,US,M
2024,MI,FT,Engineering Manager,274206,USD,274206,US,100,US,M
2024,MI,FT,Software Developer,110000,USD,110000,CA,0,CA,M
2024,MI,FT,Software Developer,81000,USD,81000,CA,0,CA,M
2024,SE,FT,Software Engineer,314400,USD,314400,US,0,US,M
2024,SE,FT,Software Engineer,161600,USD,161600,US,0,US,M
2024,SE,FT,Research Scientist,304000,USD,304000,US,0,US,M
2024,SE,FT,Research Scientist,190000,USD,190000,US,0,US,M
2024,SE,FT,Software Engineer,182400,USD,182400,US,0,US,M
2024,SE,FT,Software Engineer,136100,USD,136100,US,0,US,M
2024,SE,FT,Software Developer,81640,USD,81640,US,0,US,M
2024,SE,FT,Software Developer,52000,USD,52000,US,0,US,M
2024,MI,FT,Research Scientist,238600,USD,238600,US,0,US,M
2024,MI,FT,Research Scientist,112000,USD,112000,US,0,US,M
2024,SE,FT,Software Engineer,250200,USD,250200,US,0,US,M
2024,SE,FT,Software Engineer,117200,USD,117200,US,0,US,M
2024,SE,FT,Applied Scientist,281700,USD,281700,US,0,US,M
2024,SE,FT,Applied Scientist,137900,USD,137900,US,0,US,M
2024,SE,FT,Software Engineer,193000,USD,193000,US,100,US,M
2024,SE,FT,Software Engineer,123000,USD,123000,US,100,US,M
2024,SE,FT,Machine Learning Engineer,366000,USD,366000,US,0,US,M
2024,SE,FT,Machine Learning Engineer,208000,USD,208000,US,0,US,M
2024,SE,FT,Machine Learning Engineer,270400,USD,270400,US,0,US,M
2024,SE,FT,Machine Learning Engineer,145600,USD,145600,US,0,US,M
2024,SE,FT,Machine Learning Engineer,160000,USD,160000,US,0,US,M
2024,SE,FT,Machine Learning Engineer,160000,USD,160000,US,0,US,M
2024,SE,FT,Business Intelligence Engineer,108500,USD,108500,US,0,US,M
2024,SE,FT,Business Intelligence Engineer,78800,USD,78800,US,0,US,M
2024,MI,FT,Statistical Programmer,213400,USD,213400,US,0,US,M
2024,MI,FT,Statistical Programmer,135500,USD,135500,US,0,US,M
2024,SE,FT,Analytics Engineer,267800,USD,267800,US,0,US,M
2024,SE,FT,Analytics Engineer,118450,USD,118450,US,0,US,M
2024,SE,FT,Data Architect,174500,USD,174500,US,100,US,M
2024,SE,FT,Data Architect,126800,USD,126800,US,100,US,M
2024,MI,FT,Data Analyst,130365,USD,130365,US,0,US,M
2024,MI,FT,Data Analyst,79350,USD,79350,US,0,US,M
2024,SE,FT,Data Analyst,124331,USD,124331,US,100,US,M
2024,SE,FT,Data Analyst,82887,USD,82887,US,100,US,M
2024,SE,FT,Data Analyst,108500,USD,108500,US,100,US,M
2024,SE,FT,Data Analyst,78800,USD,78800,US,100,US,M
2024,MI,FT,Data Engineer,217800,USD,217800,US,0,US,M
2024,MI,FT,Data Engineer,108400,USD,108400,US,0,US,M
2024,MI,FT,Data Engineer,172000,USD,172000,US,0,US,M
2024,MI,FT,Data Engineer,75600,USD,75600,US,0,US,M
2024,MI,FT,Data Engineer,137000,USD,137000,US,0,US,M
2024,MI,FT,Data Engineer,60300,USD,60300,US,0,US,M
2024,MI,FT,Data Engineer,220000,USD,220000,EG,0,EG,M
2024,MI,FT,Data Engineer,96600,USD,96600,EG,0,EG,M
2024,MI,FT,Data Engineer,96000,USD,96000,US,0,US,M
2024,MI,FT,Data Engineer,47000,USD,47000,US,0,US,M
2024,SE,FT,Data Engineer,172000,USD,172000,US,0,US,M
2024,SE,FT,Data Engineer,75600,USD,75600,US,0,US,M
2024,MI,FT,Data Engineer,137000,USD,137000,US,0,US,M
2024,MI,FT,Data Engineer,60400,USD,60400,US,0,US,M
2024,MI,FT,Data Management Specialist,141450,USD,141450,US,0,US,M
2024,MI,FT,Data Management Specialist,104550,USD,104550,US,0,US,M
2024,SE,FT,Data Scientist,220000,USD,220000,US,0,US,M
2024,SE,FT,Data Scientist,96600,USD,96600,US,0,US,M
2024,SE,FT,Data Scientist,199700,USD,199700,US,0,US,M
2024,SE,FT,Data Scientist,165100,USD,165100,US,0,US,M
2024,MI,FT,Data Scientist,172000,USD,172000,US,100,US,M
2024,MI,FT,Data Scientist,75600,USD,75600,US,100,US,M
2024,MI,FT,Data Scientist,172000,USD,172000,US,0,US,M
2024,MI,FT,Data Scientist,75600,USD,75600,US,0,US,M
2024,SE,FT,Data Scientist,144300,USD,144300,US,100,US,M
2024,SE,FT,Data Scientist,104800,USD,104800,US,100,US,M
2024,SE,FT,Software Engineer,150875,USD,150875,US,0,US,M
2024,SE,FT,Software Engineer,119625,USD,119625,US,0,US,M
2024,MI,FT,Software Engineer,303000,USD,303000,US,0,US,M
2024,MI,FT,Software Engineer,172000,USD,172000,US,0,US,M
2024,MI,FT,Software Engineer,228000,USD,228000,US,0,US,M
2024,MI,FT,Software Engineer,129000,USD,129000,US,0,US,M
2024,SE,FT,Software Engineer,177100,USD,177100,US,0,US,M
2024,SE,FT,Software Engineer,130900,USD,130900,US,0,US,M
2024,SE,FT,Software Engineer,177100,USD,177100,US,0,US,M
2024,SE,FT,Software Engineer,112200,USD,112200,US,0,US,M
2024,MI,FT,Software Engineer,151800,USD,151800,US,0,US,M
2024,MI,FT,Software Engineer,112200,USD,112200,US,0,US,M
2024,SE,FT,Machine Learning Engineer,339250,USD,339250,US,0,US,M
2024,SE,FT,Machine Learning Engineer,180000,USD,180000,US,0,US,M
2024,MI,FT,Data Engineer,169000,USD,169000,US,0,US,M
2024,MI,FT,Data Engineer,106000,USD,106000,US,0,US,M
2024,MI,FT,Data Engineer,227700,USD,227700,US,0,US,M
2024,MI,FT,Data Engineer,125700,USD,125700,US,0,US,M
2024,SE,FT,Data Engineer,265200,USD,265200,US,0,US,M
2024,SE,FT,Data Engineer,125700,USD,125700,US,0,US,M
2024,MI,FT,Software Engineer,230000,USD,230000,US,0,US,M
2024,MI,FT,Software Engineer,120000,USD,120000,US,0,US,M
2024,SE,FT,Software Engineer,419750,USD,419750,US,0,US,M
2024,SE,FT,Software Engineer,272000,USD,272000,US,0,US,M
2024,EX,FT,Head of AI,290000,USD,290000,US,0,US,M
2024,EX,FT,Head of AI,232000,USD,232000,US,0,US,M
2024,MI,FT,Data Analyst,85000,USD,85000,US,0,US,M
2024,MI,FT,Data Analyst,70000,USD,70000,US,0,US,M
2024,SE,FT,Data Analyst,80000,USD,80000,US,0,US,M
2024,SE,FT,Data Analyst,21099,USD,21099,US,0,US,M
2024,SE,FT,Software Engineer,209000,USD,209000,US,0,US,M
2024,SE,FT,Software Engineer,148699,USD,148699,US,0,US,M
2024,MI,FT,Software Engineer,223600,USD,223600,US,100,US,L
2024,MI,FT,Software Engineer,129300,USD,129300,US,100,US,L
2024,SE,FT,Data Engineer,207000,USD,207000,US,0,US,M
2024,SE,FT,Data Engineer,140500,USD,140500,US,0,US,M
2024,MI,FT,Data Engineer,265000,USD,265000,US,0,US,M
2024,MI,FT,Data Engineer,164000,USD,164000,US,0,US,M
2024,SE,FT,Data Engineer,297000,USD,297000,US,0,US,M
2024,SE,FT,Data Engineer,138000,USD,138000,US,0,US,M
2024,MI,FT,Data Engineer,107000,USD,107000,CA,0,CA,M
2024,MI,FT,Data Engineer,90000,USD,90000,CA,0,CA,M
2024,SE,FT,Applied Scientist,190000,USD,190000,US,100,US,M
2024,SE,FT,Applied Scientist,130000,USD,130000,US,100,US,M
2024,SE,FT,Applied Scientist,260000,USD,260000,US,0,US,L
2024,SE,FT,Applied Scientist,150400,USD,150400,US,0,US,L
2024,SE,FT,Data Architect,173100,USD,173100,US,100,US,M
2024,SE,FT,Data Architect,108200,USD,108200,US,100,US,M
2024,SE,FT,Software Developer,169200,USD,169200,CA,0,CA,M
2024,SE,FT,Software Developer,106900,USD,106900,CA,0,CA,M
2024,SE,FT,Software Engineer,210700,USD,210700,US,0,US,M
2024,SE,FT,Software Engineer,110900,USD,110900,US,0,US,M
2024,SE,FT,Data Governance Engineer,145000,USD,145000,US,100,US,M
2024,SE,FT,Data Governance Engineer,115000,USD,115000,US,100,US,M
2024,SE,FT,Software Engineer,271000,USD,271000,US,0,US,M
2024,SE,FT,Software Engineer,244000,USD,244000,US,0,US,M
2024,SE,FT,Software Engineer,271000,USD,271000,US,0,US,M
2024,SE,FT,Software Engineer,244000,USD,244000,US,0,US,M
2024,EX,FT,Machine Learning Engineer,351000,USD,351000,US,0,US,M
2024,EX,FT,Machine Learning Engineer,171000,USD,171000,US,0,US,M
2024,SE,FT,Machine Learning Engineer,237000,USD,237000,US,100,US,M
2024,SE,FT,Machine Learning Engineer,161200,USD,161200,US,100,US,M
2024,SE,FT,Machine Learning Engineer,237000,USD,237000,US,0,US,M
2024,SE,FT,Machine Learning Engineer,161200,USD,161200,US,0,US,M
2024,SE,FT,Machine Learning Engineer,320000,USD,320000,US,100,US,M
2024,SE,FT,Machine Learning Engineer,217600,USD,217600,US,100,US,M
2024,SE,FT,Machine Learning Engineer,320000,USD,320000,US,0,US,M
2024,SE,FT,Machine Learning Engineer,217600,USD,217600,US,0,US,M
2024,SE,FT,Machine Learning Engineer,230000,USD,230000,US,100,US,M
2024,SE,FT,Machine Learning Engineer,185000,USD,185000,US,100,US,M
2024,SE,FT,Machine Learning Engineer,297000,USD,297000,US,0,US,M
2024,SE,FT,Machine Learning Engineer,168300,USD,168300,US,0,US,M
2024,MI,FT,AI Engineer,210000,USD,210000,GB,0,GB,M
2024,MI,FT,AI Engineer,50000,USD,50000,GB,0,GB,M
2024,EN,FT,AI Research Scientist,100000,USD,100000,DE,50,DE,M
2024,SE,FT,Data Scientist,305000,USD,305000,US,0,US,M
2024,SE,FT,Data Scientist,214000,USD,214000,US,0,US,M
2024,MI,FT,Data Scientist,173400,USD,173400,US,0,US,M
2024,MI,FT,Data Scientist,108400,USD,108400,US,0,US,M
2024,SE,FT,Data Scientist,99000,USD,99000,US,0,US,M
2024,SE,FT,Data Scientist,95000,USD,95000,US,0,US,M
2024,MI,FT,Data Scientist,170000,USD,170000,US,0,US,M
2024,MI,FT,Data Scientist,163238,USD,163238,US,0,US,M
2024,MI,FT,Data Scientist,109000,USD,109000,US,100,US,M
2024,MI,FT,Data Scientist,93000,USD,93000,US,100,US,M
2024,SE,FT,Data Scientist,304000,USD,304000,US,0,US,M
2024,SE,FT,Data Scientist,190000,USD,190000,US,0,US,M
2024,SE,FT,Data Scientist,118400,USD,118400,US,0,US,M
2024,SE,FT,Data Scientist,100700,USD,100700,US,0,US,M
2024,SE,FT,Data Scientist,224700,USD,224700,US,0,US,M
2024,SE,FT,Data Scientist,134700,USD,134700,US,0,US,M
2024,MI,FT,Data Scientist,146400,USD,146400,US,0,US,M
2024,MI,FT,Data Scientist,87200,USD,87200,US,0,US,M
2024,MI,FT,Data Scientist,162819,USD,162819,US,100,US,M
2024,MI,FT,Data Scientist,95776,USD,95776,US,100,US,M
2024,MI,FT,Data Scientist,167200,USD,167200,US,0,US,M
2024,MI,FT,Data Scientist,83600,USD,83600,US,0,US,M
2024,MI,FT,Machine Learning Model Engineer,280000,USD,280000,US,0,US,M
2024,MI,FT,Machine Learning Model Engineer,230000,USD,230000,US,0,US,M
2024,MI,FT,Data Specialist,34800,GBP,43500,GB,0,GB,M
2024,MI,FT,Data Specialist,24000,GBP,30000,GB,0,GB,M
2024,EN,FT,Insight Analyst,45000,GBP,56250,GB,0,GB,M
2024,EN,FT,Insight Analyst,35000,GBP,43750,GB,0,GB,M
2024,EX,FT,Data Engineer,142500,USD,142500,US,0,US,M
2024,EX,FT,Data Engineer,90000,USD,90000,US,0,US,M
2024,SE,FT,Data Engineer,179000,USD,179000,US,0,US,M
2024,SE,FT,Data Engineer,112000,USD,112000,US,0,US,M
2024,SE,FT,Data Engineer,228000,USD,228000,US,0,US,M
2024,SE,FT,Data Engineer,99500,USD,99500,US,0,US,M
2024,SE,FT,Data Engineer,179101,USD,179101,US,100,US,M
2024,SE,FT,Data Engineer,105353,USD,105353,US,100,US,M
2024,SE,FT,Data Engineer,143706,USD,143706,US,100,US,M
2024,SE,FT,Data Engineer,84533,USD,84533,US,100,US,M
2024,MI,FT,Data Analyst,168400,USD,168400,CA,0,CA,M
2024,MI,FT,Data Analyst,91000,USD,91000,CA,0,CA,M
2024,SE,FT,Data Analyst,142166,USD,142166,US,0,US,M
2024,SE,FT,Data Analyst,88854,USD,88854,US,0,US,M
2024,SE,FT,Data Analyst,194000,USD,194000,US,0,US,M
2024,SE,FT,Data Analyst,122000,USD,122000,US,0,US,M
2024,SE,FT,Data Architect,241600,USD,241600,US,0,US,M
2024,SE,FT,Data Architect,109800,USD,109800,US,0,US,M
2024,SE,FT,Research Scientist,173000,USD,173000,US,0,US,M
2024,SE,FT,Research Scientist,117000,USD,117000,US,0,US,M
2024,SE,FT,Research Scientist,337000,USD,337000,US,0,US,M
2024,SE,FT,Research Scientist,237000,USD,237000,US,0,US,M
2024,SE,FT,Software Engineer,276000,USD,276000,US,0,US,M
2024,SE,FT,Software Engineer,165000,USD,165000,US,0,US,M
2024,SE,FT,Applied Scientist,237000,USD,237000,US,0,US,M
2024,SE,FT,Applied Scientist,161200,USD,161200,US,0,US,M
2024,SE,FT,Software Engineer,155000,USD,155000,US,0,US,M
2024,SE,FT,Software Engineer,135000,USD,135000,US,0,US,M
2024,MI,FT,Software Engineer,208800,USD,208800,US,0,US,M
2024,MI,FT,Software Engineer,98300,USD,98300,US,0,US,M
2024,SE,FT,Software Developer,178300,USD,178300,US,0,US,M
2024,SE,FT,Software Developer,114100,USD,114100,US,0,US,M
2024,MI,FT,Software Engineer,208800,USD,208800,US,0,US,M
2024,MI,FT,Software Engineer,98300,USD,98300,US,0,US,M
2024,SE,FT,Software Developer,198300,USD,198300,US,0,US,M
2024,SE,FT,Software Developer,94400,USD,94400,US,0,US,M
2024,SE,FT,Software Engineer,223500,USD,223500,US,0,US,M
2024,SE,FT,Software Engineer,94200,USD,94200,US,0,US,M
2024,SE,FT,Software Engineer,178200,USD,178200,US,0,US,M
2024,SE,FT,Software Engineer,74800,USD,74800,US,0,US,M
2024,MI,FT,Software Engineer,208800,USD,208800,US,0,US,M
2024,MI,FT,Software Engineer,98300,USD,98300,US,0,US,M
2024,MI,FT,Artificial Intelligence Engineer,123000,USD,123000,US,0,US,M
2024,MI,FT,Artificial Intelligence Engineer,54000,USD,54000,US,0,US,M
2024,SE,FT,Data Lead,209660,USD,209660,US,0,US,M
2024,SE,FT,Data Lead,149240,USD,149240,US,0,US,M
2024,SE,FT,Data Analyst,128000,USD,128000,US,100,US,M
2024,SE,FT,Data Analyst,64000,USD,64000,US,100,US,M
2024,MI,FT,Data Analyst,130900,USD,130900,US,0,US,M
2024,MI,FT,Data Analyst,83100,USD,83100,US,0,US,M
2024,SE,FT,Data Analyst,158200,USD,158200,US,0,US,M
2024,SE,FT,Data Analyst,112600,USD,112600,US,0,US,M
2024,MI,FT,Software Engineer,193000,USD,193000,US,0,US,M
2024,MI,FT,Software Engineer,84600,USD,84600,US,0,US,M
2024,SE,FT,Software Engineer,165000,USD,165000,US,100,US,M
2024,SE,FT,Software Engineer,105000,USD,105000,US,100,US,M
2024,SE,FT,Data Scientist,193300,USD,193300,US,0,US,M
2024,SE,FT,Data Scientist,122800,USD,122800,US,0,US,M
2024,SE,FT,Data Engineer,180000,USD,180000,US,0,US,M
2024,SE,FT,Data Engineer,90000,USD,90000,US,0,US,M
2024,MI,FT,Data Engineer,172000,USD,172000,US,0,US,M
2024,MI,FT,Data Engineer,75600,USD,75600,US,0,US,M
2024,MI,FT,Principal Statistical Programmer,213400,USD,213400,US,0,US,M
2024,MI,FT,Principal Statistical Programmer,135500,USD,135500,US,0,US,M
2024,MI,FT,Machine Learning Engineer,123000,USD,123000,US,0,US,M
2024,MI,FT,Machine Learning Engineer,54000,USD,54000,US,0,US,M
2024,MI,FT,Business Intelligence Developer,187982,USD,187982,US,0,US,M
2024,MI,FT,Business Intelligence Developer,113928,USD,113928,US,0,US,M
2024,SE,FT,Business Intelligence Developer,200000,USD,200000,US,0,US,M
2024,SE,FT,Business Intelligence Developer,96000,USD,96000,US,0,US,M
2024,MI,FT,Data Scientist,128300,USD,128300,US,0,US,M
2024,MI,FT,Data Scientist,85500,USD,85500,US,0,US,M
2024,SE,FT,Data Scientist,286000,USD,286000,US,0,US,M
2024,SE,FT,Data Scientist,132000,USD,132000,US,0,US,M
2024,EN,FT,Data Scientist,137000,USD,137000,US,0,US,M
2024,EN,FT,Data Scientist,60400,USD,60400,US,0,US,M
2024,SE,FT,Data Scientist,259000,USD,259000,US,0,US,M
2024,SE,FT,Data Scientist,155000,USD,155000,US,0,US,M
2024,MI,FT,Data Scientist,188500,USD,188500,US,0,US,M
2024,MI,FT,Data Scientist,103000,USD,103000,US,0,US,M
2024,SE,FT,Data Scientist,119200,USD,119200,US,100,US,M
2024,SE,FT,Data Scientist,86600,USD,86600,US,100,US,M
2024,SE,FT,Data Scientist,206000,USD,206000,US,0,US,M
2024,SE,FT,Data Scientist,106605,USD,106605,US,0,US,M
2024,MI,FT,Data Scientist,107600,USD,107600,US,0,US,M
2024,MI,FT,Data Scientist,64600,USD,64600,US,0,US,M
2024,SE,FT,Business Intelligence Engineer,108500,USD,108500,US,100,US,M
2024,SE,FT,Business Intelligence Engineer,78800,USD,78800,US,100,US,M
2024,SE,FT,Applied Scientist,294000,USD,294000,US,0,US,M
2024,SE,FT,Applied Scientist,137600,USD,137600,US,0,US,M
2024,SE,FT,Software Engineer,199700,USD,199700,US,0,US,M
2024,SE,FT,Software Engineer,140000,USD,140000,US,0,US,M
2024,MI,FT,Software Engineer,228000,USD,228000,US,0,US,M
2024,MI,FT,Software Engineer,129000,USD,129000,US,0,US,M
2024,SE,FT,Software Engineer,229900,USD,229900,US,0,US,M
2024,SE,FT,Software Engineer,201400,USD,201400,US,0,US,M
2024,EN,FT,Machine Learning Engineer,164314,USD,164314,US,100,US,M
2024,EN,FT,Machine Learning Engineer,68405,USD,68405,US,100,US,M
2024,MI,FT,Machine Learning Engineer,126000,GBP,157500,GB,100,GB,M
2024,MI,FT,Machine Learning Engineer,117000,GBP,146250,GB,100,GB,M
2024,SE,FT,Software Engineer,243000,USD,243000,US,0,US,M
2024,SE,FT,Software Engineer,192000,USD,192000,US,0,US,M
2024,SE,FT,Machine Learning Engineer,243000,USD,243000,US,0,US,M
2024,SE,FT,Machine Learning Engineer,192000,USD,192000,US,0,US,M
2024,SE,FT,Machine Learning Engineer,286000,USD,286000,US,0,US,M
2024,SE,FT,Machine Learning Engineer,226000,USD,226000,US,0,US,M
2024,SE,FT,Machine Learning Engineer,219100,USD,219100,US,0,US,M
2024,SE,FT,Machine Learning Engineer,118500,USD,118500,US,0,US,M
2024,SE,FT,Machine Learning Engineer,219100,USD,219100,US,0,US,M
2024,SE,FT,Machine Learning Engineer,118500,USD,118500,US,0,US,M
2024,SE,FT,Machine Learning Engineer,284400,USD,284400,US,0,US,M
2024,SE,FT,Machine Learning Engineer,150700,USD,150700,US,0,US,M
2024,SE,FT,Machine Learning Engineer,284400,USD,284400,US,0,US,M
2024,SE,FT,Machine Learning Engineer,150700,USD,150700,US,0,US,M
2024,SE,FT,Machine Learning Engineer,284400,USD,284400,US,100,US,M
2024,SE,FT,Machine Learning Engineer,150700,USD,150700,US,100,US,M
2024,SE,FT,Machine Learning Manager,322300,USD,322300,US,0,US,M
2024,SE,FT,Machine Learning Manager,160200,USD,160200,US,0,US,M
2024,SE,FT,Machine Learning Engineer,219100,USD,219100,US,0,US,M
2024,SE,FT,Machine Learning Engineer,118500,USD,118500,US,0,US,M
2024,MI,FT,Machine Learning Manager,277900,USD,277900,US,0,US,M
2024,MI,FT,Machine Learning Manager,137500,USD,137500,US,0,US,M
2024,SE,FT,AI Architect,419750,USD,419750,US,0,US,M
2024,SE,FT,AI Architect,220000,USD,220000,US,0,US,M
2024,MI,FT,Data Engineer,169000,USD,169000,US,0,US,M
2024,MI,FT,Data Engineer,106000,USD,106000,US,0,US,M
2024,MI,FT,Data Engineer,198500,USD,198500,US,0,US,M
2024,MI,FT,Data Engineer,108000,USD,108000,US,0,US,M
2024,MI,FT,Software Engineer,200000,USD,200000,US,0,US,M
2024,MI,FT,Software Engineer,158000,USD,158000,US,0,US,M
2024,MI,FT,Software Engineer,200000,USD,200000,US,0,US,M
2024,MI,FT,Software Engineer,158000,USD,158000,US,0,US,M
2024,MI,FT,Software Engineer,200000,USD,200000,US,0,US,M
2024,MI,FT,Software Engineer,158000,USD,158000,US,0,US,M
2024,SE,FT,Applied Scientist,250900,USD,250900,US,0,US,M
2024,SE,FT,Applied Scientist,135200,USD,135200,US,0,US,M
2024,SE,FT,Applied Scientist,284400,USD,284400,US,0,US,M
2024,SE,FT,Applied Scientist,150700,USD,150700,US,0,US,M
2024,SE,FT,MLOps Engineer,250900,USD,250900,US,0,US,M
2024,SE,FT,MLOps Engineer,135200,USD,135200,US,0,US,M
2024,SE,FT,Software Engineer,243000,USD,243000,US,0,US,M
2024,SE,FT,Software Engineer,192000,USD,192000,US,0,US,M
2024,SE,FT,Software Engineer,286000,USD,286000,US,0,US,M
2024,SE,FT,Software Engineer,226000,USD,226000,US,0,US,M
2024,MI,FT,Data Analyst,140000,USD,140000,US,0,US,M
2024,MI,FT,Data Analyst,112000,USD,112000,US,0,US,M
2024,SE,FT,Data Scientist,210000,USD,210000,US,0,US,M
2024,SE,FT,Data Scientist,168000,USD,168000,US,0,US,M
2024,SE,FT,Data Scientist,243000,USD,243000,US,0,US,M
2024,SE,FT,Data Scientist,192000,USD,192000,US,0,US,M
2024,SE,FT,Data Scientist,232000,USD,232000,US,0,US,M
2024,SE,FT,Data Scientist,183000,USD,183000,US,0,US,M
2024,SE,FT,Data Scientist,232000,USD,232000,US,0,US,M
2024,SE,FT,Data Scientist,183000,USD,183000,US,0,US,M
2024,SE,FT,Data Scientist,229300,USD,229300,US,0,US,M
2024,SE,FT,Data Scientist,127300,USD,127300,US,0,US,M
2024,SE,FT,Software Engineer,243000,USD,243000,US,0,US,M
2024,SE,FT,Software Engineer,192000,USD,192000,US,0,US,M
2024,MI,FT,Software Engineer,200000,USD,200000,US,0,US,M
2024,MI,FT,Software Engineer,158000,USD,158000,US,0,US,M
2024,SE,FT,ML Infrastructure Engineer,284400,USD,284400,US,0,US,M
2024,SE,FT,ML Infrastructure Engineer,150700,USD,150700,US,0,US,M
2024,SE,FT,Software Engineer,286000,USD,286000,US,0,US,M
2024,SE,FT,Software Engineer,226000,USD,226000,US,0,US,M
2024,SE,FT,Business Intelligence Analyst,194000,USD,194000,US,0,US,M
2024,SE,FT,Business Intelligence Analyst,155000,USD,155000,US,0,US,M
2024,SE,FT,Software Engineer,243000,USD,243000,US,0,US,M
2024,SE,FT,Software Engineer,192000,USD,192000,US,0,US,M
2024,SE,FT,Software Engineer,243000,USD,243000,US,0,US,M
2024,SE,FT,Software Engineer,192000,USD,192000,US,0,US,M
2024,SE,FT,Research Scientist,321600,USD,321600,US,0,US,M
2024,SE,FT,Research Scientist,172500,USD,172500,US,0,US,M
2024,SE,FT,Software Engineer,200000,USD,200000,US,0,US,M
2024,SE,FT,Software Engineer,158000,USD,158000,US,0,US,M
2024,SE,FT,Software Engineer,243000,USD,243000,US,0,US,M
2024,SE,FT,Software Engineer,192000,USD,192000,US,0,US,M
2024,SE,FT,Research Scientist,243000,USD,243000,US,0,US,M
2024,SE,FT,Research Scientist,192000,USD,192000,US,0,US,M
2024,SE,FT,Research Scientist,200000,USD,200000,US,0,US,M
2024,SE,FT,Research Scientist,158000,USD,158000,US,0,US,M
2024,SE,FT,Software Engineer,270000,USD,270000,US,0,US,M
2024,SE,FT,Software Engineer,180000,USD,180000,US,0,US,M
2024,SE,FT,Research Scientist,200000,USD,200000,US,0,US,M
2024,SE,FT,Research Scientist,158000,USD,158000,US,0,US,M
2024,SE,FT,Research Scientist,362200,USD,362200,US,0,US,M
2024,SE,FT,Research Scientist,192500,USD,192500,US,0,US,M
2024,MI,FT,Analytics Engineer,150000,USD,150000,US,100,US,M
2024,MI,FT,Analytics Engineer,135000,USD,135000,US,100,US,M
2024,SE,FT,Data Analyst,204000,USD,204000,US,0,US,M
2024,SE,FT,Data Analyst,136500,USD,136500,US,0,US,M
2024,SE,FT,Data Analyst,221500,USD,221500,US,100,US,M
2024,SE,FT,Data Analyst,147700,USD,147700,US,100,US,M
2024,EN,FT,Data Analyst,24000,EUR,26666,AM,100,AM,M
2024,EN,FT,Data Analyst,14400,EUR,16000,AM,100,AM,M
2024,SE,FT,Data Analyst,150000,USD,150000,US,100,US,M
2024,SE,FT,Data Analyst,125000,USD,125000,US,100,US,M
2024,SE,FT,Data Analyst,150000,USD,150000,US,100,US,M
2024,SE,FT,Data Analyst,125000,USD,125000,US,100,US,M
2024,MI,FT,Data Engineer,190000,USD,190000,US,0,US,M
2024,MI,FT,Data Engineer,134000,USD,134000,US,0,US,M
2024,SE,FT,Data Engineer,160000,USD,160000,US,0,US,M
2024,SE,FT,Data Engineer,140000,USD,140000,US,0,US,M
2024,SE,FT,Data Engineer,285000,USD,285000,US,0,US,M
2024,SE,FT,Data Engineer,190000,USD,190000,US,0,US,M
2024,SE,FT,Data Engineer,120000,USD,120000,US,100,US,M
2024,SE,FT,Data Engineer,92186,USD,92186,US,100,US,M
2024,SE,FT,Data Scientist,175000,USD,175000,US,100,US,M
2024,SE,FT,Data Scientist,140000,USD,140000,US,100,US,M
2024,SE,FT,Data Scientist,286000,USD,286000,US,0,US,M
2024,SE,FT,Data Scientist,226000,USD,226000,US,0,US,M
2024,SE,FT,Data Scientist,172800,USD,172800,US,100,US,M
2024,SE,FT,Data Scientist,110000,USD,110000,US,100,US,M
2024,MI,FT,Data Scientist,135000,USD,135000,US,100,US,M
2024,MI,FT,Data Scientist,120000,USD,120000,US,100,US,M
2024,SE,FT,Data Scientist,272000,USD,272000,US,0,US,M
2024,SE,FT,Data Scientist,170000,USD,170000,US,0,US,M
2024,SE,FT,Data Scientist,302000,USD,302000,US,0,US,M
2024,SE,FT,Data Scientist,189000,USD,189000,US,0,US,M
2024,SE,FT,Data Scientist,302000,USD,302000,US,0,US,M
2024,SE,FT,Data Scientist,189000,USD,189000,US,0,US,M
2024,MI,FT,Data Scientist,229900,USD,229900,US,100,US,M
2024,MI,FT,Data Scientist,164200,USD,164200,US,100,US,M
2024,SE,FT,Data Scientist,301126,USD,301126,US,100,US,M
2024,SE,FT,Data Scientist,210788,USD,210788,US,100,US,M
2024,SE,FT,Data Scientist,218000,USD,218000,US,0,US,M
2024,SE,FT,Data Scientist,164000,USD,164000,US,0,US,M
2024,SE,FT,Data Scientist,182000,USD,182000,US,0,US,M
2024,SE,FT,Data Scientist,132500,USD,132500,US,0,US,M
2024,SE,FT,Data Scientist,200000,USD,200000,US,0,US,M
2024,SE,FT,Data Scientist,142500,USD,142500,US,0,US,M
2024,SE,FT,Data Scientist,239100,USD,239100,US,0,US,L
2024,SE,FT,Data Scientist,143200,USD,143200,US,0,US,L
2024,SE,FT,Software Engineer,316000,USD,316000,US,0,US,M
2024,SE,FT,Software Engineer,202000,USD,202000,US,0,US,M
2024,SE,FT,Software Engineer,270000,USD,270000,US,100,US,M
2024,SE,FT,Software Engineer,180000,USD,180000,US,100,US,M
2024,SE,FT,Machine Learning Engineer,126000,GBP,157500,GB,0,GB,M
2024,SE,FT,Machine Learning Engineer,117000,GBP,146250,GB,0,GB,M
2024,SE,FT,Machine Learning Engineer,220000,USD,220000,US,0,US,M
2024,SE,FT,Machine Learning Engineer,176000,USD,176000,US,0,US,M
2024,SE,FT,Software Engineer,243000,USD,243000,US,0,US,M
2024,SE,FT,Software Engineer,192000,USD,192000,US,0,US,M
2024,SE,FT,Software Engineer,269000,USD,269000,CA,100,CA,M
2024,SE,FT,Software Engineer,158000,USD,158000,CA,100,CA,M
2024,EN,FT,Software Engineer,140000,USD,140000,US,0,US,M
2024,EN,FT,Software Engineer,110000,USD,110000,US,0,US,M
2024,SE,FT,Software Engineer,222000,USD,222000,US,0,US,M
2024,SE,FT,Software Engineer,148000,USD,148000,US,0,US,M
2024,MI,FT,Software Engineer,166000,USD,166000,US,0,US,M
2024,MI,FT,Software Engineer,166000,USD,166000,US,0,US,M
2024,SE,FT,Backend Engineer,120000,USD,120000,CA,0,CA,M
2024,SE,FT,Backend Engineer,90000,USD,90000,CA,0,CA,M
2024,MI,FT,Backend Engineer,143750,USD,143750,US,0,US,M
2024,MI,FT,Backend Engineer,116979,USD,116979,US,0,US,M
2024,SE,FT,Backend Engineer,190000,USD,190000,US,100,US,M
2024,SE,FT,Backend Engineer,140000,USD,140000,US,100,US,M
2024,SE,FT,Backend Engineer,210000,USD,210000,US,0,US,M
2024,SE,FT,Backend Engineer,160000,USD,160000,US,0,US,M
2024,EN,FT,Data Engineer,187415,USD,187415,US,0,US,M
2024,EN,FT,Data Engineer,114080,USD,114080,US,0,US,M
2024,MI,FT,Data Engineer,196200,USD,196200,US,0,US,M
2024,MI,FT,Data Engineer,118800,USD,118800,US,0,US,M
2024,SE,FT,Machine Learning Engineer,231100,USD,231100,US,0,US,M
2024,SE,FT,Machine Learning Engineer,172300,USD,172300,US,0,US,M
2024,SE,FT,Software Engineer,284000,USD,284000,US,0,US,M
2024,SE,FT,Software Engineer,189000,USD,189000,US,0,US,M
2024,SE,FT,Data Scientist,206000,USD,206000,US,0,US,M
2024,SE,FT,Data Scientist,106605,USD,106605,US,0,US,M
2024,SE,FT,Software Engineer,339250,USD,339250,US,0,US,M
2024,SE,FT,Software Engineer,180000,USD,180000,US,0,US,M
2024,SE,FT,Software Engineer,276000,USD,276000,US,0,US,M
2024,SE,FT,Software Engineer,148000,USD,148000,US,0,US,M
2024,SE,FT,Data Governance Lead,160000,USD,160000,US,100,US,M
2024,SE,FT,Data Governance Lead,140000,USD,140000,US,100,US,M
2024,SE,FT,Software Engineer,258750,USD,258750,US,0,US,M
2024,SE,FT,Software Engineer,140000,USD,140000,US,0,US,M
2024,SE,FT,Software Engineer,200000,USD,200000,US,0,US,M
2024,SE,FT,Software Engineer,96000,USD,96000,US,0,US,M
2024,SE,FT,Software Engineer,218500,USD,218500,US,100,US,M
2024,SE,FT,Software Engineer,141100,USD,141100,US,100,US,M
2024,MI,FT,Data Specialist,77500,USD,77500,US,0,US,M
2024,MI,FT,Data Specialist,60000,USD,60000,US,0,US,M
2024,SE,FT,Data Scientist,273500,USD,273500,US,0,US,M
2024,SE,FT,Data Scientist,126600,USD,126600,US,0,US,M
2024,SE,FT,Data Scientist,242974,USD,242974,US,100,US,M
2024,SE,FT,Data Scientist,101239,USD,101239,US,100,US,M
2024,MI,FT,Machine Learning Scientist,200000,USD,200000,US,0,US,M
2024,MI,FT,Machine Learning Scientist,150000,USD,150000,US,0,US,M
2024,SE,FT,Machine Learning Engineer,126800,USD,126800,US,0,US,M
2024,SE,FT,Machine Learning Engineer,126800,USD,126800,US,0,US,M
2024,SE,FT,Machine Learning Engineer,215300,USD,215300,US,0,US,M
2024,SE,FT,Machine Learning Engineer,143500,USD,143500,US,0,US,M
2024,SE,FT,Analytics Engineer,50000,USD,50000,BR,100,BR,M
2024,SE,FT,Analytics Engineer,35000,USD,35000,BR,100,BR,M
2024,SE,FT,Analytics Engineer,70000,GBP,87500,GB,100,GB,M
2024,SE,FT,Analytics Engineer,70000,GBP,87500,GB,100,GB,M
2024,SE,FT,Data Scientist,225000,USD,225000,US,0,US,M
2024,SE,FT,Data Scientist,166000,USD,166000,US,0,US,M
2024,SE,FT,Data Scientist,190000,USD,190000,US,0,US,M
2024,SE,FT,Data Scientist,125800,USD,125800,US,0,US,M
2024,SE,FT,Data Scientist,220000,USD,220000,US,0,US,M
2024,SE,FT,Data Scientist,159400,USD,159400,US,0,US,M
2024,SE,FT,Data Scientist,228267,USD,228267,US,100,US,M
2024,SE,FT,Data Scientist,155636,USD,155636,US,100,US,M
2024,SE,FT,Applied Scientist,212800,USD,212800,US,0,US,L
2024,SE,FT,Applied Scientist,129400,USD,129400,US,0,US,L
2024,MI,FT,Applied Scientist,222200,USD,222200,US,0,US,L
2024,MI,FT,Applied Scientist,136000,USD,136000,US,0,US,L
2024,SE,FT,Data Analyst,180000,USD,180000,US,100,US,M
2024,SE,FT,Data Analyst,150000,USD,150000,US,100,US,M
2024,SE,FT,Software Engineer,180000,USD,180000,US,0,US,M
2024,SE,FT,Software Engineer,140000,USD,140000,US,0,US,M
2024,MI,FT,Data Engineer,185000,USD,185000,US,0,US,M
2024,MI,FT,Data Engineer,125000,USD,125000,US,0,US,M
2024,SE,FT,Data Engineer,285200,USD,285200,US,0,US,M
2024,SE,FT,Data Engineer,163000,USD,163000,US,0,US,M
2024,SE,FT,Data Engineer,316900,USD,316900,US,0,US,M
2024,SE,FT,Data Engineer,181100,USD,181100,US,0,US,M
2024,MI,FT,Data Engineer,119100,USD,119100,US,0,US,M
2024,MI,FT,Data Engineer,119100,USD,119100,US,0,US,M
2024,MI,FT,Data Engineer,119100,USD,119100,US,0,US,M
2024,MI,FT,Data Engineer,119100,USD,119100,US,0,US,M
2024,MI,FT,Engineering Manager,250000,USD,250000,US,100,US,M
2024,MI,FT,Engineering Manager,205000,USD,205000,US,100,US,M
2024,SE,FT,Data Engineer,140000,USD,140000,US,100,US,M
2024,SE,FT,Data Engineer,120000,USD,120000,US,100,US,M
2024,MI,FT,Data Engineer,65000,USD,65000,US,0,US,M
2024,MI,FT,Data Engineer,65000,USD,65000,US,0,US,M
2024,MI,FT,Business Intelligence Engineer,270000,USD,270000,US,0,US,M
2024,MI,FT,Business Intelligence Engineer,149400,USD,149400,US,0,US,M
2024,MI,FT,Software Engineer,200000,USD,200000,US,0,US,M
2024,MI,FT,Software Engineer,150000,USD,150000,US,0,US,M
2024,MI,FT,Software Engineer,175000,USD,175000,US,0,US,M
2024,MI,FT,Software Engineer,160000,USD,160000,US,0,US,M
2024,SE,FT,Software Engineer,283780,USD,283780,US,0,US,M
2024,SE,FT,Software Engineer,218540,USD,218540,US,0,US,M
2024,SE,FT,Business Intelligence Analyst,151400,USD,151400,US,0,US,M
2024,SE,FT,Business Intelligence Analyst,105200,USD,105200,US,0,US,M
2024,SE,FT,Software Engineer,245400,USD,245400,US,0,US,M
2024,SE,FT,Software Engineer,139000,USD,139000,US,0,US,M
2024,EN,FT,Data Analyst,208800,USD,208800,US,0,US,M
2024,EN,FT,Data Analyst,98300,USD,98300,US,0,US,M
2024,SE,FT,Research Scientist,200200,USD,200200,US,0,US,M
2024,SE,FT,Research Scientist,189245,USD,189245,US,0,US,M
2024,MI,FT,Engineering Manager,530000,USD,530000,US,0,US,M
2024,MI,FT,Engineering Manager,360000,USD,360000,US,0,US,M
2024,MI,FT,Engineering Manager,530000,USD,530000,US,0,US,M
2024,MI,FT,Engineering Manager,360000,USD,360000,US,0,US,M
2024,MI,FT,Engineering Manager,530000,USD,530000,US,0,US,M
2024,MI,FT,Engineering Manager,360000,USD,360000,US,0,US,M
2024,MI,FT,Data Engineer,190000,USD,190000,US,0,US,M
2024,MI,FT,Data Engineer,150000,USD,150000,US,0,US,M
2024,MI,FT,Data Engineer,135000,USD,135000,US,0,US,M
2024,MI,FT,Data Engineer,108000,USD,108000,US,0,US,M
2024,SE,FT,Data Analyst,132100,USD,132100,US,0,US,M
2024,SE,FT,Data Analyst,93700,USD,93700,US,0,US,M
2024,MI,FT,Engineering Manager,530000,USD,530000,US,0,US,M
2024,MI,FT,Engineering Manager,360000,USD,360000,US,0,US,M
2024,SE,FT,Data Quality Analyst,206500,USD,206500,US,0,US,M
2024,SE,FT,Data Quality Analyst,121500,USD,121500,US,0,US,M
2024,SE,FT,Cloud Database Administrator,196650,USD,196650,US,0,US,M
2024,SE,FT,Cloud Database Administrator,118150,USD,118150,US,0,US,M
2024,SE,FT,Cloud Database Administrator,138000,USD,138000,US,100,US,M
2024,SE,FT,Cloud Database Administrator,86000,USD,86000,US,100,US,M
2024,SE,FT,Data Scientist,203000,USD,203000,US,0,US,M
2024,SE,FT,Data Scientist,186846,USD,186846,US,0,US,M
2024,MI,FT,Data Scientist,158200,USD,158200,US,0,US,M
2024,MI,FT,Data Scientist,65600,USD,65600,US,0,US,M
2024,MI,FT,Computer Vision Engineer,208000,USD,208000,US,0,US,M
2024,MI,FT,Computer Vision Engineer,141340,USD,141340,US,0,US,M
2024,SE,FT,BI Analyst,162819,USD,162819,US,100,US,M
2024,SE,FT,BI Analyst,95776,USD,95776,US,100,US,M
2024,SE,FT,Data Scientist,197500,USD,197500,US,0,US,M
2024,SE,FT,Data Scientist,132500,USD,132500,US,0,US,M
2024,SE,FT,Data Scientist,181600,USD,181600,US,100,US,M
2024,SE,FT,Data Scientist,116100,USD,116100,US,100,US,M
2024,MI,FT,Data Scientist,119800,USD,119800,US,100,US,M
2024,MI,FT,Data Scientist,75000,USD,75000,US,100,US,M
2024,SE,FT,Data Scientist,177632,USD,177632,US,100,US,M
2024,SE,FT,Data Scientist,106371,USD,106371,US,100,US,M
2024,SE,FT,Machine Learning Engineer,280000,USD,280000,US,0,US,M
2024,SE,FT,Machine Learning Engineer,230000,USD,230000,US,0,US,M
2024,MI,FT,Data Scientist,154273,USD,154273,US,0,US,M
2024,MI,FT,Data Scientist,114028,USD,114028,US,0,US,M
2024,MI,FT,Data Strategist,202730,USD,202730,US,100,US,M
2024,MI,FT,Data Strategist,92118,USD,92118,US,100,US,M
2024,SE,FT,MLOps Engineer,314800,USD,314800,US,100,US,M
2024,SE,FT,MLOps Engineer,119200,USD,119200,US,100,US,M
2024,MI,FT,Data Engineer,106700,USD,106700,US,0,US,M
2024,MI,FT,Data Engineer,57700,USD,57700,US,0,US,M
2024,SE,FT,Applied Scientist,250200,USD,250200,US,0,US,M
2024,SE,FT,Applied Scientist,117200,USD,117200,US,0,US,M
2024,MI,FT,Data Analytics Manager,155000,USD,155000,US,0,US,M
2024,MI,FT,Data Analytics Manager,145000,USD,145000,US,0,US,M
2024,MI,FT,Data Analyst,223100,USD,223100,US,0,US,M
2024,MI,FT,Data Analyst,148200,USD,148200,US,0,US,M
2024,SE,FT,Data Analyst,158200,USD,158200,US,0,US,M
2024,SE,FT,Data Analyst,112600,USD,112600,US,0,US,M
2024,EN,FT,Data Analyst,150200,USD,150200,US,0,US,M
2024,EN,FT,Data Analyst,71500,USD,71500,US,0,US,M
2024,SE,FT,Machine Learning Engineer,250200,USD,250200,US,0,US,M
2024,SE,FT,Machine Learning Engineer,117200,USD,117200,US,0,US,M
2024,SE,FT,Machine Learning Engineer,366000,USD,366000,US,0,US,M
2024,SE,FT,Machine Learning Engineer,208000,USD,208000,US,0,US,M
2024,MI,FT,Business Intelligence Developer,40000,USD,40000,MX,0,MX,M
2024,MI,FT,Business Intelligence Developer,35000,USD,35000,MX,0,MX,M
2024,MI,FT,Research Scientist,208000,USD,208000,US,0,US,M
2024,MI,FT,Research Scientist,143000,USD,143000,US,0,US,M
2024,SE,FT,Research Scientist,250200,USD,250200,US,0,US,M
2024,SE,FT,Research Scientist,117200,USD,117200,US,0,US,M
2024,EN,FT,Research Analyst,100144,USD,100144,CA,0,CA,M
2024,EN,FT,Research Analyst,78308,USD,78308,CA,0,CA,M
2024,SE,FT,Data Engineer,235400,USD,235400,US,0,US,M
2024,SE,FT,Data Engineer,212109,USD,212109,US,0,US,M
2024,MI,FT,Data Engineer,165000,USD,165000,US,0,US,M
2024,MI,FT,Data Engineer,143000,USD,143000,US,0,US,M
2024,MI,FT,Data Engineer,284900,USD,284900,US,0,US,M
2024,MI,FT,Data Engineer,161700,USD,161700,US,0,US,M
2024,SE,FT,Data Engineer,149200,USD,149200,US,0,US,M
2024,SE,FT,Data Engineer,93400,USD,93400,US,0,US,M
2024,SE,FT,Data Engineer,136700,USD,136700,US,0,US,M
2024,SE,FT,Data Engineer,111900,USD,111900,US,0,US,M
2024,MI,FT,Data Engineer,45616,GBP,57020,GB,0,GB,M
2024,MI,FT,Data Engineer,39904,GBP,49880,GB,0,GB,M
2024,MI,FT,Data Engineer,150500,USD,150500,US,0,US,M
2024,MI,FT,Data Engineer,102500,USD,102500,US,0,US,M
2024,SE,FT,Data Engineer,230608,USD,230608,US,100,US,M
2024,SE,FT,Data Engineer,184486,USD,184486,US,100,US,M
2024,SE,FT,Data Engineer,199000,USD,199000,US,0,US,M
2024,SE,FT,Data Engineer,136038,USD,136038,US,0,US,M
2024,MI,FT,Data Engineer,40000,GBP,50000,GB,0,GB,M
2024,MI,FT,Data Engineer,40000,GBP,50000,GB,0,GB,M
2024,MI,FT,Data Engineer,120750,USD,120750,US,0,US,M
2024,MI,FT,Data Engineer,89250,USD,89250,US,0,US,M
2024,SE,FT,Machine Learning Engineer,188500,USD,188500,US,0,US,M
2024,SE,FT,Machine Learning Engineer,165100,USD,165100,US,0,US,M
2024,SE,FT,Software Engineer,250200,USD,250200,US,0,US,M
2024,SE,FT,Software Engineer,117200,USD,117200,US,0,US,M
2024,MI,FT,Software Developer,158200,USD,158200,US,0,US,M
2024,MI,FT,Software Developer,62100,USD,62100,US,0,US,M
2024,SE,FT,Software Developer,223500,USD,223500,US,0,US,M
2024,SE,FT,Software Developer,94200,USD,94200,US,0,US,M
2024,SE,FT,Software Engineer,253000,USD,253000,CA,0,CA,M
2024,SE,FT,Software Engineer,135800,USD,135800,CA,0,CA,M
2024,MI,FT,Data Analyst,140000,USD,140000,CA,0,CA,M
2024,MI,FT,Data Analyst,110000,USD,110000,CA,0,CA,M
2024,MI,FT,Robotics Engineer,256500,USD,256500,US,0,US,M
2024,MI,FT,Robotics Engineer,138900,USD,138900,US,0,US,M
2024,MI,FT,Software Developer,223500,USD,223500,US,0,US,M
2024,MI,FT,Software Developer,94200,USD,94200,US,0,US,M
2024,MI,FT,Software Engineer,208800,USD,208800,US,0,US,M
2024,MI,FT,Software Engineer,98300,USD,98300,US,0,US,M
2024,SE,FT,Software Engineer,178200,USD,178200,US,0,US,M
2024,SE,FT,Software Engineer,74800,USD,74800,US,0,US,M
2024,SE,FT,Data Scientist,158100,USD,158100,US,0,US,M
2024,SE,FT,Data Scientist,138500,USD,138500,US,0,US,M
2024,SE,FT,Software Engineer,308200,USD,308200,US,0,US,M
2024,SE,FT,Software Engineer,229800,USD,229800,US,0,US,M
2024,SE,FT,Data Scientist,234000,USD,234000,US,0,US,M
2024,SE,FT,Data Scientist,108000,USD,108000,US,0,US,M
2024,SE,FT,Data Scientist,286000,USD,286000,US,0,US,M
2024,SE,FT,Data Scientist,143000,USD,143000,US,0,US,M
2024,SE,FT,Data Scientist,172830,USD,172830,US,0,US,M
2024,SE,FT,Data Scientist,87978,USD,87978,US,0,US,M
2024,SE,FT,Software Engineer,339250,USD,339250,US,0,US,M
2024,SE,FT,Software Engineer,180000,USD,180000,US,0,US,M
2024,MI,FT,Data Engineer,137000,USD,137000,US,0,US,M
2024,MI,FT,Data Engineer,60300,USD,60300,US,0,US,M
2024,SE,FT,Data Engineer,200000,USD,200000,US,0,US,M
2024,SE,FT,Data Engineer,96000,USD,96000,US,0,US,M
2024,SE,FT,AI Architect,254400,USD,254400,US,100,US,M
2024,SE,FT,AI Architect,137000,USD,137000,US,100,US,M
2024,SE,FT,Research Analyst,180000,USD,180000,US,0,US,M
2024,SE,FT,Research Analyst,50000,USD,50000,US,0,US,M
2024,SE,FT,Research Analyst,172000,USD,172000,US,0,US,M
2024,SE,FT,Research Analyst,75600,USD,75600,US,0,US,M
2024,SE,FT,Data Analyst,155000,USD,155000,US,100,US,M
2024,SE,FT,Data Analyst,80000,USD,80000,US,100,US,M
2024,EN,FT,Data Analyst,137000,USD,137000,US,0,US,M
2024,EN,FT,Data Analyst,60400,USD,60400,US,0,US,M
2024,SE,FT,Data Analyst,180000,USD,180000,US,0,US,M
2024,SE,FT,Data Analyst,90000,USD,90000,US,0,US,M
2024,SE,FT,Software Engineer,276000,USD,276000,US,0,US,M
2024,SE,FT,Software Engineer,148000,USD,148000,US,0,US,M
2024,SE,FT,Machine Learning Scientist,220000,USD,220000,US,0,US,M
2024,SE,FT,Machine Learning Scientist,137500,USD,137500,US,0,US,M
2024,SE,FT,Software Engineer,286000,USD,286000,US,0,US,M
2024,SE,FT,Software Engineer,143000,USD,143000,US,0,US,M
2024,SE,FT,Software Engineer,210000,USD,210000,US,0,US,M
2024,SE,FT,Software Engineer,148000,USD,148000,US,0,US,M
2024,SE,FT,Software Engineer,199000,USD,199000,US,0,US,M
2024,SE,FT,Software Engineer,136038,USD,136038,US,0,US,M
2024,MI,FT,Engineering Manager,419750,USD,419750,US,0,US,M
2024,MI,FT,Engineering Manager,220000,USD,220000,US,0,US,M
2024,SE,FT,Software Engineer,177100,USD,177100,US,0,US,M
2024,SE,FT,Software Engineer,130900,USD,130900,US,0,US,M
2024,EN,FT,Data Scientist,172000,USD,172000,US,0,US,M
2024,EN,FT,Data Scientist,75600,USD,75600,US,0,US,M
2024,MI,FT,Software Engineer,240240,USD,240240,US,0,US,M
2024,MI,FT,Software Engineer,219221,USD,219221,US,0,US,M
2024,MI,FT,Software Engineer,200200,USD,200200,US,0,US,M
2024,MI,FT,Software Engineer,195474,USD,195474,US,0,US,M
2024,SE,FT,Software Engineer,240240,USD,240240,US,0,US,M
2024,SE,FT,Software Engineer,237900,USD,237900,US,0,US,M
2024,SE,FT,Data Scientist,192300,USD,192300,US,0,US,M
2024,SE,FT,Data Scientist,107900,USD,107900,US,0,US,M
2024,SE,FT,Data Scientist,196900,USD,196900,US,0,US,M
2024,SE,FT,Data Scientist,175420,USD,175420,US,0,US,M
2024,MI,FT,Data Scientist,209748,USD,209748,US,0,US,M
2024,MI,FT,Data Scientist,159832,USD,159832,US,0,US,M
2024,SE,FT,Data Governance Engineer,145000,USD,145000,US,100,US,M
2024,SE,FT,Data Governance Engineer,115000,USD,115000,US,100,US,M
2024,MI,FT,Engineering Manager,245500,USD,245500,US,100,US,M
2024,MI,FT,Engineering Manager,223000,USD,223000,US,100,US,M
2024,SE,FT,Engineering Manager,294000,USD,294000,US,0,US,M
2024,SE,FT,Engineering Manager,137600,USD,137600,US,0,US,M
2024,MI,FT,Engineering Manager,465000,USD,465000,US,0,US,M
2024,MI,FT,Engineering Manager,310000,USD,310000,US,0,US,M
2024,SE,FT,Data Governance Engineer,364100,USD,364100,US,0,US,M
2024,SE,FT,Data Governance Engineer,199800,USD,199800,US,0,US,M
2024,MI,FT,Research Scientist,208000,USD,208000,US,0,US,M
2024,MI,FT,Research Scientist,143000,USD,143000,US,0,US,M
2024,SE,FT,AI Engineer,185100,USD,185100,US,0,US,M
2024,SE,FT,AI Engineer,111100,USD,111100,US,0,US,M
2024,MI,FT,Software Engineer,200200,USD,200200,US,0,US,M
2024,MI,FT,Software Engineer,192871,USD,192871,US,0,US,M
2024,MI,FT,Data Scientist,223000,USD,223000,US,0,US,M
2024,MI,FT,Data Scientist,150000,USD,150000,US,0,US,M
2024,MI,FT,BI Developer,50000,GBP,62500,GB,0,GB,M
2024,MI,FT,BI Developer,45000,GBP,56250,GB,0,GB,M
2024,MI,FT,Data Engineer,45616,GBP,57020,GB,0,GB,M
2024,MI,FT,Data Engineer,39904,GBP,49880,GB,0,GB,M
2024,MI,FT,Data Engineer,184000,USD,184000,US,0,US,M
2024,MI,FT,Data Engineer,123000,USD,123000,US,0,US,M
2024,SE,FT,Data Engineer,178315,USD,178315,US,100,US,M
2024,SE,FT,Data Engineer,123830,USD,123830,US,100,US,M
2024,SE,FT,Data Engineer,183300,USD,183300,US,0,US,M
2024,SE,FT,Data Engineer,101400,USD,101400,US,0,US,M
2024,EN,FT,Data Engineer,57450,USD,57450,CA,0,CA,M
2024,EN,FT,Data Engineer,49107,USD,49107,CA,0,CA,M
2024,MI,FT,Data Engineer,182500,USD,182500,US,0,US,M
2024,MI,FT,Data Engineer,115000,USD,115000,US,0,US,M
2024,SE,FT,Data Engineer,194400,USD,194400,US,100,US,M
2024,SE,FT,Data Engineer,116600,USD,116600,US,100,US,M
2024,MI,FT,Data Engineer,187100,USD,187100,US,0,US,M
2024,MI,FT,Data Engineer,95000,USD,95000,US,0,US,M
2024,SE,FT,AI Developer,252000,USD,252000,US,0,US,M
2024,SE,FT,AI Developer,168000,USD,168000,US,0,US,M
2024,MI,FT,Data Specialist,97000,USD,97000,US,0,US,M
2024,MI,FT,Data Specialist,85000,USD,85000,US,0,US,M
2024,SE,FT,Data Analyst,74100,USD,74100,US,0,US,M
2024,SE,FT,Data Analyst,54400,USD,54400,US,0,US,M
2024,EN,FT,Data Analyst,88200,USD,88200,US,100,US,M
2024,EN,FT,Data Analyst,61700,USD,61700,US,100,US,M
2024,MI,FT,Data Analyst,105000,USD,105000,US,0,US,M
2024,MI,FT,Data Analyst,67000,USD,67000,US,0,US,M
2024,EN,FT,Data Analyst,70600,USD,70600,US,100,US,M
2024,EN,FT,Data Analyst,49400,USD,49400,US,100,US,M
2024,SE,FT,Data Scientist,281000,USD,281000,US,0,US,M
2024,SE,FT,Data Scientist,206000,USD,206000,US,0,US,M
2024,SE,FT,Data Scientist,281000,USD,281000,US,0,US,M
2024,SE,FT,Data Scientist,206000,USD,206000,US,0,US,M
2024,SE,FT,Data Scientist,128800,USD,128800,US,0,US,M
2024,SE,FT,Data Scientist,84000,USD,84000,US,0,US,M
2024,EX,FT,Data Scientist,291900,USD,291900,US,100,US,M
2024,EX,FT,Data Scientist,139300,USD,139300,US,100,US,M
2024,EN,FT,Data Scientist,208800,USD,208800,US,0,US,M
2024,EN,FT,Data Scientist,98300,USD,98300,US,0,US,M
2024,MI,FT,Data Scientist,260625,USD,260625,US,0,US,M
2024,MI,FT,Data Scientist,70800,USD,70800,US,0,US,M
2024,MI,FT,Data Scientist,139630,USD,139630,US,0,US,M
2024,MI,FT,Data Scientist,93101,USD,93101,US,0,US,M
2024,MI,FT,Research Scientist,173000,USD,173000,US,0,US,M
2024,MI,FT,Research Scientist,117000,USD,117000,US,0,US,M
2024,MI,FT,Research Scientist,200000,USD,200000,US,0,US,M
2024,MI,FT,Research Scientist,136000,USD,136000,US,0,US,M
2024,SE,FT,Data Quality Manager,184142,USD,184142,US,0,US,M
2024,SE,FT,Data Quality Manager,110261,USD,110261,US,0,US,M
2024,MI,FT,Software Engineer,208800,USD,208800,US,0,US,M
2024,MI,FT,Software Engineer,98300,USD,98300,US,0,US,M
2024,SE,FT,Software Engineer,282200,USD,282200,US,0,US,M
2024,SE,FT,Software Engineer,133600,USD,133600,US,0,US,M
2024,SE,FT,Software Engineer,250200,USD,250200,US,0,US,M
2024,SE,FT,Software Engineer,117200,USD,117200,US,0,US,M
2024,SE,FT,Software Engineer,342000,USD,342000,US,0,US,M
2024,SE,FT,Software Engineer,264000,USD,264000,US,0,US,M
2024,SE,FT,Software Engineer,158400,USD,158400,US,0,US,M
2024,SE,FT,Software Engineer,149165,USD,149165,US,0,US,M
2024,SE,FT,Software Engineer,190000,USD,190000,US,100,US,M
2024,SE,FT,Software Engineer,149000,USD,149000,US,100,US,M
2024,SE,FT,Software Engineer,176000,USD,176000,US,0,US,M
2024,SE,FT,Software Engineer,72700,USD,72700,US,0,US,M
2024,SE,FT,Software Developer,242000,USD,242000,US,0,US,M
2024,SE,FT,Software Developer,173000,USD,173000,US,0,US,M
2024,SE,FT,Software Engineer,199700,USD,199700,CA,0,CA,M
2024,SE,FT,Software Engineer,108100,USD,108100,CA,0,CA,M
2024,EN,FT,Software Engineer,150000,USD,150000,US,0,US,M
2024,EN,FT,Software Engineer,140000,USD,140000,US,0,US,M
2024,MI,FT,Business Intelligence Developer,159500,USD,159500,US,0,US,M
2024,MI,FT,Business Intelligence Developer,85000,USD,85000,US,0,US,M
2024,MI,FT,BI Developer,137000,USD,137000,US,0,US,M
2024,MI,FT,BI Developer,60400,USD,60400,US,0,US,M
2024,SE,FT,Data Analyst,172000,USD,172000,US,0,US,M
2024,SE,FT,Data Analyst,75600,USD,75600,US,0,US,M
2024,MI,FT,Data Analyst,102350,USD,102350,US,0,US,M
2024,MI,FT,Data Analyst,75650,USD,75650,US,0,US,M
2024,SE,FT,Data Analyst,90300,USD,90300,US,0,US,M
2024,SE,FT,Data Analyst,50200,USD,50200,US,0,US,M
2024,MI,FT,Software Engineer,192050,USD,192050,US,0,US,M
2024,MI,FT,Software Engineer,132250,USD,132250,US,0,US,M
2024,MI,FT,Data Analyst,132250,USD,132250,US,0,US,M
2024,MI,FT,Data Analyst,97750,USD,97750,US,0,US,M
2024,EN,FT,Analytics Engineer,100000,USD,100000,US,0,US,M
2024,EN,FT,Analytics Engineer,80000,USD,80000,US,0,US,M
2024,SE,FT,Business Intelligence Engineer,108500,USD,108500,US,100,US,M
2024,SE,FT,Business Intelligence Engineer,78800,USD,78800,US,100,US,M
2024,MI,FT,Research Scientist,170500,USD,170500,US,0,US,M
2024,MI,FT,Research Scientist,108500,USD,108500,US,0,US,M
2024,SE,FT,Research Analyst,200000,USD,200000,US,0,US,M
2024,SE,FT,Research Analyst,65000,USD,65000,US,0,US,M
2024,SE,FT,Data Visualization Specialist,166750,USD,166750,US,0,US,M
2024,SE,FT,Data Visualization Specialist,134597,USD,134597,US,0,US,M
2024,SE,FT,Software Engineer,225000,USD,225000,US,0,US,M
2024,SE,FT,Software Engineer,110000,USD,110000,US,0,US,M
2024,EN,FT,Data Architect,190000,USD,190000,US,0,US,M
2024,EN,FT,Data Architect,170000,USD,170000,US,0,US,M
2024,SE,FT,Data Architect,172500,USD,172500,US,0,US,M
2024,SE,FT,Data Architect,127500,USD,127500,US,0,US,M
2024,MI,FT,Machine Learning Engineer,144200,USD,144200,US,0,US,M
2024,MI,FT,Machine Learning Engineer,72100,USD,72100,US,0,US,M
2024,MI,FT,Machine Learning Engineer,150000,USD,150000,GB,0,GB,M
2024,MI,FT,Machine Learning Engineer,120000,USD,120000,GB,0,GB,M
2024,SE,FT,Data Engineer,220500,USD,220500,US,0,US,M
2024,SE,FT,Data Engineer,120500,USD,120500,US,0,US,M
2024,SE,FT,Data Engineer,264800,USD,264800,US,0,US,M
2024,SE,FT,Data Engineer,172900,USD,172900,US,0,US,M
2024,SE,FT,Data Engineer,264800,USD,264800,US,0,US,M
2024,SE,FT,Data Engineer,172900,USD,172900,US,0,US,M
2024,SE,FT,Data Engineer,172500,USD,172500,US,0,US,M
2024,SE,FT,Data Engineer,127500,USD,127500,US,0,US,M
2024,SE,FT,Data Scientist,180000,USD,180000,US,0,US,M
2024,SE,FT,Data Scientist,90000,USD,90000,US,0,US,M
2024,MI,FT,Data Scientist,155900,USD,155900,US,0,US,M
2024,MI,FT,Data Scientist,93500,USD,93500,US,0,US,M
2024,MI,FT,Data Scientist,172000,USD,172000,US,0,US,M
2024,MI,FT,Data Scientist,75600,USD,75600,US,0,US,M
2024,EN,FT,Software Engineer,172000,USD,172000,US,0,US,M
2024,EN,FT,Software Engineer,75600,USD,75600,US,0,US,M
2024,MI,FT,Software Engineer,123050,USD,123050,US,0,US,M
2024,MI,FT,Software Engineer,90950,USD,90950,US,0,US,M
2024,MI,FT,Software Engineer,151800,USD,151800,US,0,US,M
2024,MI,FT,Software Engineer,112200,USD,112200,US,0,US,M
2024,MI,FT,Software Engineer,128000,USD,128000,US,0,US,M
2024,MI,FT,Software Engineer,64000,USD,64000,US,0,US,M
2024,MI,FT,Machine Learning Engineer,133000,USD,133000,US,100,US,M
2024,MI,FT,Machine Learning Engineer,133000,USD,133000,US,100,US,M
2024,SE,FT,Data Scientist,150000,USD,150000,US,0,US,M
2024,SE,FT,Data Scientist,85000,USD,85000,US,0,US,M
2024,SE,FT,Research Engineer,232000,USD,232000,US,0,US,M
2024,SE,FT,Research Engineer,210000,USD,210000,US,0,US,M
2024,SE,FT,Research Engineer,232000,USD,232000,US,0,US,M
2024,SE,FT,Research Engineer,210000,USD,210000,US,0,US,M
2024,SE,FT,Research Engineer,200000,USD,200000,US,0,US,M
2024,SE,FT,Research Engineer,160000,USD,160000,US,0,US,M
2024,SE,FT,Research Scientist,240240,USD,240240,US,0,US,M
2024,SE,FT,Research Scientist,217558,USD,217558,US,0,US,M
2024,SE,FT,Research Scientist,294000,USD,294000,US,0,US,M
2024,SE,FT,Research Scientist,137600,USD,137600,US,0,US,M
2024,MI,FT,Data Specialist,125800,USD,125800,US,0,US,M
2024,MI,FT,Data Specialist,93000,USD,93000,US,0,US,M
2024,SE,FT,Data Engineer,161500,USD,161500,US,0,US,M
2024,SE,FT,Data Engineer,138200,USD,138200,US,0,US,M
2024,SE,FT,Analytics Engineer,243400,USD,243400,US,0,US,M
2024,SE,FT,Analytics Engineer,187300,USD,187300,US,0,US,M
2024,SE,FT,Data Scientist,199500,USD,199500,US,100,US,M
2024,SE,FT,Data Scientist,86700,USD,86700,US,100,US,M
2024,SE,FT,Software Engineer,259000,USD,259000,US,0,US,M
2024,SE,FT,Software Engineer,204000,USD,204000,US,0,US,M
2024,SE,FT,Software Engineer,276000,USD,276000,US,0,US,M
2024,SE,FT,Software Engineer,148000,USD,148000,US,0,US,M
2024,SE,FT,Software Engineer,172000,USD,172000,US,100,US,M
2024,SE,FT,Software Engineer,103200,USD,103200,US,100,US,M
2024,SE,FT,Software Engineer,267100,USD,267100,US,100,US,M
2024,SE,FT,Software Engineer,190800,USD,190800,US,100,US,M
2024,SE,FT,Solutions Architect,276000,USD,276000,US,100,US,M
2024,SE,FT,Solutions Architect,180000,USD,180000,US,100,US,M
2024,EX,FT,Data Integration Engineer,180000,USD,180000,US,0,US,M
2024,EX,FT,Data Integration Engineer,150000,USD,150000,US,0,US,M
2024,MI,FT,Data Scientist,135000,USD,135000,US,100,US,M
2024,MI,FT,Data Scientist,108000,USD,108000,US,100,US,M
2024,MI,FT,Decision Scientist,175100,USD,175100,US,0,US,M
2024,MI,FT,Decision Scientist,75705,USD,75705,US,0,US,M
2024,SE,FT,Data Analyst,137600,USD,137600,US,0,US,M
2024,SE,FT,Data Analyst,91000,USD,91000,US,0,US,M
2024,MI,FT,Data Analyst,140000,USD,140000,US,0,US,M
2024,MI,FT,Data Analyst,95000,USD,95000,US,0,US,M
2024,EN,FT,Data Analyst,105000,USD,105000,US,0,US,M
2024,EN,FT,Data Analyst,70000,USD,70000,US,0,US,M
2024,SE,FT,Data Analyst,116800,USD,116800,US,0,US,M
2024,SE,FT,Data Analyst,87600,USD,87600,US,0,US,M
2024,MI,FT,Data Analyst,103300,USD,103300,US,0,US,M
2024,MI,FT,Data Analyst,76100,USD,76100,US,0,US,M
2024,SE,FT,Data Analyst,147500,USD,147500,US,0,US,M
2024,SE,FT,Data Analyst,85000,USD,85000,US,0,US,M
2024,EN,FT,Data Analyst,132000,USD,132000,US,0,US,M
2024,EN,FT,Data Analyst,97000,USD,97000,US,0,US,M
2024,EN,FT,Data Analyst,170500,USD,170500,US,0,US,M
2024,EN,FT,Data Analyst,89000,USD,89000,US,0,US,M
2024,EN,FT,Data Analyst,85000,USD,85000,US,0,US,M
2024,EN,FT,Data Analyst,75000,USD,75000,US,0,US,M
2024,EN,FT,Data Analyst,124000,USD,124000,US,0,US,M
2024,EN,FT,Data Analyst,84000,USD,84000,US,0,US,M
2024,MI,FT,Data Analyst,143100,USD,143100,US,0,US,L
2024,MI,FT,Data Analyst,66900,USD,66900,US,0,US,L
2024,EN,FT,Data Analyst,203280,USD,203280,US,0,US,M
2024,EN,FT,Data Analyst,181479,USD,181479,US,0,US,M
2024,EN,FT,Data Analyst,92300,USD,92300,US,0,US,M
2024,EN,FT,Data Analyst,82000,USD,82000,US,0,US,M
2024,SE,FT,Data Quality Engineer,136700,USD,136700,US,0,US,M
2024,SE,FT,Data Quality Engineer,111900,USD,111900,US,0,US,M
2024,MI,FT,Research Analyst,120000,USD,120000,US,0,US,M
2024,MI,FT,Research Analyst,90000,USD,90000,US,0,US,M
2024,SE,FT,Software Engineer,276000,USD,276000,US,0,US,M
2024,SE,FT,Software Engineer,148000,USD,148000,US,0,US,M
2024,SE,FT,Software Engineer,339250,USD,339250,US,0,US,M
2024,SE,FT,Software Engineer,180000,USD,180000,US,0,US,M
2024,SE,FT,Data Scientist,322000,USD,322000,US,0,US,M
2024,SE,FT,Data Scientist,168000,USD,168000,US,0,US,M
2024,SE,FT,Data Scientist,281000,USD,281000,US,0,US,M
2024,SE,FT,Data Scientist,206000,USD,206000,US,0,US,M
2024,SE,FT,Data Scientist,281000,USD,281000,US,0,US,M
2024,SE,FT,Data Scientist,206000,USD,206000,US,0,US,M
2024,MI,FT,Data Scientist,223000,USD,223000,US,0,US,M
2024,MI,FT,Data Scientist,150000,USD,150000,US,0,US,M
2024,SE,FT,Data Scientist,227900,USD,227900,US,0,US,M
2024,SE,FT,Data Scientist,126600,USD,126600,US,0,US,M
2024,SE,FT,Data Scientist,239000,USD,239000,US,0,US,M
2024,SE,FT,Data Scientist,177000,USD,177000,US,0,US,M
2024,MI,FT,Data Scientist,160000,USD,160000,US,0,US,M
2024,MI,FT,Data Scientist,136000,USD,136000,US,0,US,M
2024,SE,FT,Data Scientist,195000,USD,195000,US,100,US,M
2024,SE,FT,Data Scientist,95000,USD,95000,US,100,US,M
2024,SE,FT,Data Scientist,252000,USD,252000,US,0,US,M
2024,SE,FT,Data Scientist,168000,USD,168000,US,0,US,M
2024,SE,FT,Data Scientist,265200,USD,265200,US,0,US,M
2024,SE,FT,Data Scientist,176800,USD,176800,US,0,US,M
2024,MI,FT,Data Scientist,235400,USD,235400,US,0,US,M
2024,MI,FT,Data Scientist,214127,USD,214127,US,0,US,M
2024,SE,FT,Data Scientist,243300,USD,243300,US,0,US,M
2024,SE,FT,Data Scientist,131500,USD,131500,US,0,US,M
2024,MI,FT,Data Scientist,155000,USD,155000,US,0,US,M
2024,MI,FT,Data Scientist,124000,USD,124000,US,0,US,M
2024,MI,FT,Data Scientist,235400,USD,235400,US,0,US,M
2024,MI,FT,Data Scientist,209720,USD,209720,US,0,US,M
2024,MI,FT,Data Scientist,196900,USD,196900,US,0,US,M
2024,MI,FT,Data Scientist,175457,USD,175457,US,0,US,M
2024,MI,FT,Data Scientist,235400,USD,235400,US,0,US,M
2024,MI,FT,Data Scientist,209720,USD,209720,US,0,US,M
2024,SE,FT,Data Scientist,235400,USD,235400,US,0,US,M
2024,SE,FT,Data Scientist,212109,USD,212109,US,0,US,M
2024,SE,FT,Data Scientist,196900,USD,196900,US,0,US,M
2024,SE,FT,Data Scientist,183503,USD,183503,US,0,US,M
2024,SE,FT,Data Scientist,266000,USD,266000,US,0,US,M
2024,SE,FT,Data Scientist,177000,USD,177000,US,0,US,M
2024,SE,FT,Data Scientist,323400,USD,323400,US,0,US,M
2024,SE,FT,Data Scientist,185800,USD,185800,US,0,US,M
2024,SE,FT,Data Scientist,265200,USD,265200,US,100,US,M
2024,SE,FT,Data Scientist,176800,USD,176800,US,100,US,M
2024,SE,FT,Data Scientist,234000,USD,234000,US,0,US,M
2024,SE,FT,Data Scientist,108000,USD,108000,US,0,US,M
2024,SE,FT,Data Scientist,196900,USD,196900,US,0,US,M
2024,SE,FT,Data Scientist,180393,USD,180393,US,0,US,M
2024,SE,FT,Data Scientist,196900,USD,196900,US,0,US,M
2024,SE,FT,Data Scientist,175420,USD,175420,US,0,US,M
2024,MI,FT,Data Scientist,235400,USD,235400,US,0,US,M
2024,MI,FT,Data Scientist,225624,USD,225624,US,0,US,M
2024,SE,FT,Data Scientist,235400,USD,235400,US,0,US,M
2024,SE,FT,Data Scientist,209720,USD,209720,US,0,US,M
2024,SE,FT,Data Scientist,196900,USD,196900,US,0,US,M
2024,SE,FT,Data Scientist,178418,USD,178418,US,0,US,M
2024,SE,FT,Data Scientist,235400,USD,235400,US,0,US,M
2024,SE,FT,Data Scientist,209720,USD,209720,US,0,US,M
2024,SE,FT,Data Scientist,196900,USD,196900,US,0,US,M
2024,SE,FT,Data Scientist,183552,USD,183552,US,0,US,M
2024,MI,FT,Data Scientist,235400,USD,235400,US,0,US,M
2024,MI,FT,Data Scientist,209720,USD,209720,US,0,US,M
2024,MI,FT,Data Modeler,105000,USD,105000,US,0,US,M
2024,MI,FT,Data Modeler,80000,USD,80000,US,0,US,M
2024,SE,FT,Applied Scientist,219100,USD,219100,US,0,US,M
2024,SE,FT,Applied Scientist,118500,USD,118500,US,0,US,M
2024,MI,FT,Applied Scientist,222200,USD,222200,US,0,US,L
2024,MI,FT,Applied Scientist,136000,USD,136000,US,0,US,L
2024,SE,FT,Applied Scientist,260000,USD,260000,US,0,US,L
2024,SE,FT,Applied Scientist,150400,USD,150400,US,0,US,L
2024,SE,FT,Applied Scientist,260000,USD,260000,US,0,US,L
2024,SE,FT,Applied Scientist,150400,USD,150400,US,0,US,L
2024,MI,FT,Business Intelligence Developer,159500,USD,159500,US,0,US,M
2024,MI,FT,Business Intelligence Developer,85000,USD,85000,US,0,US,M
2024,SE,FT,BI Analyst,100000,USD,100000,US,0,US,M
2024,SE,FT,BI Analyst,80000,USD,80000,US,0,US,M
2024,MI,FT,Software Engineer,200200,USD,200200,US,0,US,M
2024,MI,FT,Software Engineer,192871,USD,192871,US,0,US,M
2024,SE,FT,Machine Learning Engineer,331640,USD,331640,US,0,US,M
2024,SE,FT,Machine Learning Engineer,283780,USD,283780,US,0,US,M
2024,SE,FT,Machine Learning Engineer,230000,USD,230000,US,0,US,M
2024,SE,FT,Machine Learning Engineer,160000,USD,160000,US,0,US,M
2024,EN,FT,Software Engineer,216000,USD,216000,US,0,US,M
2024,EN,FT,Software Engineer,144000,USD,144000,US,0,US,M
2024,EN,FT,Software Engineer,195000,USD,195000,US,0,US,M
2024,EN,FT,Software Engineer,130000,USD,130000,US,0,US,M
2024,EN,FT,Software Engineer,216000,USD,216000,US,0,US,M
2024,EN,FT,Software Engineer,144000,USD,144000,US,0,US,M
2024,SE,FT,Data Engineer,140000,USD,140000,US,0,US,M
2024,SE,FT,Data Engineer,140000,USD,140000,US,0,US,M
2024,SE,FT,Machine Learning Engineer,190000,USD,190000,US,100,US,M
2024,SE,FT,Machine Learning Engineer,140000,USD,140000,US,100,US,M
2024,MI,FT,Machine Learning Platform Engineer,220000,USD,220000,US,0,US,M
2024,MI,FT,Machine Learning Platform Engineer,150000,USD,150000,US,0,US,M
2024,SE,FT,Machine Learning Scientist,200000,USD,200000,US,0,US,M
2024,SE,FT,Machine Learning Scientist,135000,USD,135000,US,0,US,M
2024,SE,FT,Software Engineer,290180,USD,290180,US,0,US,M
2024,SE,FT,Software Engineer,258524,USD,258524,US,0,US,M
2024,SE,FT,Data Engineer,180000,USD,180000,US,0,US,M
2024,SE,FT,Data Engineer,130000,USD,130000,US,0,US,M
2024,SE,FT,Data Engineer,180000,USD,180000,US,0,US,M
2024,SE,FT,Data Engineer,130000,USD,130000,US,0,US,M
2024,SE,FT,Data Engineer,180000,USD,180000,US,0,US,M
2024,SE,FT,Data Engineer,130000,USD,130000,US,0,US,M
2024,SE,FT,Data Engineer,221000,USD,221000,US,0,US,M
2024,SE,FT,Data Engineer,138000,USD,138000,US,0,US,M
2024,SE,FT,Data Engineer,128000,USD,128000,US,0,US,M
2024,SE,FT,Data Engineer,81500,USD,81500,US,0,US,M
2024,SE,FT,Data Engineer,217100,USD,217100,US,0,US,M
2024,SE,FT,Data Engineer,116900,USD,116900,US,0,US,M
2024,SE,FT,Data Engineer,235400,USD,235400,US,0,US,M
2024,SE,FT,Data Engineer,209720,USD,209720,US,0,US,M
2024,SE,FT,Data Engineer,300000,USD,300000,US,0,US,M
2024,SE,FT,Data Engineer,235000,USD,235000,US,0,US,M
2024,SE,FT,Data Engineer,156200,USD,156200,US,0,US,M
2024,SE,FT,Data Engineer,82400,USD,82400,US,0,US,M
2024,MI,FT,Data Engineer,45000,GBP,56250,GB,100,GB,M
2024,MI,FT,Data Engineer,38000,GBP,47500,GB,100,GB,M
2024,SE,FT,Data Engineer,172000,USD,172000,US,0,US,M
2024,SE,FT,Data Engineer,101000,USD,101000,US,0,US,M
2024,SE,FT,Data Engineer,221000,USD,221000,US,0,US,M
2024,SE,FT,Data Engineer,185000,USD,185000,US,0,US,M
2024,MI,FT,Data Engineer,196900,USD,196900,US,0,US,M
2024,MI,FT,Data Engineer,180393,USD,180393,US,0,US,M
2024,SE,FT,Software Engineer,225600,USD,225600,US,0,US,M
2024,SE,FT,Software Engineer,160000,USD,160000,US,0,US,M
2024,EN,FT,Software Engineer,130000,USD,130000,US,0,US,M
2024,EN,FT,Software Engineer,104000,USD,104000,US,0,US,M
2024,SE,FT,Software Engineer,230000,USD,230000,US,0,US,M
2024,SE,FT,Software Engineer,185000,USD,185000,US,0,US,M
2024,SE,FT,Software Engineer,243300,USD,243300,US,0,US,M
2024,SE,FT,Software Engineer,131500,USD,131500,US,0,US,M
2024,SE,FT,Software Engineer,167500,USD,167500,US,0,US,M
2024,SE,FT,Software Engineer,106500,USD,106500,US,0,US,M
2024,MI,FT,Software Engineer,112000,USD,112000,US,0,US,M
2024,MI,FT,Software Engineer,82600,USD,82600,US,0,US,M
2024,SE,FT,Data Scientist,235400,USD,235400,US,0,US,M
2024,SE,FT,Data Scientist,206591,USD,206591,US,0,US,M
2024,SE,FT,Data Scientist,235400,USD,235400,US,0,US,M
2024,SE,FT,Data Scientist,209720,USD,209720,US,0,US,M
2024,SE,FT,Data Scientist,235400,USD,235400,US,0,US,M
2024,SE,FT,Data Scientist,212109,USD,212109,US,0,US,M
2024,SE,FT,Data Scientist,239748,USD,239748,US,0,US,M
2024,SE,FT,Data Scientist,159832,USD,159832,US,0,US,M
2024,SE,FT,Software Engineer,323400,USD,323400,US,0,US,M
2024,SE,FT,Software Engineer,165600,USD,165600,US,0,US,M
2024,MI,FT,Data Analyst,154500,USD,154500,US,100,US,M
2024,MI,FT,Data Analyst,131325,USD,131325,US,100,US,M
2024,SE,FT,Data Engineer,178000,USD,178000,US,100,US,M
2024,SE,FT,Data Engineer,117000,USD,117000,US,100,US,M
2024,SE,FT,Data Engineer,245000,USD,245000,US,100,US,M
2024,SE,FT,Data Engineer,193500,USD,193500,US,100,US,M
2024,SE,FT,Data Engineer,219700,USD,219700,US,0,US,M
2024,SE,FT,Data Engineer,164299,USD,164299,US,0,US,M
2024,SE,FT,Data Engineer,165300,USD,165300,US,0,US,M
2024,SE,FT,Data Engineer,106700,USD,106700,US,0,US,M
2024,SE,FT,Data Engineer,141000,USD,141000,US,0,US,M
2024,SE,FT,Data Engineer,122000,USD,122000,US,0,US,M
2024,SE,FT,Data Engineer,105000,GBP,131250,GB,0,GB,M
2024,SE,FT,Data Engineer,85000,GBP,106250,GB,0,GB,M
2024,SE,FT,Data Engineer,70000,EUR,77777,FR,0,FR,M
2024,SE,FT,Data Engineer,60000,EUR,66666,FR,0,FR,M
2024,SE,FT,Data Architect,246500,USD,246500,US,0,US,M
2024,SE,FT,Data Architect,168500,USD,168500,US,0,US,M
2024,SE,FT,Data Manager,95000,USD,95000,US,100,US,M
2024,SE,FT,Data Manager,75000,USD,75000,US,100,US,M
2024,SE,FT,Software Engineer,225000,USD,225000,US,0,US,M
2024,SE,FT,Software Engineer,125000,USD,125000,US,0,US,M
2024,SE,FT,Data Scientist,210000,USD,210000,US,0,US,M
2024,SE,FT,Data Scientist,175000,USD,175000,US,0,US,M
2024,SE,FT,Data Scientist,267100,USD,267100,US,100,US,M
2024,SE,FT,Data Scientist,190800,USD,190800,US,100,US,M
2024,SE,FT,Data Scientist,212780,USD,212780,US,0,US,M
2024,SE,FT,Data Scientist,178660,USD,178660,US,0,US,M
2024,SE,FT,Data Scientist,219200,USD,219200,US,0,US,M
2024,SE,FT,Data Scientist,162400,USD,162400,US,0,US,M
2024,SE,FT,Data Scientist,243000,USD,243000,US,0,US,M
2024,SE,FT,Data Scientist,192000,USD,192000,US,0,US,M
2024,SE,FT,Data Scientist,196700,USD,196700,US,0,US,M
2024,SE,FT,Data Scientist,122900,USD,122900,US,0,US,M
2024,SE,FT,Data Scientist,190000,USD,190000,US,0,US,M
2024,SE,FT,Data Scientist,165000,USD,165000,US,0,US,M
2024,EX,FT,Data Scientist,220000,USD,220000,US,0,US,M
2024,EX,FT,Data Scientist,185000,USD,185000,US,0,US,M
2024,EN,FT,Data Scientist,196700,USD,196700,US,0,US,M
2024,EN,FT,Data Scientist,122900,USD,122900,US,0,US,M
2024,SE,FT,Data Scientist,160000,USD,160000,US,100,US,M
2024,SE,FT,Data Scientist,114000,USD,114000,US,100,US,M
2024,MI,FT,Data Scientist,230000,USD,230000,US,0,US,M
2024,MI,FT,Data Scientist,180000,USD,180000,US,0,US,M
2024,SE,FT,Data Scientist,232700,USD,232700,US,0,US,M
2024,SE,FT,Data Scientist,145400,USD,145400,US,0,US,M
2024,EN,FT,Data Scientist,130000,USD,130000,US,0,US,M
2024,EN,FT,Data Scientist,130000,USD,130000,US,0,US,M
2024,MI,FT,Engineering Manager,210000,USD,210000,US,0,US,M
2024,MI,FT,Engineering Manager,160000,USD,160000,US,0,US,M
2024,SE,FT,Software Engineer,210000,USD,210000,US,0,US,M
2024,SE,FT,Software Engineer,160000,USD,160000,US,0,US,M
2024,SE,FT,Analytics Engineer,156250,USD,156250,US,100,US,M
2024,SE,FT,Analytics Engineer,125000,USD,125000,US,100,US,M
2024,SE,FT,Analytics Engineer,160000,USD,160000,US,100,US,M
2024,SE,FT,Analytics Engineer,114000,USD,114000,US,100,US,M
2024,MI,FT,Analytics Engineer,180000,USD,180000,US,0,US,M
2024,MI,FT,Analytics Engineer,150000,USD,150000,US,0,US,M
2024,SE,FT,Research Scientist,207000,USD,207000,US,100,US,M
2024,SE,FT,Research Scientist,149800,USD,149800,US,100,US,M
2024,EX,FT,Software Engineer,230000,USD,230000,US,100,US,M
2024,EX,FT,Software Engineer,180000,USD,180000,US,100,US,M
2024,SE,FT,Software Engineer,170000,USD,170000,US,100,US,M
2024,SE,FT,Software Engineer,130000,USD,130000,US,100,US,M
2024,SE,FT,Software Engineer,190000,USD,190000,US,100,US,M
2024,SE,FT,Software Engineer,130000,USD,130000,US,100,US,M
2024,SE,FT,Decision Scientist,177500,USD,177500,US,100,US,M
2024,SE,FT,Decision Scientist,145000,USD,145000,US,100,US,M
2024,SE,FT,Software Engineer,289400,USD,289400,US,100,US,M
2024,SE,FT,Software Engineer,206700,USD,206700,US,100,US,M
2024,SE,FT,Software Engineer,289400,USD,289400,US,100,US,M
2024,SE,FT,Software Engineer,206700,USD,206700,US,100,US,M
2024,SE,FT,Software Engineer,289400,USD,289400,US,100,US,M
2024,SE,FT,Software Engineer,206700,USD,206700,US,100,US,M
2024,SE,FT,Software Engineer,289400,USD,289400,US,100,US,M
2024,SE,FT,Software Engineer,206700,USD,206700,US,100,US,M
2024,MI,FT,Bear Robotics,215000,USD,215000,US,0,US,M
2024,MI,FT,Bear Robotics,120000,USD,120000,US,0,US,M
2024,SE,FT,BI Analyst,55406,GBP,69257,GB,0,GB,M
2024,SE,FT,BI Analyst,44324,GBP,55405,GB,0,GB,M
2024,SE,FT,Business Intelligence Engineer,175000,USD,175000,US,100,US,M
2024,SE,FT,Business Intelligence Engineer,150000,USD,150000,US,100,US,M
2024,SE,FT,Data Analyst,175000,USD,175000,US,0,US,M
2024,SE,FT,Data Analyst,140000,USD,140000,US,0,US,M
2024,SE,FT,Data Analyst,145000,USD,145000,US,100,US,M
2024,SE,FT,Data Analyst,110000,USD,110000,US,100,US,M
2024,SE,FT,Data Analyst,136500,USD,136500,US,100,US,M
2024,SE,FT,Data Analyst,92800,USD,92800,US,100,US,M
2024,EN,FT,Data Analyst,110000,USD,110000,US,0,US,M
2024,EN,FT,Data Analyst,100000,USD,100000,US,0,US,M
2024,SE,FT,Machine Learning Engineer,253000,USD,253000,US,0,US,M
2024,SE,FT,Machine Learning Engineer,187000,USD,187000,US,0,US,M
2024,SE,FT,Machine Learning Scientist,208300,USD,208300,US,0,US,M
2024,SE,FT,Machine Learning Scientist,130100,USD,130100,US,0,US,M
2024,SE,FT,Software Engineer,233000,USD,233000,US,0,US,M
2024,SE,FT,Software Engineer,209700,USD,209700,US,0,US,M
2024,SE,FT,Software Engineer,233000,USD,233000,US,0,US,M
2024,SE,FT,Software Engineer,209700,USD,209700,US,0,US,M
2024,MI,FT,Machine Learning Engineer,181000,USD,181000,US,0,US,M
2024,MI,FT,Machine Learning Engineer,134000,USD,134000,US,0,US,M
2024,SE,FT,Machine Learning Engineer,285000,USD,285000,US,0,US,M
2024,SE,FT,Machine Learning Engineer,190000,USD,190000,US,0,US,M
2024,EN,FT,Data Operations Analyst,75000,USD,75000,US,0,US,M
2024,EN,FT,Data Operations Analyst,65000,USD,65000,US,0,US,M
2024,SE,FT,Software Engineer,210700,USD,210700,US,0,US,M
2024,SE,FT,Software Engineer,175600,USD,175600,US,0,US,M
2024,SE,FT,Software Engineer,210000,USD,210000,US,0,US,M
2024,SE,FT,Software Engineer,160000,USD,160000,US,0,US,M
2024,MI,FT,Engineering Manager,202000,USD,202000,CA,100,CA,M
2024,MI,FT,Engineering Manager,180000,USD,180000,CA,100,CA,M
2024,MI,FT,Software Developer,156000,USD,156000,US,0,US,M
2024,MI,FT,Software Developer,93600,USD,93600,US,0,US,M
2024,SE,FT,Python Developer,149200,USD,149200,US,0,US,M
2024,SE,FT,Python Developer,93400,USD,93400,US,0,US,M
2024,SE,FT,Software Developer,220900,USD,220900,US,0,US,M
2024,SE,FT,Software Developer,122200,USD,122200,US,0,US,M
2024,SE,FT,Software Developer,170000,USD,170000,US,0,US,M
2024,SE,FT,Software Developer,127000,USD,127000,US,0,US,M
2024,SE,FT,Solutions Architect,248520,USD,248520,US,0,US,M
2024,SE,FT,Solutions Architect,136000,USD,136000,US,0,US,M
2024,SE,FT,Solutions Architect,264480,USD,264480,US,0,US,M
2024,SE,FT,Solutions Architect,145000,USD,145000,US,0,US,M
2024,SE,FT,Solutions Architect,282720,USD,282720,US,0,US,M
2024,SE,FT,Solutions Architect,155000,USD,155000,US,0,US,M
2024,SE,FT,Solutions Architect,118420,GBP,148025,GB,0,GB,M
2024,SE,FT,Solutions Architect,100657,GBP,125821,GB,0,GB,M
2024,MI,FT,Software Developer,190300,USD,190300,CA,0,CA,M
2024,MI,FT,Software Developer,110300,USD,110300,CA,0,CA,M
2024,SE,FT,Data Analyst,92880,USD,92880,US,0,US,M
2024,SE,FT,Data Analyst,74000,USD,74000,US,0,US,M
2024,SE,PT,Data Analyst,140300,USD,140300,US,0,US,M
2024,SE,PT,Data Analyst,57900,USD,57900,US,0,US,M
2024,SE,FT,Data Scientist,252000,USD,252000,US,0,US,M
2024,SE,FT,Data Scientist,168000,USD,168000,US,0,US,M
2024,EN,FT,Data Scientist,208800,USD,208800,US,0,US,M
2024,EN,FT,Data Scientist,98300,USD,98300,US,0,US,M
2024,SE,FT,Data Scientist,282200,USD,282200,US,0,US,M
2024,SE,FT,Data Scientist,133600,USD,133600,US,0,US,M
2024,MI,FT,Data Scientist,158200,USD,158200,US,0,US,M
2024,MI,FT,Data Scientist,65600,USD,65600,US,0,US,M
2024,MI,FT,Data Scientist,127600,USD,127600,US,0,US,M
2024,MI,FT,Data Scientist,91728,USD,91728,US,0,US,M
2024,SE,FT,Data Scientist,204200,USD,204200,US,0,US,M
2024,SE,FT,Data Scientist,122600,USD,122600,US,0,US,M
2024,MI,FT,Data Scientist,235000,USD,235000,US,0,US,M
2024,MI,FT,Data Scientist,235000,USD,235000,US,0,US,M
2024,MI,FT,Data Operations Engineer,85000,USD,85000,US,0,US,M
2024,MI,FT,Data Operations Engineer,75000,USD,75000,US,0,US,M
2024,SE,FT,Software Engineer,250200,USD,250200,US,0,US,M
2024,SE,FT,Software Engineer,117200,USD,117200,US,0,US,M
2024,SE,FT,Data Architect,220000,USD,220000,US,0,US,M
2024,SE,FT,Data Architect,220000,USD,220000,US,0,US,M
2024,MI,FT,Research Scientist,256500,USD,256500,US,0,US,M
2024,MI,FT,Research Scientist,138900,USD,138900,US,0,US,M
2024,SE,FT,Software Engineer,239000,USD,239000,US,0,US,M
2024,SE,FT,Software Engineer,161000,USD,161000,US,0,US,M
2024,MI,FT,Research Scientist,200000,USD,200000,US,0,US,M
2024,MI,FT,Research Scientist,136000,USD,136000,US,0,US,M
2024,MI,FT,Applied Scientist,208800,USD,208800,US,0,US,M
2024,MI,FT,Applied Scientist,98300,USD,98300,US,0,US,M
2024,SE,FT,Data Engineer,139500,USD,139500,CA,0,CA,M
2024,SE,FT,Data Engineer,90000,USD,90000,CA,0,CA,M
2024,SE,FT,Data Engineer,200000,USD,200000,US,100,US,M
2024,SE,FT,Data Engineer,150000,USD,150000,US,100,US,M
2024,SE,FT,Data Engineer,188600,USD,188600,US,0,US,M
2024,SE,FT,Data Engineer,120800,USD,120800,US,0,US,M
2024,SE,FT,Data Engineer,202500,USD,202500,US,0,US,M
2024,SE,FT,Data Engineer,120000,USD,120000,US,0,US,M
2024,SE,FT,Data Engineer,160000,USD,160000,US,0,US,M
2024,SE,FT,Data Engineer,100000,USD,100000,US,0,US,M
2024,SE,FT,Software Developer,223500,USD,223500,US,0,US,M
2024,SE,FT,Software Developer,94200,USD,94200,US,0,US,M
2024,SE,FT,Software Developer,178200,USD,178200,US,0,US,M
2024,SE,FT,Software Developer,74800,USD,74800,US,0,US,M
2024,MI,FT,Software Engineer,199700,USD,199700,CA,0,CA,M
2024,MI,FT,Software Engineer,83600,USD,83600,CA,0,CA,M
2024,SE,FT,Business Intelligence Developer,220000,USD,220000,US,0,US,M
2024,SE,FT,Business Intelligence Developer,96700,USD,96700,US,0,US,M
2024,SE,FT,Data Scientist,240600,USD,240600,US,0,US,M
2024,SE,FT,Data Scientist,140100,USD,140100,US,0,US,M
2024,SE,FT,Data Engineer,234000,USD,234000,US,0,US,M
2024,SE,FT,Data Engineer,117000,USD,117000,US,0,US,M
2024,SE,FT,Data Engineer,220000,USD,220000,US,0,US,M
2024,SE,FT,Data Engineer,110000,USD,110000,US,0,US,M
2024,SE,FT,Data Engineer,200618,USD,200618,US,0,US,M
2024,SE,FT,Data Engineer,148282,USD,148282,US,0,US,M
2024,MI,FT,Data Engineer,199000,USD,199000,US,100,US,M
2024,MI,FT,Data Engineer,119000,USD,119000,US,100,US,M
2024,MI,FT,Data Quality Engineer,100000,USD,100000,US,0,US,M
2024,MI,FT,Data Quality Engineer,80000,USD,80000,US,0,US,M
2024,SE,FT,AI Architect,220000,USD,220000,US,0,US,M
2024,SE,FT,AI Architect,96600,USD,96600,US,0,US,M
2024,SE,FT,Data Analyst,178250,USD,178250,US,0,US,M
2024,SE,FT,Data Analyst,131750,USD,131750,US,0,US,M
2024,MI,FT,Data Analyst,131300,USD,131300,US,0,US,M
2024,MI,FT,Data Analyst,93400,USD,93400,US,0,US,M
2024,MI,FT,Data Analyst,91200,USD,91200,US,0,US,M
2024,MI,FT,Data Analyst,57800,USD,57800,US,0,US,M
2024,EN,FT,Data Analyst,137000,USD,137000,US,0,US,M
2024,EN,FT,Data Analyst,60400,USD,60400,US,0,US,M
2024,MI,FT,Software Engineer,172000,USD,172000,US,0,US,M
2024,MI,FT,Software Engineer,75600,USD,75600,US,0,US,M
2024,SE,FT,Data Architect,313600,USD,313600,US,0,US,M
2024,SE,FT,Data Architect,274800,USD,274800,US,0,US,M
2024,SE,FT,Data Scientist,286000,USD,286000,US,0,US,M
2024,SE,FT,Data Scientist,170186,USD,170186,US,0,US,M
2024,SE,FT,Data Scientist,200070,USD,200070,CA,0,CA,M
2024,SE,FT,Data Scientist,107730,USD,107730,CA,0,CA,M
2024,MI,FT,Data Scientist,110630,USD,110630,CA,0,CA,M
2024,MI,FT,Data Scientist,59570,USD,59570,CA,0,CA,M
2024,MI,FT,Data Scientist,172000,USD,172000,US,0,US,M
2024,MI,FT,Data Scientist,75600,USD,75600,US,0,US,M
2024,SE,FT,Data Scientist,188500,USD,188500,US,0,US,M
2024,SE,FT,Data Scientist,165100,USD,165100,US,0,US,M
2024,MI,FT,Software Engineer,90634,USD,90634,US,0,US,M
2024,MI,FT,Software Engineer,60423,USD,60423,US,0,US,M
2024,SE,FT,Software Engineer,234000,USD,234000,US,0,US,M
2024,SE,FT,Software Engineer,170186,USD,170186,US,0,US,M
2024,SE,FT,Software Engineer,286000,USD,286000,US,0,US,M
2024,SE,FT,Software Engineer,215197,USD,215197,US,0,US,M
2024,SE,FT,Software Engineer,234000,USD,234000,US,0,US,M
2024,SE,FT,Software Engineer,150762,USD,150762,US,0,US,M
2024,MI,FT,Software Developer,137000,USD,137000,US,0,US,M
2024,MI,FT,Software Developer,60400,USD,60400,US,0,US,M
2024,SE,FT,Software Engineer,234000,USD,234000,US,0,US,M
2024,SE,FT,Software Engineer,174518,USD,174518,US,0,US,M
2024,SE,FT,Software Engineer,146000,USD,146000,US,0,US,M
2024,SE,FT,Software Engineer,78900,USD,78900,US,0,US,M
2024,MI,FT,Software Engineer,228000,USD,228000,US,0,US,M
2024,MI,FT,Software Engineer,129000,USD,129000,US,0,US,M
2024,SE,FT,Software Engineer,249937,USD,249937,US,0,US,M
2024,SE,FT,Software Engineer,185000,USD,185000,US,0,US,M
2024,SE,FT,Machine Learning Engineer,273500,USD,273500,US,0,US,M
2024,SE,FT,Machine Learning Engineer,126600,USD,126600,US,0,US,M
2024,MI,FT,Software Engineer,276000,USD,276000,US,0,US,M
2024,MI,FT,Software Engineer,148000,USD,148000,US,0,US,M
2024,SE,FT,Data Scientist,221000,USD,221000,US,0,US,M
2024,SE,FT,Data Scientist,115000,USD,115000,US,0,US,M
2024,SE,FT,Data Scientist,196900,USD,196900,US,0,US,M
2024,SE,FT,Data Scientist,176849,USD,176849,US,0,US,M
2024,MI,FT,Data Scientist,169000,USD,169000,US,0,US,M
2024,MI,FT,Data Scientist,119000,USD,119000,US,0,US,M
2024,SE,FT,Research Scientist,250800,USD,250800,US,0,US,M
2024,SE,FT,Research Scientist,167200,USD,167200,US,0,US,M
2024,SE,FT,Machine Learning Engineer,230000,USD,230000,US,0,US,M
2024,SE,FT,Machine Learning Engineer,160000,USD,160000,US,0,US,M
2024,MI,FT,Analytics Engineer,137000,USD,137000,US,0,US,M
2024,MI,FT,Analytics Engineer,121000,USD,121000,US,0,US,M
2024,MI,FT,Analytics Engineer,174000,USD,174000,CA,0,CA,M
2024,MI,FT,Analytics Engineer,153000,USD,153000,CA,0,CA,M
2024,SE,FT,Business Intelligence Engineer,126000,USD,126000,US,100,US,M
2024,SE,FT,Business Intelligence Engineer,100800,USD,100800,US,100,US,M
2024,SE,FT,Data Engineer,299000,USD,299000,US,0,US,M
2024,SE,FT,Data Engineer,169000,USD,169000,US,0,US,M
2024,MI,FT,Data Engineer,135000,USD,135000,US,0,US,M
2024,MI,FT,Data Engineer,100000,USD,100000,US,0,US,M
2024,SE,FT,Data Engineer,150000,USD,150000,US,100,US,M
2024,SE,FT,Data Engineer,92500,USD,92500,US,100,US,M
2024,MI,FT,Data Engineer,176000,USD,176000,US,100,US,M
2024,MI,FT,Data Engineer,117000,USD,117000,US,100,US,M
2024,SE,FT,Analytics Engineer,243400,USD,243400,US,0,US,M
2024,SE,FT,Analytics Engineer,187300,USD,187300,US,0,US,M
2024,MI,FT,Data Infrastructure Engineer,385000,USD,385000,US,0,US,M
2024,MI,FT,Data Infrastructure Engineer,200000,USD,200000,US,0,US,M
2024,SE,FT,Software Engineer,252900,USD,252900,US,0,US,M
2024,SE,FT,Software Engineer,133100,USD,133100,US,0,US,M
2024,SE,FT,Software Engineer,252900,USD,252900,US,0,US,M
2024,SE,FT,Software Engineer,133100,USD,133100,US,0,US,M
2024,SE,FT,AI Specialist,302470,USD,302470,US,0,US,M
2024,SE,FT,AI Specialist,183330,USD,183330,US,0,US,M
2024,MI,PT,Data Operations Specialist,57000,USD,57000,US,100,US,M
2024,MI,PT,Data Operations Specialist,51500,USD,51500,US,100,US,M
2024,MI,FT,Data Scientist,208000,USD,208000,CA,0,CA,M
2024,MI,FT,Data Scientist,187000,USD,187000,CA,0,CA,M
2024,MI,FT,Data Scientist,253430,USD,253430,US,0,US,M
2024,MI,FT,Data Scientist,200740,USD,200740,US,0,US,M
2024,SE,FT,Data Scientist,239000,USD,239000,US,0,US,M
2024,SE,FT,Data Scientist,177000,USD,177000,US,0,US,M
2024,MI,FT,Data Scientist,129000,USD,129000,US,100,US,M
2024,MI,FT,Data Scientist,110000,USD,110000,US,100,US,M
2024,SE,FT,Data Scientist,720000,USD,720000,US,0,US,M
2024,SE,FT,Data Scientist,170000,USD,170000,US,0,US,M
2024,SE,FT,Data Scientist,242000,USD,242000,US,100,US,M
2024,SE,FT,Data Scientist,174900,USD,174900,US,100,US,M
2024,SE,FT,Data Analyst,166500,USD,166500,US,0,US,M
2024,SE,FT,Data Analyst,133200,USD,133200,US,0,US,M
2024,SE,FT,Data Analyst,120000,USD,120000,US,100,US,M
2024,SE,FT,Data Analyst,110000,USD,110000,US,100,US,M
2024,MI,FT,Data Analyst,140000,USD,140000,US,0,US,M
2024,MI,FT,Data Analyst,95000,USD,95000,US,0,US,M
2024,EN,FT,Data Analyst,138000,USD,138000,US,100,US,M
2024,EN,FT,Data Analyst,110400,USD,110400,US,100,US,M
2024,MI,FT,Data Analyst,70000,USD,70000,US,100,US,M
2024,MI,FT,Data Analyst,51000,USD,51000,US,100,US,M
2024,EN,FT,Data Analyst,166600,USD,166600,US,0,US,M
2024,EN,FT,Data Analyst,106300,USD,106300,US,0,US,M
2024,SE,FT,Software Engineer,233200,USD,233200,US,0,US,M
2024,SE,FT,Software Engineer,144200,USD,144200,US,0,US,M
2024,EN,FT,Data Analyst,75000,USD,75000,US,0,US,M
2024,EN,FT,Data Analyst,65000,USD,65000,US,0,US,M
2024,EN,FT,Data Analyst,140800,USD,140800,US,0,US,M
2024,EN,FT,Data Analyst,74200,USD,74200,US,0,US,M
2024,EN,FT,Data Analyst,199000,USD,199000,US,0,US,M
2024,EN,FT,Data Analyst,139000,USD,139000,US,0,US,M
2024,SE,FT,Data Analyst,130000,USD,130000,US,100,US,M
2024,SE,FT,Data Analyst,60000,USD,60000,US,100,US,M
2024,SE,FT,Data Analyst,175000,USD,175000,US,100,US,M
2024,SE,FT,Data Analyst,126000,USD,126000,US,100,US,M
2024,MI,FT,Data Analyst,100401,USD,100401,US,0,US,M
2024,MI,FT,Data Analyst,100000,USD,100000,US,0,US,M
2024,EN,FT,Data Analyst,90000,USD,90000,CA,0,CA,M
2024,EN,FT,Data Analyst,70000,USD,70000,CA,0,CA,M
2024,MI,FT,Decision Scientist,145000,USD,145000,US,100,US,M
2024,MI,FT,Decision Scientist,125000,USD,125000,US,100,US,M
2024,MI,FT,Decision Scientist,82500,USD,82500,US,100,US,M
2024,MI,FT,Decision Scientist,82500,USD,82500,US,100,US,M
2024,MI,FT,Software Engineer,450000,USD,450000,US,0,US,M
2024,MI,FT,Software Engineer,310000,USD,310000,US,0,US,M
2024,SE,FT,Software Engineer,179300,USD,179300,US,100,US,M
2024,SE,FT,Software Engineer,103900,USD,103900,US,100,US,M
2024,SE,FT,Software Engineer,186000,USD,186000,CA,0,CA,M
2024,SE,FT,Software Engineer,138000,USD,138000,CA,0,CA,M
2024,SE,FT,Solutions Architect,247300,USD,247300,US,100,US,M
2024,SE,FT,Solutions Architect,139700,USD,139700,US,100,US,M
2024,SE,FT,Software Engineer,230000,USD,230000,US,0,US,M
2024,SE,FT,Software Engineer,185000,USD,185000,US,0,US,M
2024,SE,FT,Software Engineer,240240,USD,240240,US,100,US,M
2024,SE,FT,Software Engineer,207992,USD,207992,US,100,US,M
2024,MI,FT,Software Engineer,200200,USD,200200,US,0,US,M
2024,MI,FT,Software Engineer,177428,USD,177428,US,0,US,M
2024,SE,FT,Machine Learning Engineer,300200,USD,300200,US,0,US,M
2024,SE,FT,Machine Learning Engineer,170700,USD,170700,US,0,US,M
2024,MI,FT,Machine Learning Engineer,180000,USD,180000,CA,0,CA,M
2024,MI,FT,Machine Learning Engineer,120000,USD,120000,CA,0,CA,M
2024,SE,FT,Research Scientist,337000,USD,337000,US,0,US,M
2024,SE,FT,Research Scientist,237000,USD,237000,US,0,US,M
2024,SE,FT,Research Scientist,364100,USD,364100,US,0,US,M
2024,SE,FT,Research Scientist,199800,USD,199800,US,0,US,M
2024,SE,FT,Data Scientist,243300,USD,243300,US,0,US,M
2024,SE,FT,Data Scientist,131500,USD,131500,US,0,US,M
2024,SE,FT,DevOps Engineer,158200,USD,158200,US,0,US,M
2024,SE,FT,DevOps Engineer,79000,USD,79000,US,0,US,M
2024,EN,FT,Research Analyst,137400,USD,137400,US,0,US,M
2024,EN,FT,Research Analyst,80800,USD,80800,US,0,US,M
2024,SE,FT,Applied Scientist,291900,USD,291900,US,0,US,M
2024,SE,FT,Applied Scientist,139300,USD,139300,US,0,US,M
2024,MI,FT,Applied Scientist,174600,USD,174600,US,0,US,M
2024,MI,FT,Applied Scientist,81900,USD,81900,US,0,US,M
2024,SE,FT,Data Architect,200000,USD,200000,US,0,US,M
2024,SE,FT,Data Architect,115000,USD,115000,US,0,US,M
2024,MI,FT,Data Engineer,300200,USD,300200,US,0,US,M
2024,MI,FT,Data Engineer,170700,USD,170700,US,0,US,M
2024,MI,FT,Data Engineer,150600,USD,150600,US,0,US,M
2024,MI,FT,Data Engineer,102500,USD,102500,US,0,US,M
2024,MI,FT,Data Scientist,235400,USD,235400,US,0,US,M
2024,MI,FT,Data Scientist,214127,USD,214127,US,0,US,M
2024,SE,FT,Data Scientist,230800,USD,230800,US,100,US,M
2024,SE,FT,Data Scientist,96200,USD,96200,US,100,US,M
2024,MI,FT,Data Scientist,199500,USD,199500,US,100,US,M
2024,MI,FT,Data Scientist,86700,USD,86700,US,100,US,M
2024,MI,FT,Data Scientist,243000,USD,243000,US,0,US,M
2024,MI,FT,Data Scientist,120000,USD,120000,US,0,US,M
2024,EX,FT,Data Scientist,338600,USD,338600,US,0,US,M
2024,EX,FT,Data Scientist,161600,USD,161600,US,0,US,M
2024,MI,FT,Data Scientist,138000,USD,138000,US,0,US,M
2024,MI,FT,Data Scientist,86000,USD,86000,US,0,US,M
2024,SE,FT,Data Scientist,210600,USD,210600,US,0,US,M
2024,SE,FT,Data Scientist,110600,USD,110600,US,0,US,M
2024,SE,FT,Data Analytics Lead,213480,USD,213480,US,0,US,M
2024,SE,FT,Data Analytics Lead,142320,USD,142320,US,0,US,M
2024,EN,FT,Data Analyst,86250,USD,86250,US,0,US,M
2024,EN,FT,Data Analyst,63750,USD,63750,US,0,US,M
2024,EN,FT,Data Analyst,48055,GBP,60068,US,0,US,M
2024,EN,FT,Data Analyst,36681,GBP,45851,US,0,US,M
2024,EN,FT,Data Analyst,33277,GBP,41596,GB,0,GB,M
2024,EN,FT,Data Analyst,29285,GBP,36606,GB,0,GB,M
2024,SE,FT,Data Analyst,223500,USD,223500,US,100,US,M
2024,SE,FT,Data Analyst,107500,USD,107500,US,100,US,M
2024,SE,FT,Data Analyst,147767,USD,147767,US,0,US,M
2024,SE,FT,Data Analyst,70000,USD,70000,US,0,US,M
2024,SE,FT,Software Engineer,256500,USD,256500,US,0,US,M
2024,SE,FT,Software Engineer,170700,USD,170700,US,0,US,M
2024,SE,FT,Software Engineer,256500,USD,256500,US,0,US,M
2024,SE,FT,Software Engineer,170700,USD,170700,US,0,US,M
2024,MI,FT,Software Engineer,260000,USD,260000,US,0,US,M
2024,MI,FT,Software Engineer,210000,USD,210000,US,0,US,M
2024,MI,FT,Software Engineer,185000,USD,185000,US,0,US,M
2024,MI,FT,Software Engineer,105000,USD,105000,US,0,US,M
2024,SE,FT,Software Engineer,223500,USD,223500,US,0,US,M
2024,SE,FT,Software Engineer,94200,USD,94200,US,0,US,M
2024,SE,FT,Software Engineer,252000,USD,252000,US,0,US,M
2024,SE,FT,Software Engineer,168000,USD,168000,US,0,US,M
2024,SE,FT,Software Engineer,230000,USD,230000,US,0,US,M
2024,SE,FT,Software Engineer,160000,USD,160000,US,0,US,M
2024,SE,FT,Software Engineer,240240,USD,240240,US,0,US,M
2024,SE,FT,Software Engineer,214032,USD,214032,US,0,US,M
2024,MI,FT,Software Engineer,140000,USD,140000,US,0,US,M
2024,MI,FT,Software Engineer,120000,USD,120000,US,0,US,M
2024,MI,FT,Software Engineer,140000,USD,140000,US,0,US,M
2024,MI,FT,Software Engineer,120000,USD,120000,US,0,US,M
2024,SE,FT,Software Engineer,243300,USD,243300,US,0,US,M
2024,SE,FT,Software Engineer,131500,USD,131500,US,0,US,M
2024,MI,FT,Software Engineer,720000,USD,720000,US,100,US,M
2024,MI,FT,Software Engineer,100000,USD,100000,US,100,US,M
2024,SE,FT,Software Engineer,189000,GBP,236250,GB,0,GB,M
2024,SE,FT,Software Engineer,103500,GBP,129375,GB,0,GB,M
2024,SE,FT,Software Engineer,198000,USD,198000,US,0,US,M
2024,SE,FT,Software Engineer,132000,USD,132000,US,0,US,M
2024,SE,FT,Software Engineer,220000,USD,220000,US,0,US,M
2024,SE,FT,Software Engineer,160000,USD,160000,US,0,US,M
2024,MI,FT,Machine Learning Engineer,220000,USD,220000,US,0,US,M
2024,MI,FT,Machine Learning Engineer,96600,USD,96600,US,0,US,M
2024,MI,FT,Data Scientist,175100,USD,175100,US,0,US,M
2024,MI,FT,Data Scientist,75705,USD,75705,US,0,US,M
2024,SE,FT,Data Scientist,230000,USD,230000,US,0,US,M
2024,SE,FT,Data Scientist,115000,USD,115000,US,0,US,M
2024,EN,FT,Data Analyst,123000,USD,123000,US,0,US,M
2024,EN,FT,Data Analyst,54000,USD,54000,US,0,US,M
2024,SE,FT,Data Analyst,171814,USD,171814,US,0,US,M
2024,SE,FT,Data Analyst,92920,USD,92920,US,0,US,M
2024,MI,FT,Data Engineer,154500,USD,154500,US,0,US,M
2024,MI,FT,Data Engineer,61800,USD,61800,US,0,US,M
2024,SE,FT,Data Engineer,220000,USD,220000,US,0,US,M
2024,SE,FT,Data Engineer,96600,USD,96600,US,0,US,M
2024,SE,FT,Data Engineer,156170,USD,156170,ZA,0,ZA,M
2024,SE,FT,Data Engineer,95060,USD,95060,ZA,0,ZA,M
2024,SE,FT,Data Engineer,264800,USD,264800,US,0,US,M
2024,SE,FT,Data Engineer,172900,USD,172900,US,0,US,M
2024,MI,FT,Data Engineer,196900,USD,196900,US,0,US,M
2024,MI,FT,Data Engineer,175654,USD,175654,US,0,US,M
2024,MI,FT,Machine Learning Engineer,300000,USD,300000,GB,0,GB,M
2024,MI,FT,Machine Learning Engineer,150000,USD,150000,GB,0,GB,M
2024,SE,FT,AI Engineer,220000,USD,220000,US,0,US,M
2024,SE,FT,AI Engineer,96600,USD,96600,US,0,US,M
2024,MI,FT,AI Engineer,172000,USD,172000,US,0,US,M
2024,MI,FT,AI Engineer,75600,USD,75600,US,0,US,M
2024,SE,FT,Software Engineer,163000,USD,163000,US,0,US,M
2024,SE,FT,Software Engineer,77000,USD,77000,US,0,US,M
2024,MI,FT,Data Scientist,196900,USD,196900,US,0,US,M
2024,MI,FT,Data Scientist,185329,USD,185329,US,0,US,M
2024,SE,FT,Software Engineer,163000,USD,163000,US,0,US,M
2024,SE,FT,Software Engineer,77000,USD,77000,US,0,US,M
2024,SE,FT,Software Engineer,339250,USD,339250,US,0,US,M
2024,SE,FT,Software Engineer,180000,USD,180000,US,0,US,M
2024,EN,FT,Insight Analyst,93540,GBP,116925,GB,0,GB,M
2024,EN,FT,Insight Analyst,84186,GBP,105232,GB,0,GB,M
2024,SE,FT,Data Product Manager,235264,USD,235264,US,0,US,M
2024,SE,FT,Data Product Manager,141158,USD,141158,US,0,US,M
2024,SE,FT,Machine Learning Engineer,250000,USD,250000,US,0,US,M
2024,SE,FT,Machine Learning Engineer,175000,USD,175000,US,0,US,M
2024,SE,FT,Data Engineer,153900,USD,153900,US,0,US,M
2024,SE,FT,Data Engineer,85500,USD,85500,US,0,US,M
2024,MI,FT,Data Engineer,171210,USD,171210,CA,0,CA,M
2024,MI,FT,Data Engineer,92190,USD,92190,CA,0,CA,M
2024,SE,FT,Software Engineer,177100,USD,177100,US,0,US,M
2024,SE,FT,Software Engineer,130900,USD,130900,US,0,US,M
2024,MI,FT,Robotics Engineer,170000,USD,170000,US,0,US,M
2024,MI,FT,Robotics Engineer,163696,USD,163696,US,0,US,M
2024,SE,FT,Data Engineer,120000,USD,120000,US,100,US,M
2024,SE,FT,Data Engineer,90000,USD,90000,US,100,US,M
2024,SE,FT,Data Engineer,308000,USD,308000,US,0,US,M
2024,SE,FT,Data Engineer,190400,USD,190400,US,0,US,M
2024,SE,FT,Data Engineer,128000,USD,128000,US,0,US,M
2024,SE,FT,Data Engineer,81500,USD,81500,US,0,US,M
2024,SE,FT,Analytics Engineer,203000,USD,203000,US,100,US,M
2024,SE,FT,Analytics Engineer,153000,USD,153000,US,100,US,M
2024,SE,FT,Analytics Engineer,160000,USD,160000,US,0,US,M
2024,SE,FT,Analytics Engineer,136000,USD,136000,US,0,US,M
2024,SE,FT,Data Scientist,145000,USD,145000,US,0,US,M
2024,SE,FT,Data Scientist,95000,USD,95000,US,0,US,M
2024,MI,FT,Data Scientist,110000,USD,110000,US,100,US,M
2024,MI,FT,Data Scientist,90000,USD,90000,US,100,US,M
2024,SE,FT,Decision Scientist,82500,USD,82500,US,100,US,M
2024,SE,FT,Decision Scientist,82500,USD,82500,US,100,US,M
2024,SE,FT,Software Engineer,252900,USD,252900,US,0,US,M
2024,SE,FT,Software Engineer,133100,USD,133100,US,0,US,M
2024,SE,FT,Software Engineer,252900,USD,252900,US,0,US,M
2024,SE,FT,Software Engineer,133100,USD,133100,US,0,US,M
2024,SE,FT,Software Engineer,303500,USD,303500,US,0,US,M
2024,SE,FT,Software Engineer,159800,USD,159800,US,0,US,M
2024,SE,FT,Software Engineer,303500,USD,303500,US,0,US,M
2024,SE,FT,Software Engineer,159800,USD,159800,US,0,US,M
2024,SE,FT,Data Analyst,199000,USD,199000,US,0,US,M
2024,SE,FT,Data Analyst,133000,USD,133000,US,0,US,M
2024,EN,FT,Data Analyst,22500,GBP,28125,NZ,0,NZ,M
2024,EN,FT,Data Analyst,22500,GBP,28125,NZ,0,NZ,M
2024,SE,FT,Data Analyst,137000,USD,137000,US,0,US,M
2024,SE,FT,Data Analyst,110000,USD,110000,US,0,US,M
2024,SE,FT,Business Intelligence Engineer,245400,USD,245400,US,0,US,M
2024,SE,FT,Business Intelligence Engineer,139000,USD,139000,US,0,US,M
2024,SE,FT,Business Intelligence Engineer,245400,USD,245400,US,0,US,M
2024,SE,FT,Business Intelligence Engineer,139000,USD,139000,US,0,US,M
2024,MI,FT,Software Engineer,265000,USD,265000,US,0,US,M
2024,MI,FT,Software Engineer,175000,USD,175000,US,0,US,M
2024,SE,FT,Applied Scientist,237000,USD,237000,US,0,US,M
2024,SE,FT,Applied Scientist,161200,USD,161200,US,0,US,M
2024,SE,FT,Machine Learning Engineer,303000,USD,303000,US,0,US,M
2024,SE,FT,Machine Learning Engineer,210000,USD,210000,US,0,US,M
2024,MI,FT,Machine Learning Engineer,149500,USD,149500,CA,100,CA,M
2024,MI,FT,Machine Learning Engineer,149500,USD,149500,CA,100,CA,M
2024,SE,FT,Machine Learning Engineer,250000,USD,250000,US,0,US,M
2024,SE,FT,Machine Learning Engineer,180000,USD,180000,US,0,US,M
2024,SE,FT,Machine Learning Engineer,213000,USD,213000,US,0,US,M
2024,SE,FT,Machine Learning Engineer,142000,USD,142000,US,0,US,M
2024,EN,FT,Software Engineer,195000,USD,195000,US,0,US,M
2024,EN,FT,Software Engineer,130000,USD,130000,US,0,US,M
2024,EN,FT,Software Engineer,216000,USD,216000,US,0,US,M
2024,EN,FT,Software Engineer,144000,USD,144000,US,0,US,M
2024,EN,FT,Software Engineer,216000,USD,216000,US,0,US,M
2024,EN,FT,Software Engineer,144000,USD,144000,US,0,US,M
2024,MI,FT,Machine Learning Engineer,290000,USD,290000,US,0,US,M
2024,MI,FT,Machine Learning Engineer,200000,USD,200000,US,0,US,M
2024,SE,FT,Machine Learning Engineer,303000,USD,303000,US,0,US,M
2024,SE,FT,Machine Learning Engineer,210000,USD,210000,US,0,US,M
2024,SE,FT,Software Engineer,310000,USD,310000,US,0,US,M
2024,SE,FT,Software Engineer,205000,USD,205000,US,0,US,M
2024,SE,FT,Machine Learning Engineer,303000,USD,303000,US,0,US,M
2024,SE,FT,Machine Learning Engineer,180000,USD,180000,US,0,US,M
2024,MI,FT,Machine Learning Engineer,260100,USD,260100,US,100,US,M
2024,MI,FT,Machine Learning Engineer,185800,USD,185800,US,100,US,M
2024,MI,FT,Software Engineer,112000,USD,112000,US,0,US,M
2024,MI,FT,Software Engineer,82600,USD,82600,US,0,US,M
2024,MI,FT,Software Engineer,225000,USD,225000,US,0,US,M
2024,MI,FT,Software Engineer,135000,USD,135000,US,0,US,M
2024,SE,FT,Software Engineer,297000,USD,297000,US,0,US,M
2024,SE,FT,Software Engineer,201000,USD,201000,US,0,US,M
2024,MI,FT,Software Engineer,174000,USD,174000,CA,0,CA,M
2024,MI,FT,Software Engineer,153000,USD,153000,CA,0,CA,M
2024,MI,FT,Software Engineer,137000,USD,137000,US,0,US,M
2024,MI,FT,Software Engineer,121000,USD,121000,US,0,US,M
2024,SE,FT,Software Engineer,245500,USD,245500,US,100,US,M
2024,SE,FT,Software Engineer,223000,USD,223000,US,100,US,M
2024,SE,FT,Software Engineer,300000,USD,300000,US,0,US,M
2024,SE,FT,Software Engineer,180000,USD,180000,US,0,US,M
2024,SE,FT,Software Engineer,267100,USD,267100,US,100,US,M
2024,SE,FT,Software Engineer,190800,USD,190800,US,100,US,M
2024,SE,FT,Applied Scientist,251600,USD,251600,US,0,US,M
2024,SE,FT,Applied Scientist,120100,USD,120100,US,0,US,M
2024,SE,FT,Data Engineer,196900,USD,196900,US,0,US,M
2024,SE,FT,Data Engineer,171455,USD,171455,US,0,US,M
2024,SE,FT,Data Engineer,235400,USD,235400,US,0,US,M
2024,SE,FT,Data Engineer,209720,USD,209720,US,0,US,M
2024,MI,FT,Data Engineer,194100,USD,194100,US,0,US,M
2024,MI,FT,Data Engineer,86400,USD,86400,US,0,US,M
2024,SE,FT,Research Scientist,240240,USD,240240,US,0,US,M
2024,SE,FT,Research Scientist,217558,USD,217558,US,0,US,M
2024,SE,FT,Software Engineer,239000,USD,239000,US,0,US,M
2024,SE,FT,Software Engineer,161000,USD,161000,US,0,US,M
2024,SE,FT,Data Analyst,146600,USD,146600,US,0,US,M
2024,SE,FT,Data Analyst,70000,USD,70000,US,0,US,M
2024,EN,FT,Data Analyst,65000,USD,65000,CA,100,CA,M
2024,EN,FT,Data Analyst,60000,USD,60000,CA,100,CA,M
2024,SE,FT,Analytics Engineer,135000,USD,135000,US,0,US,M
2024,SE,FT,Analytics Engineer,120000,USD,120000,US,0,US,M
2024,EN,FT,Data Analyst,206250,USD,206250,US,0,US,M
2024,EN,FT,Data Analyst,56000,USD,56000,US,0,US,M
2024,EN,FT,Data Analyst,206250,USD,206250,US,0,US,M
2024,EN,FT,Data Analyst,56000,USD,56000,US,0,US,M
2024,EN,FT,Data Analyst,206250,USD,206250,US,0,US,M
2024,EN,FT,Data Analyst,56000,USD,56000,US,0,US,M
2024,MI,FT,Data Analyst,91665,USD,91665,US,0,US,M
2024,MI,FT,Data Analyst,68500,USD,68500,US,0,US,M
2024,EN,FT,Data Analyst,92300,USD,92300,US,0,US,M
2024,EN,FT,Data Analyst,82000,USD,82000,US,0,US,M
2024,EN,FT,Data Analyst,83300,USD,83300,US,0,US,M
2024,EN,FT,Data Analyst,47500,USD,47500,US,0,US,M
2024,MI,FT,Software Engineer,130000,USD,130000,US,0,US,M
2024,MI,FT,Software Engineer,100000,USD,100000,US,0,US,M
2024,SE,FT,Software Engineer,300200,USD,300200,US,0,US,M
2024,SE,FT,Software Engineer,170700,USD,170700,US,0,US,M
2024,SE,FT,Software Engineer,300200,USD,300200,US,0,US,M
2024,SE,FT,Software Engineer,170700,USD,170700,US,0,US,M
2024,SE,FT,Machine Learning Engineer,300200,USD,300200,US,0,US,M
2024,SE,FT,Machine Learning Engineer,170700,USD,170700,US,0,US,M
2024,SE,FT,Software Engineer,284900,USD,284900,US,0,US,M
2024,SE,FT,Software Engineer,161700,USD,161700,US,0,US,M
2024,SE,FT,Software Engineer,364100,USD,364100,US,0,US,M
2024,SE,FT,Software Engineer,199800,USD,199800,US,0,US,M
2024,SE,FT,BI Developer,182000,USD,182000,US,0,US,M
2024,SE,FT,BI Developer,82000,USD,82000,US,0,US,M
2024,MI,FT,Data Scientist,120000,USD,120000,US,100,US,M
2024,MI,FT,Data Scientist,87509,USD,87509,US,100,US,M
2024,MI,FT,Data Scientist,235400,USD,235400,US,0,US,M
2024,MI,FT,Data Scientist,209720,USD,209720,US,0,US,M
2024,MI,FT,Data Scientist,196900,USD,196900,US,0,US,M
2024,MI,FT,Data Scientist,175457,USD,175457,US,0,US,M
2024,MI,FT,Data Scientist,235400,USD,235400,US,0,US,M
2024,MI,FT,Data Scientist,209720,USD,209720,US,0,US,M
2024,SE,FT,Data Scientist,235400,USD,235400,US,0,US,M
2024,SE,FT,Data Scientist,212109,USD,212109,US,0,US,M
2024,SE,FT,Data Scientist,196900,USD,196900,US,0,US,M
2024,SE,FT,Data Scientist,183503,USD,183503,US,0,US,M
2024,MI,FT,Data Scientist,196900,USD,196900,US,0,US,M
2024,MI,FT,Data Scientist,177320,USD,177320,US,0,US,M
2024,SE,FT,Data Scientist,266000,USD,266000,US,0,US,M
2024,SE,FT,Data Scientist,177000,USD,177000,US,0,US,M
2024,MI,FT,Data Scientist,241500,USD,241500,US,0,US,M
2024,MI,FT,Data Scientist,132300,USD,132300,US,0,US,M
2024,SE,FT,Data Scientist,199500,USD,199500,US,0,US,M
2024,SE,FT,Data Scientist,86700,USD,86700,US,0,US,M
2024,SE,FT,Data Scientist,158000,USD,158000,US,0,US,M
2024,SE,FT,Data Scientist,92500,USD,92500,US,0,US,M
2024,SE,FT,Data Scientist,199500,USD,199500,US,0,US,M
2024,SE,FT,Data Scientist,86700,USD,86700,US,0,US,M
2024,MI,FT,Data Scientist,179000,USD,179000,US,0,US,M
2024,MI,FT,Data Scientist,112000,USD,112000,US,0,US,M
2024,MI,FT,Data Scientist,128000,USD,128000,US,0,US,M
2024,MI,FT,Data Scientist,89000,USD,89000,US,0,US,M
2024,MI,FT,Data Scientist,220500,USD,220500,US,0,US,M
2024,MI,FT,Data Scientist,120500,USD,120500,US,0,US,M
2024,SE,FT,Data Management Lead,102000,USD,102000,US,0,US,M
2024,SE,FT,Data Management Lead,71000,USD,71000,US,0,US,M
2024,MI,FT,Software Engineer,300200,USD,300200,US,0,US,M
2024,MI,FT,Software Engineer,170700,USD,170700,US,0,US,M
2024,SE,FT,Software Engineer,125000,USD,125000,US,0,US,M
2024,SE,FT,Software Engineer,115000,USD,115000,US,0,US,M
2024,EN,FT,Data Analyst,93000,USD,93000,DE,0,DE,M
2024,EN,FT,Data Analyst,83000,USD,83000,DE,0,DE,M
2024,SE,FT,Data Analyst,143750,USD,143750,US,0,US,M
2024,SE,FT,Data Analyst,106250,USD,106250,US,0,US,M
2024,MI,FT,Data Analyst,126500,USD,126500,US,0,US,M
2024,MI,FT,Data Analyst,75650,USD,75650,US,0,US,M
2024,SE,FT,Data Team Lead,160500,USD,160500,US,0,US,M
2024,SE,FT,Data Team Lead,84400,USD,84400,US,0,US,M
2024,SE,FT,Data Team Lead,160500,USD,160500,US,0,US,M
2024,SE,FT,Data Team Lead,84400,USD,84400,US,0,US,M
2024,SE,FT,Data Team Lead,160500,USD,160500,US,0,US,M
2024,SE,FT,Data Team Lead,84400,USD,84400,US,0,US,M
2024,SE,FT,Machine Learning Engineer,223990,USD,223990,US,0,US,M
2024,SE,FT,Machine Learning Engineer,120610,USD,120610,US,0,US,M
2024,SE,FT,Machine Learning Model Engineer,280000,USD,280000,US,0,US,M
2024,SE,FT,Machine Learning Model Engineer,230000,USD,230000,US,0,US,M
2024,SE,FT,Data Architect,160680,USD,160680,US,100,US,M
2024,SE,FT,Data Architect,107120,USD,107120,US,100,US,M
2024,SE,FT,Business Intelligence Analyst,178200,USD,178200,US,0,US,M
2024,SE,FT,Business Intelligence Analyst,73800,USD,73800,US,0,US,M
2024,SE,FT,Business Intelligence,163000,USD,163000,US,0,US,M
2024,SE,FT,Business Intelligence,130000,USD,130000,US,0,US,M
2024,SE,FT,Data Architect,220000,USD,220000,US,0,US,M
2024,SE,FT,Data Architect,96600,USD,96600,US,0,US,M
2024,EN,FT,Data Visualization Analyst,151770,USD,151770,US,0,US,M
2024,EN,FT,Data Visualization Analyst,91062,USD,91062,US,0,US,M
2024,SE,FT,Data Product Manager,179428,USD,179428,US,0,US,M
2024,SE,FT,Data Product Manager,107657,USD,107657,US,0,US,M
2024,MI,FT,Data Management Specialist,123000,USD,123000,US,0,US,M
2024,MI,FT,Data Management Specialist,54000,USD,54000,US,0,US,M
2024,SE,FT,Data Scientist,202600,USD,202600,US,0,US,M
2024,SE,FT,Data Scientist,93800,USD,93800,US,0,US,M
2024,SE,FT,Research Scientist,240240,USD,240240,US,0,US,M
2024,SE,FT,Research Scientist,210255,USD,210255,US,0,US,M
2024,EN,FT,Data Analyst,172400,USD,172400,US,0,US,M
2024,EN,FT,Data Analyst,82100,USD,82100,US,0,US,M
2024,EN,FT,Data Analyst,128377,USD,128377,US,0,US,M
2024,EN,FT,Data Analyst,77026,USD,77026,US,0,US,M
2024,EN,FT,Data Analyst,142381,USD,142381,US,0,US,M
2024,EN,FT,Data Analyst,85428,USD,85428,US,0,US,M
2024,EN,FT,Data Analyst,137000,USD,137000,US,0,US,M
2024,EN,FT,Data Analyst,60300,USD,60300,US,0,US,M
2024,EN,FT,Data Analyst,170500,USD,170500,US,0,US,M
2024,EN,FT,Data Analyst,89000,USD,89000,US,0,US,M
2024,EN,FT,Data Analyst,85000,USD,85000,US,0,US,M
2024,EN,FT,Data Analyst,75000,USD,75000,US,0,US,M
2024,SE,FT,Data Analytics Lead,165000,USD,165000,US,100,US,M
2024,SE,FT,Data Analytics Lead,130000,USD,130000,US,100,US,M
2024,SE,FT,Data Analytics Lead,190000,USD,190000,US,100,US,M
2024,SE,FT,Data Analytics Lead,150000,USD,150000,US,100,US,M
2024,MI,FT,Analytics Engineer,135000,USD,135000,US,0,US,M
2024,MI,FT,Analytics Engineer,100000,USD,100000,US,0,US,M
2024,SE,FT,Data Scientist,250000,USD,250000,US,0,US,M
2024,SE,FT,Data Scientist,110000,USD,110000,US,0,US,M
2024,SE,FT,Data Scientist,264480,USD,264480,US,0,US,M
2024,SE,FT,Data Scientist,145000,USD,145000,US,0,US,M
2024,SE,FT,Data Scientist,248520,USD,248520,US,0,US,M
2024,SE,FT,Data Scientist,136000,USD,136000,US,0,US,M
2024,SE,FT,Data Scientist,282720,USD,282720,US,0,US,M
2024,SE,FT,Data Scientist,155000,USD,155000,US,0,US,M
2024,MI,FT,Data Scientist,238560,USD,238560,US,0,US,M
2024,MI,FT,Data Scientist,133000,USD,133000,US,0,US,M
2024,MI,FT,Data Scientist,255360,USD,255360,US,0,US,M
2024,MI,FT,Data Scientist,142000,USD,142000,US,0,US,M
2024,MI,FT,Data Scientist,224000,USD,224000,US,0,US,M
2024,MI,FT,Data Scientist,125000,USD,125000,US,0,US,M
2024,MI,FT,Data Scientist,55000,GBP,68750,GB,0,GB,M
2024,MI,FT,Data Scientist,41800,GBP,52250,GB,0,GB,M
2024,SE,FT,Data Scientist,149000,USD,149000,US,0,US,M
2024,SE,FT,Data Scientist,115000,USD,115000,US,0,US,M
2024,SE,FT,Data Engineer,207000,USD,207000,US,0,US,M
2024,SE,FT,Data Engineer,154960,USD,154960,US,0,US,M
2024,SE,FT,Data Scientist,220000,USD,220000,US,0,US,M
2024,SE,FT,Data Scientist,96600,USD,96600,US,0,US,M
2024,MI,FT,Data Scientist,172000,USD,172000,US,0,US,M
2024,MI,FT,Data Scientist,75600,USD,75600,US,0,US,M
2024,MI,FT,Data Scientist,229900,USD,229900,US,0,US,M
2024,MI,FT,Data Scientist,201400,USD,201400,US,0,US,M
2024,SE,FT,Data Scientist,188500,USD,188500,US,0,US,M
2024,SE,FT,Data Scientist,165100,USD,165100,US,0,US,M
2024,MI,FT,Data Scientist,119800,USD,119800,US,100,US,M
2024,MI,FT,Data Scientist,75000,USD,75000,US,100,US,M
2024,SE,FT,Data Scientist,225500,USD,225500,US,0,US,M
2024,SE,FT,Data Scientist,136600,USD,136600,US,0,US,M
2024,SE,FT,Research Analyst,220000,USD,220000,US,0,US,M
2024,SE,FT,Research Analyst,96600,USD,96600,US,0,US,M
2024,SE,FT,Machine Learning Engineer,260400,USD,260400,CA,0,CA,M
2024,SE,FT,Machine Learning Engineer,173600,USD,173600,CA,0,CA,M
2024,MI,FT,Machine Learning Engineer,179000,USD,179000,US,0,US,M
2024,MI,FT,Machine Learning Engineer,112000,USD,112000,US,0,US,M
2024,SE,FT,Machine Learning Engineer,229900,USD,229900,US,0,US,M
2024,SE,FT,Machine Learning Engineer,201400,USD,201400,US,0,US,M
2024,SE,FT,Machine Learning Engineer,284400,USD,284400,US,0,US,M
2024,SE,FT,Machine Learning Engineer,150700,USD,150700,US,0,US,M
2024,MI,FT,Machine Learning Engineer,154500,USD,154500,US,0,US,M
2024,MI,FT,Machine Learning Engineer,75705,USD,75705,US,0,US,M
2024,MI,FT,Data Engineer,136620,USD,136620,US,100,US,M
2024,MI,FT,Data Engineer,124200,USD,124200,US,100,US,M
2024,SE,FT,Data Engineer,220000,USD,220000,US,0,US,M
2024,SE,FT,Data Engineer,137500,USD,137500,US,0,US,M
2024,SE,FT,Data Engineer,219230,USD,219230,US,0,US,M
2024,SE,FT,Data Engineer,149300,USD,149300,US,0,US,M
2024,EN,FT,Software Engineer,78600,USD,78600,US,0,US,M
2024,EN,FT,Software Engineer,49100,USD,49100,US,0,US,M
2024,MI,FT,Software Engineer,128000,USD,128000,US,0,US,M
2024,MI,FT,Software Engineer,64000,USD,64000,US,0,US,M
2024,MI,FT,Software Engineer,117500,USD,117500,US,0,US,M
2024,MI,FT,Software Engineer,65000,USD,65000,US,0,US,M
2024,MI,FT,Software Engineer,146875,USD,146875,US,0,US,M
2024,MI,FT,Software Engineer,75000,USD,75000,US,0,US,M
2024,SE,FT,Software Engineer,138000,USD,138000,US,0,US,M
2024,SE,FT,Software Engineer,86000,USD,86000,US,0,US,M
2024,SE,FT,Software Engineer,193000,USD,193000,DE,0,DE,M
2024,SE,FT,Software Engineer,84600,USD,84600,DE,0,DE,M
2024,SE,FT,Machine Learning Engineer,252000,USD,252000,US,0,US,M
2024,SE,FT,Machine Learning Engineer,168000,USD,168000,US,0,US,M
2024,SE,FT,Data Scientist,180000,USD,180000,US,0,US,M
2024,SE,FT,Data Scientist,144000,USD,144000,US,0,US,M
2024,MI,FT,Data Scientist,155000,USD,155000,US,0,US,M
2024,MI,FT,Data Scientist,124000,USD,124000,US,0,US,M
2024,MI,FT,Data Scientist,175100,USD,175100,US,100,US,M
2024,MI,FT,Data Scientist,145900,USD,145900,US,100,US,M
2024,SE,FT,Data Scientist,158000,USD,158000,US,0,US,M
2024,SE,FT,Data Scientist,135000,USD,135000,US,0,US,M
2024,MI,FT,Data Scientist,111740,USD,111740,US,0,US,M
2024,MI,FT,Data Scientist,75500,USD,75500,US,0,US,M
2024,SE,FT,Data Scientist,310270,USD,310270,US,0,US,M
2024,SE,FT,Data Scientist,239080,USD,239080,US,0,US,M
2024,SE,FT,Data Scientist,311900,USD,311900,US,0,US,M
2024,SE,FT,Data Scientist,207900,USD,207900,US,0,US,M
2024,SE,FT,Data Scientist,78500,EUR,87222,NL,0,NL,M
2024,SE,FT,Data Scientist,57800,EUR,64222,NL,0,NL,M
2024,MI,FT,Data Operations Engineer,144000,USD,144000,US,0,US,M
2024,MI,FT,Data Operations Engineer,132000,USD,132000,US,0,US,M
2024,SE,FT,Analytics Engineer,222000,USD,222000,US,100,US,M
2024,SE,FT,Analytics Engineer,160400,USD,160400,US,100,US,M
2024,MI,FT,Analytics Engineer,156000,USD,156000,US,100,US,M
2024,MI,FT,Analytics Engineer,104000,USD,104000,US,100,US,M
2024,MI,FT,Analytics Engineer,134000,USD,134000,US,100,US,M
2024,MI,FT,Analytics Engineer,110000,USD,110000,US,100,US,M
2024,SE,FT,AI Architect,114000,USD,114000,US,100,US,M
2024,SE,FT,AI Architect,92000,USD,92000,US,100,US,M
2024,SE,FT,Software Engineer,223500,USD,223500,US,0,US,M
2024,SE,FT,Software Engineer,152000,USD,152000,US,0,US,M
2024,SE,FT,Machine Learning Engineer,222000,USD,222000,US,0,US,M
2024,SE,FT,Machine Learning Engineer,134000,USD,134000,US,0,US,M
2024,SE,FT,Machine Learning Engineer,234000,USD,234000,US,0,US,M
2024,SE,FT,Machine Learning Engineer,141000,USD,141000,US,0,US,M
2024,SE,FT,Machine Learning Engineer,211500,USD,211500,US,0,US,M
2024,SE,FT,Machine Learning Engineer,136500,USD,136500,US,0,US,M
2024,SE,FT,Machine Learning Engineer,300000,USD,300000,US,0,US,M
2024,SE,FT,Machine Learning Engineer,200000,USD,200000,US,0,US,M
2024,SE,FT,Applied Scientist,210000,USD,210000,CA,0,CA,M
2024,SE,FT,Applied Scientist,110000,USD,110000,CA,0,CA,M
2024,EX,FT,Software Engineer,230000,USD,230000,US,0,US,M
2024,EX,FT,Software Engineer,160000,USD,160000,US,0,US,M
2024,SE,FT,Applied Scientist,260000,USD,260000,US,0,US,L
2024,SE,FT,Applied Scientist,150400,USD,150400,US,0,US,L
2024,MI,FT,Applied Scientist,222200,USD,222200,US,0,US,L
2024,MI,FT,Applied Scientist,136000,USD,136000,US,0,US,L
2024,SE,FT,Applied Scientist,260000,USD,260000,US,0,US,L
2024,SE,FT,Applied Scientist,150400,USD,150400,US,0,US,L
2024,SE,FT,Data Engineer,190000,USD,190000,US,100,US,M
2024,SE,FT,Data Engineer,140000,USD,140000,US,100,US,M
2024,SE,FT,Data Engineer,165000,USD,165000,US,0,US,M
2024,SE,FT,Data Engineer,135000,USD,135000,US,0,US,M
2024,SE,FT,Data Engineer,180000,USD,180000,US,100,US,M
2024,SE,FT,Data Engineer,150000,USD,150000,US,100,US,M
2024,EN,FT,Data Engineer,185000,USD,185000,US,0,US,L
2024,EN,FT,Data Engineer,91200,USD,91200,US,0,US,L
2024,SE,FT,Data Engineer,300000,USD,300000,US,0,US,M
2024,SE,FT,Data Engineer,235000,USD,235000,US,0,US,M
2024,SE,FT,AI Scientist,216150,USD,216150,US,0,US,M
2024,SE,FT,AI Scientist,157200,USD,157200,US,0,US,M
2024,SE,FT,Software Engineer,233200,USD,233200,US,0,US,M
2024,SE,FT,Software Engineer,144200,USD,144200,US,0,US,M
2024,MI,FT,Data Analyst,150000,USD,150000,US,0,US,M
2024,MI,FT,Data Analyst,99000,USD,99000,US,0,US,M
2024,MI,FT,Data Analyst,95000,USD,95000,US,0,US,M
2024,MI,FT,Data Analyst,80000,USD,80000,US,0,US,M
2024,EN,FT,Data Analyst,68000,EUR,75555,NL,0,NL,M
2024,EN,FT,Data Analyst,49800,EUR,55333,NL,0,NL,M
2024,SE,FT,Data Analyst,135000,USD,135000,US,0,US,M
2024,SE,FT,Data Analyst,120000,USD,120000,US,0,US,M
2024,MI,FT,Data Analyst,143100,USD,143100,US,0,US,L
2024,MI,FT,Data Analyst,66900,USD,66900,US,0,US,L
2024,SE,FT,Data Architect,217000,USD,217000,US,0,US,M
2024,SE,FT,Data Architect,152000,USD,152000,US,0,US,M
2024,SE,FT,Data Architect,155413,USD,155413,US,0,US,M
2024,SE,FT,Data Architect,118414,USD,118414,US,0,US,M
2024,SE,FT,Data Scientist,196900,USD,196900,US,0,US,M
2024,SE,FT,Data Scientist,180393,USD,180393,US,0,US,M
2024,SE,FT,Data Scientist,196900,USD,196900,US,0,US,M
2024,SE,FT,Data Scientist,175420,USD,175420,US,0,US,M
2024,MI,FT,Data Scientist,235400,USD,235400,US,0,US,M
2024,MI,FT,Data Scientist,225624,USD,225624,US,0,US,M
2024,SE,FT,Data Scientist,235400,USD,235400,US,0,US,M
2024,SE,FT,Data Scientist,209720,USD,209720,US,0,US,M
2024,SE,FT,Data Scientist,196900,USD,196900,US,0,US,M
2024,SE,FT,Data Scientist,178418,USD,178418,US,0,US,M
2024,SE,FT,Data Scientist,235400,USD,235400,US,0,US,M
2024,SE,FT,Data Scientist,209720,USD,209720,US,0,US,M
2024,SE,FT,Data Scientist,196900,USD,196900,US,0,US,M
2024,SE,FT,Data Scientist,183552,USD,183552,US,0,US,M
2024,MI,FT,Data Scientist,235400,USD,235400,US,0,US,M
2024,MI,FT,Data Scientist,209720,USD,209720,US,0,US,M
2024,MI,FT,Research Scientist,161500,USD,161500,US,0,US,M
2024,MI,FT,Research Scientist,161500,USD,161500,US,0,US,M
2024,SE,FT,Machine Learning Scientist,130100,USD,130100,US,0,US,M
2024,SE,FT,Machine Learning Scientist,130100,USD,130100,US,0,US,M
2024,EN,FT,Data Analyst,203280,USD,203280,US,0,US,M
2024,EN,FT,Data Analyst,181479,USD,181479,US,0,US,M
2024,SE,FT,Applied Scientist,250200,USD,250200,US,0,US,M
2024,SE,FT,Applied Scientist,117200,USD,117200,US,0,US,M
2024,EX,FT,Head of Data,250000,USD,250000,SK,0,SK,M
2024,EX,FT,Head of Data,200000,USD,200000,SK,0,SK,M
2024,MI,FT,Research Scientist,240240,USD,240240,US,0,US,M
2024,MI,FT,Research Scientist,207992,USD,207992,US,0,US,M
2024,SE,FT,Data Scientist,286000,USD,286000,US,0,US,M
2024,SE,FT,Data Scientist,132000,USD,132000,US,0,US,M
2024,MI,FT,Software Engineer,91140,GBP,113925,GB,0,GB,M
2024,MI,FT,Software Engineer,63455,GBP,79318,GB,0,GB,M
2024,MI,FT,Data Engineer,70000,GBP,87500,GB,0,GB,M
2024,MI,FT,Data Engineer,51200,GBP,64000,GB,0,GB,M
2024,SE,FT,Data Engineer,180000,USD,180000,US,0,US,M
2024,SE,FT,Data Engineer,90000,USD,90000,US,0,US,M
2024,SE,FT,Data Engineer,199800,USD,199800,US,0,US,M
2024,SE,FT,Data Engineer,136100,USD,136100,US,0,US,M
2024,MI,FT,Data Engineer,131800,USD,131800,US,0,US,M
2024,MI,FT,Data Engineer,61800,USD,61800,US,0,US,M
2024,SE,FT,Data Engineer,160000,USD,160000,US,0,US,M
2024,SE,FT,Data Engineer,136100,USD,136100,US,0,US,M
2024,MI,FT,Data Engineer,209600,USD,209600,US,0,US,M
2024,MI,FT,Data Engineer,149300,USD,149300,US,0,US,M
2024,MI,FT,Data Engineer,172000,USD,172000,US,0,US,M
2024,MI,FT,Data Engineer,75600,USD,75600,US,0,US,M
2024,SE,FT,Data Scientist,250000,USD,250000,US,0,US,M
2024,SE,FT,Data Scientist,175000,USD,175000,US,0,US,M
2024,EN,FT,Data Scientist,175100,USD,175100,US,0,US,M
2024,EN,FT,Data Scientist,82915,USD,82915,US,0,US,M
2024,SE,FT,Data Scientist,236900,USD,236900,US,0,US,M
2024,SE,FT,Data Scientist,118450,USD,118450,US,0,US,M
2024,SE,FT,Data Scientist,206000,USD,206000,US,0,US,M
2024,SE,FT,Data Scientist,97335,USD,97335,US,0,US,M
2024,SE,FT,Data Scientist,185400,USD,185400,US,0,US,M
2024,SE,FT,Data Scientist,92700,USD,92700,US,0,US,M
2024,MI,FT,Data Scientist,235400,USD,235400,US,0,US,M
2024,MI,FT,Data Scientist,211364,USD,211364,US,0,US,M
2024,MI,FT,Data Scientist,137000,USD,137000,US,0,US,M
2024,MI,FT,Data Scientist,60300,USD,60300,US,0,US,M
2024,SE,FT,Data Scientist,161800,USD,161800,US,0,US,M
2024,SE,FT,Data Scientist,97100,USD,97100,US,0,US,M
2024,SE,FT,Data Analytics Lead,192500,USD,192500,US,0,US,M
2024,SE,FT,Data Analytics Lead,140000,USD,140000,US,0,US,M
2024,SE,FT,Research Scientist,166500,USD,166500,US,0,US,M
2024,SE,FT,Research Scientist,99900,USD,99900,US,0,US,M
2024,MI,FT,Data Scientist,229900,USD,229900,US,0,US,M
2024,MI,FT,Data Scientist,201400,USD,201400,US,0,US,M
2024,MI,FT,Data Scientist,155900,USD,155900,US,0,US,M
2024,MI,FT,Data Scientist,93500,USD,93500,US,0,US,M
2024,MI,FT,Data Scientist,155900,USD,155900,US,0,US,M
2024,MI,FT,Data Scientist,84200,USD,84200,US,0,US,M
2024,SE,FT,Data Architect,118420,GBP,148025,GB,0,GB,M
2024,SE,FT,Data Architect,100657,GBP,125821,GB,0,GB,M
2024,SE,FT,Data Architect,265200,USD,265200,US,0,US,M
2024,SE,FT,Data Architect,142800,USD,142800,US,0,US,M
2024,SE,FT,Data Architect,187415,USD,187415,US,0,US,M
2024,SE,FT,Data Architect,114080,USD,114080,US,0,US,M
2024,SE,FT,Software Engineer,289000,USD,289000,US,100,US,M
2024,SE,FT,Software Engineer,263000,USD,263000,US,100,US,M
2024,SE,FT,AI Scientist,156499,USD,156499,US,0,US,M
2024,SE,FT,AI Scientist,96600,USD,96600,US,0,US,M
2024,MI,FT,Data Quality Manager,145000,USD,145000,US,0,US,M
2024,MI,FT,Data Quality Manager,120000,USD,120000,US,0,US,M
2024,MI,FT,Data Product Manager,170000,USD,170000,US,100,US,M
2024,MI,FT,Data Product Manager,145000,USD,145000,US,100,US,M
2024,SE,FT,Decision Scientist,120000,USD,120000,US,100,US,M
2024,SE,FT,Decision Scientist,82500,USD,82500,US,100,US,M
2024,SE,FT,Data Scientist,198000,USD,198000,US,100,US,M
2024,SE,FT,Data Scientist,138000,USD,138000,US,100,US,M
2024,SE,FT,Data Scientist,215000,USD,215000,US,100,US,M
2024,SE,FT,Data Scientist,175000,USD,175000,US,100,US,M
2024,SE,FT,Data Scientist,220000,USD,220000,US,0,US,M
2024,SE,FT,Data Scientist,146000,USD,146000,US,0,US,M
2024,SE,FT,Data Architect,200000,USD,200000,US,0,US,M
2024,SE,FT,Data Architect,147000,USD,147000,US,0,US,M
2024,SE,FT,Data Architect,184000,USD,184000,US,0,US,M
2024,SE,FT,Data Architect,123000,USD,123000,US,0,US,M
2024,SE,FT,Machine Learning Engineer,186941,USD,186941,US,0,US,M
2024,SE,FT,Machine Learning Engineer,149552,USD,149552,US,0,US,M
2024,SE,FT,Software Engineer,270400,USD,270400,US,100,US,M
2024,SE,FT,Software Engineer,246000,USD,246000,US,100,US,M
2024,SE,FT,Software Engineer,222000,USD,222000,US,100,US,M
2024,SE,FT,Software Engineer,202000,USD,202000,US,100,US,M
2024,SE,FT,Machine Learning Engineer,266000,USD,266000,US,100,US,M
2024,SE,FT,Machine Learning Engineer,180000,USD,180000,US,100,US,M
2024,SE,FT,Machine Learning Architect,171000,USD,171000,CA,100,CA,M
2024,SE,FT,Machine Learning Architect,152000,USD,152000,CA,100,CA,M
2024,SE,FT,Data Engineer,140000,USD,140000,US,0,US,M
2024,SE,FT,Data Engineer,140000,USD,140000,US,0,US,M
2024,SE,FT,Machine Learning Engineer,190000,USD,190000,US,100,US,M
2024,SE,FT,Machine Learning Engineer,140000,USD,140000,US,100,US,M
2024,MI,FT,Research Scientist,245000,USD,245000,US,0,US,M
2024,MI,FT,Research Scientist,136000,USD,136000,US,0,US,M
2024,SE,FT,Data Analyst,151800,USD,151800,US,0,US,M
2024,SE,FT,Data Analyst,126900,USD,126900,US,0,US,M
2024,EN,FT,Data Analyst,120000,USD,120000,US,0,US,M
2024,EN,FT,Data Analyst,90000,USD,90000,US,0,US,M
2024,SE,FT,Data Analyst,154000,USD,154000,CA,100,CA,M
2024,EN,FT,Data Analyst,85000,USD,85000,US,100,US,M
2024,EN,FT,Data Analyst,75000,USD,75000,US,100,US,M
2024,SE,FT,Data Analyst,202800,USD,202800,US,0,US,M
2024,SE,FT,Data Analyst,108200,USD,108200,US,0,US,M
2024,SE,FT,Analytics Engineer,230000,USD,230000,US,0,US,M
2024,SE,FT,Analytics Engineer,170000,USD,170000,US,0,US,M
2024,SE,FT,Analytics Engineer,206000,USD,206000,US,100,US,M
2024,SE,FT,Analytics Engineer,134000,USD,134000,US,100,US,M
2024,MI,FT,Data Engineer,144000,USD,144000,US,0,US,M
2024,MI,FT,Data Engineer,97000,USD,97000,US,0,US,M
2024,SE,FT,Data Engineer,201500,USD,201500,US,100,US,M
2024,SE,FT,Data Engineer,183000,USD,183000,US,100,US,M
2024,MI,FT,Data Engineer,132000,USD,132000,US,100,US,M
2024,MI,FT,Data Engineer,88000,USD,88000,US,100,US,M
2024,SE,FT,Data Engineer,259000,USD,259000,US,0,US,M
2024,SE,FT,Data Engineer,204000,USD,204000,US,0,US,M
2024,SE,FT,Data Engineer,240000,USD,240000,US,100,US,M
2024,SE,FT,Data Engineer,200000,USD,200000,US,100,US,M
2024,SE,FT,Data Engineer,201300,USD,201300,US,0,US,M
2024,SE,FT,Data Engineer,123900,USD,123900,US,0,US,M
2024,SE,FT,Research Analyst,151000,USD,151000,US,0,US,M
2024,SE,FT,Research Analyst,104000,USD,104000,US,0,US,M
2024,SE,FT,Software Engineer,303400,USD,303400,US,100,US,M
2024,SE,FT,Software Engineer,216700,USD,216700,US,100,US,M
2024,SE,FT,Research Scientist,145000,USD,145000,US,0,US,M
2024,SE,FT,Research Scientist,103000,USD,103000,US,0,US,M
2024,SE,FT,Research Scientist,195200,USD,195200,US,0,US,L
2024,SE,FT,Research Scientist,113000,USD,113000,US,0,US,L
2024,SE,FT,Software Engineer,201650,USD,201650,US,0,US,M
2024,SE,FT,Software Engineer,124600,USD,124600,US,0,US,M
2024,SE,FT,Software Engineer,233200,USD,233200,US,0,US,M
2024,SE,FT,Software Engineer,144200,USD,144200,US,0,US,M
2024,SE,FT,Software Engineer,245500,USD,245500,US,100,US,M
2024,SE,FT,Software Engineer,223000,USD,223000,US,100,US,M
2024,EN,FT,Software Engineer,130000,USD,130000,US,0,US,M
2024,EN,FT,Software Engineer,104000,USD,104000,US,0,US,M
2024,SE,FT,Software Engineer,150000,USD,150000,US,0,US,M
2024,SE,FT,Software Engineer,90000,USD,90000,US,0,US,M
2024,SE,FT,Software Engineer,225600,USD,225600,US,0,US,M
2024,SE,FT,Software Engineer,160000,USD,160000,US,0,US,M
2024,SE,FT,Software Engineer,201500,USD,201500,US,100,US,M
2024,SE,FT,Software Engineer,183000,USD,183000,US,100,US,M
2024,SE,FT,Software Engineer,167500,USD,167500,US,0,US,M
2024,SE,FT,Software Engineer,106500,USD,106500,US,0,US,M
2024,SE,FT,Data Analyst,54000,USD,54000,UA,100,PL,L
2024,EN,FT,Data Analyst,90000,USD,90000,US,100,US,M
2024,MI,FT,Machine Learning Platform Engineer,283780,USD,283780,US,0,US,M
2024,MI,FT,Machine Learning Platform Engineer,233840,USD,233840,US,0,US,M
2024,MI,FT,Machine Learning Platform Engineer,220000,USD,220000,US,0,US,M
2024,MI,FT,Machine Learning Platform Engineer,150000,USD,150000,US,0,US,M
2024,MI,FT,Data Analyst,75000,USD,75000,US,0,US,M
2024,MI,FT,Data Analyst,65000,USD,65000,US,0,US,M
2024,MI,FT,Software Engineer,175000,USD,175000,US,0,US,M
2024,MI,FT,Software Engineer,100000,USD,100000,US,0,US,M
2024,MI,FT,Software Engineer,175000,USD,175000,US,100,US,M
2024,MI,FT,Software Engineer,100000,USD,100000,US,100,US,M
2024,MI,FT,Software Engineer,175000,USD,175000,US,0,US,M
2024,MI,FT,Software Engineer,100000,USD,100000,US,0,US,M
2024,MI,FT,Software Engineer,175000,USD,175000,US,0,US,M
2024,MI,FT,Software Engineer,100000,USD,100000,US,0,US,M
2024,MI,FT,Software Engineer,175000,USD,175000,US,0,US,M
2024,MI,FT,Software Engineer,100000,USD,100000,US,0,US,M
2024,MI,FT,Software Engineer,175000,USD,175000,US,100,US,M
2024,MI,FT,Software Engineer,100000,USD,100000,US,100,US,M
2024,MI,FT,Data Visualization Analyst,38000,GBP,47500,GB,100,GB,L
2024,MI,FT,Data Manager,155000,USD,155000,US,0,US,M
2024,MI,FT,Data Manager,132000,USD,132000,US,0,US,M
2024,MI,FT,Data Manager,80000,USD,80000,US,100,US,M
2024,MI,FT,Data Manager,61000,USD,61000,US,100,US,M
2024,MI,FT,Data Manager,160000,USD,160000,US,0,US,M
2024,MI,FT,Data Manager,115000,USD,115000,US,0,US,M
2024,SE,FT,Data Engineer,235400,USD,235400,US,100,US,M
2024,SE,FT,Data Engineer,209720,USD,209720,US,100,US,M
2024,EX,FT,Data Engineer,130000,USD,130000,US,0,US,M
2024,EX,FT,Data Engineer,90000,USD,90000,US,0,US,M
2024,MI,FT,Data Engineer,270000,USD,270000,US,0,US,M
2024,MI,FT,Data Engineer,130000,USD,130000,US,0,US,M
2024,MI,FT,Data Engineer,144000,USD,144000,US,0,US,M
2024,MI,FT,Data Engineer,102500,USD,102500,US,0,US,M
2024,MI,FT,Data Engineer,80300,USD,80300,US,0,US,M
2024,MI,FT,Data Engineer,60200,USD,60200,US,0,US,M
2024,SE,FT,Data Engineer,150000,USD,150000,US,100,US,M
2024,SE,FT,Data Engineer,120000,USD,120000,US,100,US,M
2024,SE,FT,Data Engineer,229500,USD,229500,US,0,US,M
2024,SE,FT,Data Engineer,126500,USD,126500,US,0,US,M
2024,SE,FT,Analytics Engineer,168000,USD,168000,US,0,US,M
2024,SE,FT,Analytics Engineer,112000,USD,112000,US,0,US,M
2024,SE,FT,Machine Learning Engineer,284000,USD,284000,US,0,US,M
2024,SE,FT,Machine Learning Engineer,189000,USD,189000,US,0,US,M
2024,MI,FT,Software Engineer,256500,USD,256500,US,0,US,M
2024,MI,FT,Software Engineer,138900,USD,138900,US,0,US,M
2024,SE,FT,Machine Learning Engineer,300200,USD,300200,US,0,US,M
2024,SE,FT,Machine Learning Engineer,170700,USD,170700,US,0,US,M
2024,SE,FT,Data Scientist,235400,USD,235400,US,0,US,M
2024,SE,FT,Data Scientist,199234,USD,199234,US,0,US,M
2024,SE,FT,Data Scientist,196900,USD,196900,US,0,US,M
2024,SE,FT,Data Scientist,187038,USD,187038,US,0,US,M
2024,MI,FT,Data Scientist,235400,USD,235400,US,0,US,M
2024,MI,FT,Data Scientist,206258,USD,206258,US,0,US,M
2024,SE,FT,Data Scientist,235400,USD,235400,US,0,US,M
2024,SE,FT,Data Scientist,206591,USD,206591,US,0,US,M
2024,SE,FT,Data Scientist,235400,USD,235400,US,0,US,M
2024,SE,FT,Data Scientist,209720,USD,209720,US,0,US,M
2024,SE,FT,Data Scientist,235400,USD,235400,US,0,US,M
2024,SE,FT,Data Scientist,212109,USD,212109,US,0,US,M
2024,SE,FT,Data Scientist,267500,USD,267500,US,100,US,M
2024,SE,FT,Data Scientist,119400,USD,119400,US,100,US,M
2024,MI,FT,Data Scientist,200000,USD,200000,US,0,US,M
2024,MI,FT,Data Scientist,135000,USD,135000,US,0,US,M
2024,SE,FT,Research Scientist,239000,USD,239000,US,0,US,M
2024,SE,FT,Research Scientist,161000,USD,161000,US,0,US,M
2024,SE,FT,Research Scientist,240240,USD,240240,US,100,US,M
2024,SE,FT,Research Scientist,210255,USD,210255,US,100,US,M
2024,SE,FT,Data Governance Analyst,158200,USD,158200,US,0,US,M
2024,SE,FT,Data Governance Analyst,118000,USD,118000,US,0,US,M
2024,SE,FT,Data Product Owner,250000,USD,250000,US,100,US,M
2024,SE,FT,Data Product Owner,131000,USD,131000,US,100,US,M
2024,SE,FT,Applied Scientist,250200,USD,250200,US,0,US,M
2024,SE,FT,Applied Scientist,117200,USD,117200,US,0,US,M
2024,SE,FT,Applied Scientist,282200,USD,282200,US,0,US,M
2024,SE,FT,Applied Scientist,133600,USD,133600,US,0,US,M
2024,SE,FT,Applied Scientist,237000,USD,237000,US,0,US,M
2024,SE,FT,Applied Scientist,161200,USD,161200,US,0,US,M
2024,SE,FT,Software Engineer,234000,USD,234000,US,0,US,M
2024,SE,FT,Software Engineer,146000,USD,146000,US,0,US,M
2024,MI,FT,Data Analyst,150000,USD,150000,US,0,US,M
2024,MI,FT,Data Analyst,120000,USD,120000,US,0,US,M
2024,MI,FT,Data Analyst,75000,USD,75000,US,0,US,M
2024,MI,FT,Data Analyst,60000,USD,60000,US,0,US,M
2024,EN,FT,Data Analyst,84000,USD,84000,US,0,US,M
2024,EN,FT,Data Analyst,75800,USD,75800,US,0,US,M
2024,EN,FT,Data Analyst,93100,USD,93100,US,0,US,M
2024,EN,FT,Data Analyst,60000,USD,60000,US,0,US,M
2024,EN,FT,Research Analyst,179000,USD,179000,US,0,US,M
2024,EN,FT,Research Analyst,112000,USD,112000,US,0,US,M
2024,MI,FT,Data Modeler,105000,USD,105000,US,0,US,M
2024,MI,FT,Data Modeler,80000,USD,80000,US,0,US,M
2024,MI,FT,BI Developer,55000,GBP,68750,US,0,US,M
2024,MI,FT,BI Developer,44100,GBP,55125,US,0,US,M
2024,MI,FT,Data Specialist,72000,USD,72000,US,100,US,M
2024,MI,FT,Data Specialist,48000,USD,48000,US,100,US,M
2024,MI,FT,Data Engineer,190000,USD,190000,US,0,US,M
2024,MI,FT,Data Engineer,145000,USD,145000,US,0,US,M
2024,MI,FT,Data Engineer,147900,USD,147900,US,0,US,M
2024,MI,FT,Data Engineer,72200,USD,72200,US,0,US,M
2024,MI,FT,Data Engineer,168700,USD,168700,US,0,US,M
2024,MI,FT,Data Engineer,96400,USD,96400,US,0,US,M
2024,SE,FT,Data Engineer,161800,USD,161800,US,100,US,M
2024,SE,FT,Data Engineer,97100,USD,97100,US,100,US,M
2024,SE,FT,Data Scientist,160400,USD,160400,US,0,US,M
2024,SE,FT,Data Scientist,112000,USD,112000,US,0,US,M
2024,EN,FT,Data Analyst,96000,USD,96000,US,0,US,M
2024,EN,FT,Data Analyst,48000,USD,48000,US,0,US,M
2024,SE,FT,Business Intelligence,103000,USD,103000,US,0,US,M
2024,SE,FT,Business Intelligence,78000,USD,78000,US,0,US,M
2024,MI,FT,AI Developer,123400,USD,123400,US,0,US,M
2024,MI,FT,AI Developer,70500,USD,70500,US,0,US,M
2024,SE,FT,Data Manager,128000,USD,128000,US,0,US,M
2024,SE,FT,Data Manager,64000,USD,64000,US,0,US,M
2024,SE,FT,Data Manager,163000,USD,163000,US,0,US,M
2024,SE,FT,Data Manager,77000,USD,77000,US,0,US,M
2024,MI,FT,Data Scientist,227700,USD,227700,US,100,US,M
2024,MI,FT,Data Scientist,165600,USD,165600,US,100,US,M
2024,SE,FT,Data Engineer,265200,USD,265200,US,0,US,M
2024,SE,FT,Data Engineer,137100,USD,137100,US,0,US,M
2024,SE,FT,Data Engineer,166000,USD,166000,US,0,US,M
2024,SE,FT,Data Engineer,82000,USD,82000,US,0,US,M
2024,EN,FT,Data Visualization Analyst,151770,USD,151770,US,0,US,M
2024,EN,FT,Data Visualization Analyst,91062,USD,91062,US,0,US,M
2024,SE,FT,Data Visualization Analyst,163116,USD,163116,US,0,US,M
2024,SE,FT,Data Visualization Analyst,97870,USD,97870,US,0,US,M
2024,EN,FT,Data Visualization Analyst,137000,USD,137000,US,0,US,M
2024,EN,FT,Data Visualization Analyst,60300,USD,60300,US,0,US,M
2024,SE,FT,Data Visualization Analyst,150000,USD,150000,US,0,US,M
2024,SE,FT,Data Visualization Analyst,100000,USD,100000,US,0,US,M
2024,EN,FT,Research Analyst,106000,USD,106000,US,0,US,M
2024,EN,FT,Research Analyst,66000,USD,66000,US,0,US,M
2024,SE,FT,Data Governance Lead,75000,GBP,93750,GB,0,GB,M
2024,SE,FT,Data Governance Lead,57600,GBP,72000,GB,0,GB,M
2024,SE,FT,DevOps Engineer,158200,USD,158200,US,0,US,M
2024,SE,FT,DevOps Engineer,79000,USD,79000,US,0,US,M
2024,MI,FT,Machine Learning Engineer,256500,USD,256500,US,0,US,M
2024,MI,FT,Machine Learning Engineer,138900,USD,138900,US,0,US,M
2024,SE,FT,Applied Scientist,250944,USD,250944,US,100,US,M
2024,SE,FT,Applied Scientist,178538,USD,178538,US,100,US,M
2024,SE,FT,Data Scientist,196900,USD,196900,US,100,US,M
2024,SE,FT,Data Scientist,180393,USD,180393,US,100,US,M
2024,SE,FT,Software Engineer,290180,USD,290180,US,0,US,M
2024,SE,FT,Software Engineer,258524,USD,258524,US,0,US,M
2024,MI,FT,Software Engineer,200200,USD,200200,US,0,US,M
2024,MI,FT,Software Engineer,176386,USD,176386,US,0,US,M
2024,SE,FT,Software Engineer,284000,USD,284000,US,0,US,M
2024,SE,FT,Software Engineer,189000,USD,189000,US,0,US,M
2024,SE,FT,Machine Learning Engineer,220000,USD,220000,US,0,US,M
2024,SE,FT,Machine Learning Engineer,150000,USD,150000,US,0,US,M
2024,SE,FT,Machine Learning Engineer,324000,USD,324000,US,0,US,M
2024,SE,FT,Machine Learning Engineer,159000,USD,159000,US,0,US,M
2024,SE,FT,Machine Learning Engineer,204600,USD,204600,US,0,US,M
2024,SE,FT,Machine Learning Engineer,84500,USD,84500,US,0,US,M
2024,MI,FT,Data Product Owner,168000,USD,168000,US,0,US,M
2024,MI,FT,Data Product Owner,102000,USD,102000,US,0,US,M
2024,MI,FT,Data Engineer,196900,USD,196900,US,0,US,M
2024,MI,FT,Data Engineer,180393,USD,180393,US,0,US,M
2024,MI,FT,Data Engineer,275000,USD,275000,US,0,US,M
2024,MI,FT,Data Engineer,185000,USD,185000,US,0,US,M
2024,SE,FT,Data Manager,179000,USD,179000,US,0,US,M
2024,SE,FT,Data Manager,112000,USD,112000,US,0,US,M
2024,SE,FT,Business Intelligence,140000,USD,140000,US,100,US,M
2024,SE,FT,Business Intelligence,100000,USD,100000,US,100,US,M
2024,EN,FT,Data Analyst,168520,USD,168520,US,0,US,M
2024,EN,FT,Data Analyst,167642,USD,167642,US,0,US,M
2024,MI,FT,Data Analyst,95000,USD,95000,US,0,US,M
2024,MI,FT,Data Analyst,75000,USD,75000,US,0,US,M
2024,MI,FT,Data Analyst,102092,USD,102092,US,0,US,M
2024,MI,FT,Data Analyst,75624,USD,75624,US,0,US,M
2024,SE,FT,Data Analyst,131700,USD,131700,US,0,US,M
2024,SE,FT,Data Analyst,84000,USD,84000,US,0,US,M
2024,EN,FT,Data Analyst,123625,USD,123625,US,0,US,M
2024,EN,FT,Data Analyst,77265,USD,77265,US,0,US,M
2024,SE,FT,BI Developer,47000,GBP,58750,GB,0,GB,M
2024,SE,FT,BI Developer,40000,GBP,50000,GB,0,GB,M
2024,SE,FT,Software Engineer,297000,USD,297000,CA,0,CA,M
2024,SE,FT,Software Engineer,243000,USD,243000,CA,0,CA,M
2024,SE,FT,Software Engineer,229000,USD,229000,US,0,US,M
2024,SE,FT,Software Engineer,187000,USD,187000,US,0,US,M
2024,MI,FT,Software Engineer,220000,USD,220000,US,100,US,M
2024,MI,FT,Software Engineer,155000,USD,155000,US,100,US,M
2024,SE,FT,Software Engineer,240000,USD,240000,US,0,US,M
2024,SE,FT,Software Engineer,215197,USD,215197,US,0,US,M
2024,MI,FT,Software Engineer,200000,USD,200000,US,0,US,M
2024,MI,FT,Software Engineer,140000,USD,140000,US,0,US,M
2024,MI,FT,Software Engineer,157800,USD,157800,US,0,US,M
2024,MI,FT,Software Engineer,112200,USD,112200,US,0,US,M
2024,SE,FT,Software Engineer,195000,USD,195000,US,100,US,M
2024,SE,FT,Software Engineer,175000,USD,175000,US,100,US,M
2024,SE,FT,Software Engineer,314400,USD,314400,US,0,US,M
2024,SE,FT,Software Engineer,161600,USD,161600,US,0,US,M
2024,SE,FT,Software Engineer,227000,USD,227000,US,0,US,M
2024,SE,FT,Software Engineer,152000,USD,152000,US,0,US,M
2024,SE,FT,Software Engineer,190000,USD,190000,US,0,US,M
2024,SE,FT,Software Engineer,158500,USD,158500,US,0,US,M
2024,SE,FT,Software Engineer,251600,USD,251600,US,0,US,M
2024,SE,FT,Software Engineer,96800,USD,96800,US,0,US,M
2024,EN,FT,Data Scientist,200000,USD,200000,US,0,US,M
2024,EN,FT,Data Scientist,150000,USD,150000,US,0,US,M
2024,SE,FT,Data Scientist,264000,USD,264000,US,0,US,M
2024,SE,FT,Data Scientist,132000,USD,132000,US,0,US,M
2024,SE,FT,Data Scientist,216000,USD,216000,US,0,US,M
2024,SE,FT,Data Scientist,108000,USD,108000,US,0,US,M
2024,MI,FT,Data Scientist,137000,USD,137000,US,0,US,M
2024,MI,FT,Data Scientist,60400,USD,60400,US,0,US,M
2024,SE,FT,Data Engineer,180000,USD,180000,US,0,US,M
2024,SE,FT,Data Engineer,90000,USD,90000,US,0,US,M
2024,MI,FT,Data Specialist,77500,USD,77500,US,0,US,M
2024,MI,FT,Data Specialist,60000,USD,60000,US,0,US,M
2024,EN,FT,Data Visualization Analyst,168326,USD,168326,US,0,US,M
2024,EN,FT,Data Visualization Analyst,100996,USD,100996,US,0,US,M
2024,EN,FT,Research Analyst,167300,USD,167300,US,0,US,M
2024,EN,FT,Research Analyst,70400,USD,70400,US,0,US,M
2024,SE,FT,Software Engineer,165000,USD,165000,US,100,US,M
2024,SE,FT,Software Engineer,105000,USD,105000,US,100,US,M
2024,SE,FT,Data Engineer,200000,USD,200000,US,100,US,M
2024,SE,FT,Data Engineer,96000,USD,96000,US,100,US,M
2024,MI,FT,Data Analyst,123136,USD,123136,AU,0,AU,M
2024,MI,FT,Data Analyst,96649,USD,96649,AU,0,AU,M
2024,EN,FT,Data Analyst,115000,USD,115000,US,0,US,M
2024,EN,FT,Data Analyst,100000,USD,100000,US,0,US,M
2024,SE,FT,Data Engineer,229900,USD,229900,US,0,US,M
2024,SE,FT,Data Engineer,201400,USD,201400,US,0,US,M
2024,SE,FT,Data Engineer,180000,USD,180000,US,0,US,M
2024,SE,FT,Data Engineer,90000,USD,90000,US,0,US,M
2024,SE,FT,Data Engineer,234000,USD,234000,US,0,US,M
2024,SE,FT,Data Engineer,90000,USD,90000,US,0,US,M
2024,MI,FT,Data Engineer,170000,USD,170000,US,0,US,M
2024,MI,FT,Data Engineer,140000,USD,140000,US,0,US,M
2024,SE,FT,Machine Learning Modeler,245400,USD,245400,US,0,US,M
2024,SE,FT,Machine Learning Modeler,139000,USD,139000,US,0,US,M
2024,SE,FT,Software Engineer,216000,USD,216000,US,0,US,M
2024,SE,FT,Software Engineer,108000,USD,108000,US,0,US,M
2024,SE,FT,Software Engineer,264000,USD,264000,US,0,US,M
2024,SE,FT,Software Engineer,132000,USD,132000,US,0,US,M
2024,SE,FT,Data Engineer,265200,USD,265200,US,0,US,M
2024,SE,FT,Data Engineer,125700,USD,125700,US,0,US,M
2024,MI,FT,Data Engineer,120750,USD,120750,US,0,US,M
2024,MI,FT,Data Engineer,89250,USD,89250,US,0,US,M
2024,MI,FT,Software Engineer,228000,USD,228000,US,0,US,M
2024,MI,FT,Software Engineer,129000,USD,129000,US,0,US,M
2024,SE,FT,Software Engineer,122219,USD,122219,US,0,US,M
2024,SE,FT,Software Engineer,122219,USD,122219,US,0,US,M
2024,SE,FT,Data Scientist,242974,USD,242974,US,100,US,M
2024,SE,FT,Data Scientist,101239,USD,101239,US,100,US,M
2024,SE,FT,Data Scientist,239880,USD,239880,US,0,US,M
2024,SE,FT,Data Scientist,146010,USD,146010,US,0,US,M
2024,SE,FT,Data Scientist,206645,USD,206645,US,0,US,M
2024,SE,FT,Data Scientist,152737,USD,152737,US,0,US,M
2024,MI,FT,Data Scientist,149925,USD,149925,US,0,US,M
2024,MI,FT,Data Scientist,91260,USD,91260,US,0,US,M
2024,SE,FT,Data Scientist,147900,USD,147900,US,0,US,M
2024,SE,FT,Data Scientist,72200,USD,72200,US,0,US,M
2024,SE,FT,Data Scientist,260600,USD,260600,US,100,US,M
2024,SE,FT,Data Scientist,156400,USD,156400,US,100,US,M
2024,MI,FT,Data Scientist,172000,USD,172000,US,0,US,M
2024,MI,FT,Data Scientist,75600,USD,75600,US,0,US,M
2024,SE,FT,Data Analyst,158400,USD,158400,US,0,US,M
2024,SE,FT,Data Analyst,84300,USD,84300,US,0,US,M
2024,MI,FT,Machine Learning Engineer,252000,USD,252000,US,0,US,M
2024,MI,FT,Machine Learning Engineer,143000,USD,143000,US,0,US,M
2024,SE,FT,Machine Learning Engineer,250900,USD,250900,US,0,US,M
2024,SE,FT,Machine Learning Engineer,135200,USD,135200,US,0,US,M
2024,SE,FT,Machine Learning Engineer,237600,USD,237600,US,0,US,M
2024,SE,FT,Machine Learning Engineer,146900,USD,146900,US,0,US,M
2024,SE,FT,Machine Learning Engineer,237600,USD,237600,US,0,US,M
2024,SE,FT,Machine Learning Engineer,146900,USD,146900,US,0,US,M
2024,MI,FT,Machine Learning Engineer,171600,USD,171600,US,0,US,M
2024,MI,FT,Machine Learning Engineer,99500,USD,99500,US,0,US,M
2024,MI,FT,Machine Learning Engineer,172000,USD,172000,US,0,US,M
2024,MI,FT,Machine Learning Engineer,75600,USD,75600,US,0,US,M
2024,SE,FT,Software Engineer,174000,USD,174000,US,100,US,M
2024,SE,FT,Software Engineer,147900,USD,147900,US,100,US,M
2024,MI,FT,Machine Learning Engineer,174000,USD,174000,US,100,US,M
2024,MI,FT,Machine Learning Engineer,147900,USD,147900,US,100,US,M
2024,SE,FT,Software Engineer,149500,USD,149500,CA,100,CA,M
2024,SE,FT,Software Engineer,149500,USD,149500,CA,100,CA,M
2024,SE,FT,Machine Learning Engineer,185500,USD,185500,CA,100,CA,M
2024,SE,FT,Machine Learning Engineer,185500,USD,185500,CA,100,CA,M
2024,SE,FT,Machine Learning Engineer,212000,USD,212000,US,100,US,M
2024,SE,FT,Machine Learning Engineer,180265,USD,180265,US,100,US,M
2024,SE,FT,Machine Learning Engineer,303400,USD,303400,US,100,US,M
2024,SE,FT,Machine Learning Engineer,216700,USD,216700,US,100,US,M
2024,SE,FT,Machine Learning Engineer,185000,USD,185000,US,100,US,M
2024,SE,FT,Machine Learning Engineer,170000,USD,170000,US,100,US,M
2024,MI,FT,Machine Learning Quality Engineer,188400,USD,188400,US,0,US,M
2024,MI,FT,Machine Learning Quality Engineer,121600,USD,121600,US,0,US,M
2024,MI,FT,Software Engineer,240465,USD,240465,US,0,US,M
2024,MI,FT,Software Engineer,177735,USD,177735,US,0,US,M
2024,MI,FT,Research Engineer,175000,USD,175000,US,100,US,M
2024,MI,FT,Research Engineer,110000,USD,110000,US,100,US,M
2024,SE,FT,Data Scientist,170000,USD,170000,US,100,US,M
2024,SE,FT,Data Scientist,119000,USD,119000,US,100,US,M
2024,MI,FT,Data Scientist,272700,USD,272700,US,100,US,M
2024,MI,FT,Data Scientist,158100,USD,158100,US,100,US,M
2024,SE,FT,Data Scientist,233100,USD,233100,US,0,US,M
2024,SE,FT,Data Scientist,140000,USD,140000,US,0,US,M
2024,SE,FT,Data Scientist,257600,USD,257600,US,0,US,M
2024,SE,FT,Data Scientist,146000,USD,146000,US,0,US,M
2024,SE,FT,Data Scientist,259700,USD,259700,US,100,US,M
2024,SE,FT,Data Scientist,185500,USD,185500,US,100,US,M
2024,SE,FT,Data Scientist,257600,USD,257600,US,0,US,M
2024,SE,FT,Data Scientist,146000,USD,146000,US,0,US,M
2024,MI,FT,Data Scientist,180000,USD,180000,US,0,US,M
2024,MI,FT,Data Scientist,130000,USD,130000,US,0,US,M
2024,MI,FT,Data Scientist,170000,USD,170000,US,0,US,M
2024,MI,FT,Data Scientist,120000,USD,120000,US,0,US,M
2024,SE,FT,Data Scientist,213500,USD,213500,US,0,US,M
2024,SE,FT,Data Scientist,174000,USD,174000,US,0,US,M
2024,MI,FT,Data Specialist,112000,USD,112000,US,0,US,M
2024,MI,FT,Data Specialist,95000,USD,95000,US,0,US,M
2024,SE,FT,Applied Scientist,237000,USD,237000,US,0,US,M
2024,SE,FT,Applied Scientist,161200,USD,161200,US,0,US,M
2024,SE,FT,Applied Scientist,260000,USD,260000,US,0,US,L
2024,SE,FT,Applied Scientist,150400,USD,150400,US,0,US,L
2024,MI,FT,Applied Scientist,249300,USD,249300,US,0,US,L
2024,MI,FT,Applied Scientist,149300,USD,149300,US,0,US,L
2024,SE,FT,Software Engineer,200000,USD,200000,US,100,US,M
2024,SE,FT,Software Engineer,150000,USD,150000,US,100,US,M
2024,MI,FT,Data Analyst,164000,USD,164000,US,100,US,M
2024,MI,FT,Data Analyst,101000,USD,101000,US,100,US,M
2024,SE,FT,Data Analyst,160000,USD,160000,US,100,US,M
2024,SE,FT,Data Analyst,120000,USD,120000,US,100,US,M
2024,SE,FT,Data Analyst,150000,USD,150000,US,100,US,M
2024,SE,FT,Data Analyst,130000,USD,130000,US,100,US,M
2024,SE,FT,Data Analyst,58531,USD,58531,US,0,US,M
2024,SE,FT,Data Analyst,43493,USD,43493,US,0,US,M
2024,MI,FT,Data Engineer,135000,USD,135000,US,100,US,M
2024,MI,FT,Data Engineer,108000,USD,108000,US,100,US,M
2024,SE,FT,Data Engineer,190000,USD,190000,US,0,US,M
2024,SE,FT,Data Engineer,160000,USD,160000,US,0,US,M
2024,SE,FT,Data Engineer,210000,USD,210000,US,100,US,M
2024,SE,FT,Data Engineer,170000,USD,170000,US,100,US,M
2024,MI,FT,Data Engineer,190000,USD,190000,US,0,US,M
2024,MI,FT,Data Engineer,130000,USD,130000,US,0,US,M
2024,SE,FT,Data Engineer,133861,USD,133861,US,0,US,M
2024,SE,FT,Data Engineer,80317,USD,80317,US,0,US,M
2024,SE,FT,Data Engineer,100000,USD,100000,US,100,US,M
2024,SE,FT,Data Engineer,100000,USD,100000,US,100,US,M
2024,MI,FT,Analytics Engineer,168000,USD,168000,US,0,US,M
2024,MI,FT,Analytics Engineer,112000,USD,112000,US,0,US,M
2024,SE,FT,Software Engineer,280000,USD,280000,US,0,US,M
2024,SE,FT,Software Engineer,201000,USD,201000,US,0,US,M
2024,SE,FT,Software Engineer,262000,USD,262000,CA,0,CA,M
2024,SE,FT,Software Engineer,189000,USD,189000,CA,0,CA,M
2024,SE,FT,Software Engineer,207000,USD,207000,US,0,US,M
2024,SE,FT,Software Engineer,149000,USD,149000,US,0,US,M
2024,SE,FT,Software Engineer,237100,USD,237100,US,100,US,M
2024,SE,FT,Software Engineer,137400,USD,137400,US,100,US,M
2024,SE,FT,Software Engineer,245400,USD,245400,US,0,US,M
2024,SE,FT,Software Engineer,139000,USD,139000,US,0,US,M
2024,SE,FT,Software Engineer,213000,USD,213000,US,100,US,M
2024,SE,FT,Software Engineer,159000,USD,159000,US,100,US,M
2024,MI,FT,Software Engineer,252000,USD,252000,US,0,US,M
2024,MI,FT,Software Engineer,138000,USD,138000,US,0,US,M
2024,MI,FT,Computer Vision Engineer,220400,USD,220400,US,0,US,M
2024,MI,FT,Computer Vision Engineer,67600,USD,67600,US,0,US,M
2024,SE,FT,Computer Vision Engineer,336900,USD,336900,US,0,US,M
2024,SE,FT,Computer Vision Engineer,121400,USD,121400,US,0,US,M
2024,SE,FT,Software Engineer,339250,USD,339250,US,0,US,M
2024,SE,FT,Software Engineer,180000,USD,180000,US,0,US,M
2024,SE,FT,Software Engineer,194200,USD,194200,US,0,US,M
2024,SE,FT,Software Engineer,116500,USD,116500,US,0,US,M
2024,EX,FT,Data Scientist,313600,USD,313600,US,0,US,M
2024,EX,FT,Data Scientist,274800,USD,274800,US,0,US,M
2024,EN,FT,Data Analyst,98500,USD,98500,US,0,US,M
2024,EN,FT,Data Analyst,71500,USD,71500,US,0,US,M
2024,MI,FT,Data Analyst,89500,USD,89500,US,100,US,M
2024,MI,FT,Data Analyst,65000,USD,65000,US,100,US,M
2024,SE,FT,Machine Learning Engineer,170000,USD,170000,US,100,US,M
2024,SE,FT,Machine Learning Engineer,136000,USD,136000,US,100,US,M
2024,SE,FT,Data Engineer,203000,USD,203000,US,0,US,M
2024,SE,FT,Data Engineer,188698,USD,188698,US,0,US,M
2024,SE,FT,Data Engineer,180000,USD,180000,US,0,US,M
2024,SE,FT,Data Engineer,90000,USD,90000,US,0,US,M
2024,SE,FT,Data Engineer,188500,USD,188500,US,0,US,M
2024,SE,FT,Data Engineer,165100,USD,165100,US,0,US,M
2024,EN,FT,Business Intelligence Engineer,89500,USD,89500,US,100,US,M
2024,EN,FT,Business Intelligence Engineer,65000,USD,65000,US,100,US,M
2024,SE,FT,Research Scientist,240240,USD,240240,US,0,US,M
2024,SE,FT,Research Scientist,214471,USD,214471,US,0,US,M
2024,SE,FT,AI Architect,339250,USD,339250,US,0,US,M
2024,SE,FT,AI Architect,180000,USD,180000,US,0,US,M
2024,SE,FT,DevOps Engineer,144650,USD,144650,CA,0,CA,M
2024,SE,FT,DevOps Engineer,98600,USD,98600,CA,0,CA,M
2024,SE,FT,Software Engineer,216000,USD,216000,US,0,US,M
2024,SE,FT,Software Engineer,90000,USD,90000,US,0,US,M
2024,SE,FT,Data Engineer,196900,USD,196900,US,100,US,M
2024,SE,FT,Data Engineer,174129,USD,174129,US,100,US,M
2024,EN,FT,Data Analyst,195500,USD,195500,US,0,US,M
2024,EN,FT,Data Analyst,117300,USD,117300,US,0,US,M
2024,MI,FT,Data Analyst,86940,USD,86940,US,0,US,M
2024,MI,FT,Data Analyst,62400,USD,62400,US,0,US,M
2024,MI,FT,Data Analyst,87447,USD,87447,US,100,US,M
2024,MI,FT,Data Analyst,73819,USD,73819,US,100,US,M
2024,SE,FT,Data Scientist,211000,USD,211000,US,0,US,M
2024,SE,FT,Data Scientist,94900,USD,94900,US,0,US,M
2024,MI,FT,Data Scientist,207000,USD,207000,US,0,US,M
2024,MI,FT,Data Scientist,138000,USD,138000,US,0,US,M
2024,SE,FT,Data Scientist,155000,USD,155000,US,0,US,M
2024,SE,FT,Data Scientist,128000,USD,128000,US,0,US,M
2024,SE,FT,Data Scientist,99000,USD,99000,US,0,US,M
2024,SE,FT,Data Scientist,95000,USD,95000,US,0,US,M
2024,MI,FT,Data Scientist,116000,USD,116000,US,100,US,M
2024,MI,FT,Data Scientist,103000,USD,103000,US,100,US,M
2024,SE,FT,Software Engineer,267100,USD,267100,US,100,US,M
2024,SE,FT,Software Engineer,190800,USD,190800,US,100,US,M
2024,SE,FT,Software Engineer,267100,USD,267100,US,100,US,M
2024,SE,FT,Software Engineer,190800,USD,190800,US,100,US,M
2024,MI,FT,Data Analytics Manager,209000,USD,209000,CA,100,CA,M
2024,MI,FT,Data Analytics Manager,133000,USD,133000,CA,100,CA,M
2024,SE,FT,Data Analyst,132100,USD,132100,US,0,US,M
2024,SE,FT,Data Analyst,93700,USD,93700,US,0,US,M
2024,EN,FT,Data Analyst,95000,USD,95000,US,0,US,M
2024,EN,FT,Data Analyst,90000,USD,90000,US,0,US,M
2024,EN,FT,Data Analyst,115000,USD,115000,US,0,US,M
2024,EN,FT,Data Analyst,100000,USD,100000,US,0,US,M
2024,EN,FT,Data Analyst,70000,USD,70000,US,0,US,M
2024,EN,FT,Data Analyst,55000,USD,55000,US,0,US,M
2024,SE,FT,Data Architect,185000,USD,185000,US,0,US,M
2024,SE,FT,Data Architect,140000,USD,140000,US,0,US,M
2024,SE,FT,Data Quality Analyst,206500,USD,206500,US,0,US,M
2024,SE,FT,Data Quality Analyst,121500,USD,121500,US,0,US,M
2024,MI,FT,Data Engineer,135000,USD,135000,US,0,US,M
2024,MI,FT,Data Engineer,108000,USD,108000,US,0,US,M
2024,EX,FT,Data Engineer,85000,USD,85000,US,0,US,M
2024,EX,FT,Data Engineer,80000,USD,80000,US,0,US,M
2024,MI,FT,Data Engineer,122716,USD,122716,US,0,US,M
2024,MI,FT,Data Engineer,122716,USD,122716,US,0,US,M
2024,SE,FT,Research Engineer,232000,USD,232000,US,0,US,M
2024,SE,FT,Research Engineer,210000,USD,210000,US,0,US,M
2024,SE,FT,Research Engineer,232000,USD,232000,US,0,US,M
2024,SE,FT,Research Engineer,210000,USD,210000,US,0,US,M
2024,SE,FT,Research Engineer,200000,USD,200000,US,0,US,M
2024,SE,FT,Research Engineer,160000,USD,160000,US,0,US,M
2024,SE,FT,Decision Scientist,100000,GBP,125000,GB,100,GB,M
2024,SE,FT,Decision Scientist,70000,GBP,87500,GB,100,GB,M
2024,SE,FT,Applied Scientist,270000,USD,270000,US,0,US,M
2024,SE,FT,Applied Scientist,183600,USD,183600,US,0,US,M
2024,SE,FT,Applied Scientist,270000,USD,270000,US,100,US,M
2024,SE,FT,Applied Scientist,183600,USD,183600,US,100,US,M
2024,SE,FT,Applied Scientist,237000,USD,237000,US,100,US,M
2024,SE,FT,Applied Scientist,161200,USD,161200,US,100,US,M
2024,EX,FT,Data Integration Engineer,180000,USD,180000,US,0,US,M
2024,EX,FT,Data Integration Engineer,150000,USD,150000,US,0,US,M
2024,SE,FT,Business Intelligence Engineer,185000,USD,185000,US,0,US,L
2024,SE,FT,Business Intelligence Engineer,89600,USD,89600,US,0,US,L
2024,SE,FT,BI Analyst,100000,USD,100000,US,0,US,M
2024,SE,FT,BI Analyst,80000,USD,80000,US,0,US,M
2024,MI,FT,BI Developer,142000,USD,142000,US,0,US,M
2024,MI,FT,BI Developer,72000,USD,72000,US,0,US,M
2024,MI,FT,Research Engineer,316900,USD,316900,US,0,US,M
2024,MI,FT,Research Engineer,210900,USD,210900,US,0,US,M
2024,MI,FT,Data Engineer,258000,USD,258000,US,0,US,M
2024,MI,FT,Data Engineer,141000,USD,141000,US,0,US,M
2024,SE,FT,Software Engineer,200000,USD,200000,US,0,US,M
2024,SE,FT,Software Engineer,136000,USD,136000,US,0,US,M
2024,EN,FT,Data Analyst,183000,USD,183000,US,0,US,M
2024,EN,FT,Data Analyst,83400,USD,83400,US,0,US,M
2024,EN,FT,Data Analyst,166000,USD,166000,US,0,US,M
2024,EN,FT,Data Analyst,104000,USD,104000,US,0,US,M
2024,SE,FT,Data Analyst,210100,USD,210100,US,0,US,M
2024,SE,FT,Data Analyst,98000,USD,98000,US,0,US,M
2024,SE,FT,Data Analyst,115000,USD,115000,US,0,US,M
2024,SE,FT,Data Analyst,80000,USD,80000,US,0,US,M
2024,MI,FT,Data Analyst,93000,USD,93000,US,0,US,M
2024,MI,FT,Data Analyst,63000,USD,63000,US,0,US,M
2024,SE,FT,Data Scientist,206000,USD,206000,US,0,US,M
2024,SE,FT,Data Scientist,106605,USD,106605,US,0,US,M
2024,SE,FT,Data Scientist,286000,USD,286000,US,0,US,M
2024,SE,FT,Data Scientist,143000,USD,143000,US,0,US,M
2024,MI,FT,Data Governance Specialist,85000,USD,85000,US,100,US,M
2024,MI,FT,Data Governance Specialist,70800,USD,70800,US,100,US,M
2024,EN,FT,Software Engineer,160000,USD,160000,US,0,US,M
2024,EN,FT,Software Engineer,100000,USD,100000,US,0,US,M
2024,MI,FT,Software Engineer,208800,USD,208800,US,0,US,M
2024,MI,FT,Software Engineer,98300,USD,98300,US,0,US,M
2024,SE,FT,Software Engineer,199700,USD,199700,CA,0,CA,M
2024,SE,FT,Software Engineer,108100,USD,108100,CA,0,CA,M
2024,SE,FT,Software Engineer,286000,USD,286000,US,0,US,M
2024,SE,FT,Software Engineer,143000,USD,143000,US,0,US,M
2024,SE,FT,DevOps Engineer,140000,USD,140000,US,100,US,M
2024,SE,FT,DevOps Engineer,80000,USD,80000,US,100,US,M
2024,EX,FT,Data Governance Analyst,150000,USD,150000,US,0,US,M
2024,EX,FT,Data Governance Analyst,120000,USD,120000,US,0,US,M
2024,SE,FT,Data Governance Lead,162819,USD,162819,US,100,US,M
2024,SE,FT,Data Governance Lead,95776,USD,95776,US,100,US,M
2024,MI,FT,Data Governance Specialist,101000,USD,101000,US,100,US,M
2024,MI,FT,Data Governance Specialist,81000,USD,81000,US,100,US,M
2024,SE,FT,Software Engineer,156500,USD,156500,US,100,US,M
2024,SE,FT,Software Engineer,105100,USD,105100,US,100,US,M
2024,SE,FT,Data Governance Analyst,175000,USD,175000,US,0,US,M
2024,SE,FT,Data Governance Analyst,109000,USD,109000,US,0,US,M
2024,EX,FT,Data Governance Specialist,200000,USD,200000,US,100,US,M
2024,EX,FT,Data Governance Specialist,130000,USD,130000,US,100,US,M
2024,SE,FT,Data Governance Analyst,187158,USD,187158,US,0,US,M
2024,SE,FT,Data Governance Analyst,116974,USD,116974,US,0,US,M
2024,MI,FT,Business Intelligence Developer,155000,USD,155000,US,0,US,M
2024,MI,FT,Business Intelligence Developer,135000,USD,135000,US,0,US,M
2024,SE,FT,Data Engineer,279400,USD,279400,US,100,US,M
2024,SE,FT,Data Engineer,235745,USD,235745,US,100,US,M
2024,MI,FT,Data Engineer,175000,USD,175000,US,0,US,M
2024,MI,FT,Data Engineer,80000,USD,80000,US,0,US,M
2024,MI,FT,Data Engineer,216600,USD,216600,US,0,US,M
2024,MI,FT,Data Engineer,79800,USD,79800,US,0,US,M
2024,SE,FT,Data Engineer,225000,USD,225000,US,0,US,M
2024,SE,FT,Data Engineer,135000,USD,135000,US,0,US,M
2024,MI,FT,Data Integration Coordinator,73000,USD,73000,US,0,US,M
2024,MI,FT,Data Integration Coordinator,62000,USD,62000,US,0,US,M
2024,MI,FT,Data Integration Coordinator,73000,USD,73000,US,0,US,M
2024,MI,FT,Data Integration Coordinator,62000,USD,62000,US,0,US,M
2024,MI,FT,Data Integration Analyst,137000,USD,137000,US,0,US,M
2024,MI,FT,Data Integration Analyst,60400,USD,60400,US,0,US,M
2024,SE,FT,Data Scientist,314000,USD,314000,US,0,US,M
2024,SE,FT,Data Scientist,221000,USD,221000,US,0,US,M
2024,SE,FT,Data Scientist,305000,USD,305000,US,0,US,M
2024,SE,FT,Data Scientist,214000,USD,214000,US,0,US,M
2024,MI,FT,Data Scientist,179000,USD,179000,US,0,US,M
2024,MI,FT,Data Scientist,112000,USD,112000,US,0,US,M
2024,SE,FT,Software Engineer,210000,USD,210000,US,100,US,M
2024,SE,FT,Software Engineer,135000,USD,135000,US,100,US,M
2024,MI,FT,Data Engineer,172000,USD,172000,US,0,US,M
2024,MI,FT,Data Engineer,75600,USD,75600,US,0,US,M
2024,SE,FT,Data Engineer,193000,USD,193000,US,0,US,M
2024,SE,FT,Data Engineer,84600,USD,84600,US,0,US,M
2024,MI,FT,AI Researcher,300000,USD,300000,US,0,US,M
2024,MI,FT,AI Researcher,248500,USD,248500,US,0,US,M
2024,SE,FT,Research Engineer,273000,USD,273000,US,0,US,M
2024,SE,FT,Research Engineer,166500,USD,166500,US,0,US,M
2024,MI,FT,Data Analyst,146000,USD,146000,US,0,US,M
2024,MI,FT,Data Analyst,104000,USD,104000,US,0,US,M
2024,MI,FT,Data Analyst,83096,USD,83096,CA,0,CA,M
2024,MI,FT,Data Analyst,66560,USD,66560,CA,0,CA,M
2024,MI,FT,Data Analyst,179000,USD,179000,US,0,US,M
2024,MI,FT,Data Analyst,112000,USD,112000,US,0,US,M
2024,EX,FT,Head of Data,275000,USD,275000,CA,0,CA,M
2024,EX,FT,Head of Data,225000,USD,225000,CA,0,CA,M
2024,SE,FT,Data Architect,110000,GBP,137500,GB,0,GB,M
2024,SE,FT,Data Architect,80000,GBP,100000,GB,0,GB,M
2024,SE,FT,Data Architect,234000,USD,234000,US,0,US,M
2024,SE,FT,Data Architect,146000,USD,146000,US,0,US,M
2024,SE,FT,Data Architect,267500,USD,267500,US,0,US,M
2024,SE,FT,Data Architect,170000,USD,170000,US,0,US,M
2024,SE,FT,Data Architect,210000,USD,210000,US,100,US,M
2024,SE,FT,Data Architect,180000,USD,180000,US,100,US,M
2024,SE,FT,Data Architect,174200,USD,174200,US,0,US,M
2024,SE,FT,Data Architect,79200,USD,79200,US,0,US,M
2024,SE,FT,Data Architect,150000,USD,150000,US,100,US,M
2024,SE,FT,Data Architect,150000,USD,150000,US,100,US,M
2024,SE,FT,Data Architect,207810,USD,207810,US,0,US,M
2024,SE,FT,Data Architect,153598,USD,153598,US,0,US,M
2024,SE,FT,Data Architect,225000,USD,225000,US,0,US,M
2024,SE,FT,Data Architect,150000,USD,150000,US,0,US,M
2024,SE,FT,Data Architect,195500,USD,195500,US,0,US,M
2024,SE,FT,Data Architect,117300,USD,117300,US,0,US,M
2024,SE,FT,Data Architect,168700,USD,168700,US,0,US,M
2024,SE,FT,Data Architect,96400,USD,96400,US,0,US,M
2024,SE,FT,Data Architect,168700,USD,168700,US,0,US,M
2024,SE,FT,Data Architect,96400,USD,96400,US,0,US,M
2024,SE,FT,Data Architect,175000,USD,175000,US,0,US,M
2024,SE,FT,Data Architect,117000,USD,117000,US,0,US,M
2024,SE,FT,Data Architect,175000,USD,175000,US,0,US,M
2024,SE,FT,Data Architect,117000,USD,117000,US,0,US,M
2024,SE,FT,Data Architect,175000,USD,175000,US,0,US,M
2024,SE,FT,Data Architect,117000,USD,117000,US,0,US,M
2024,SE,FT,Data Architect,175000,USD,175000,US,0,US,M
2024,SE,FT,Data Architect,117000,USD,117000,US,0,US,M
2024,SE,FT,Data Architect,175000,USD,175000,US,0,US,M
2024,SE,FT,Data Architect,117000,USD,117000,US,0,US,M
2024,SE,FT,Data Architect,175000,USD,175000,US,0,US,M
2024,SE,FT,Data Architect,117000,USD,117000,US,0,US,M
2024,SE,FT,Data Architect,175000,USD,175000,US,0,US,M
2024,SE,FT,Data Architect,117000,USD,117000,US,0,US,M
2024,SE,FT,Data Architect,117000,USD,117000,CA,0,CA,M
2024,SE,FT,Data Architect,100000,USD,100000,CA,0,CA,M
2024,SE,FT,Data Architect,160000,USD,160000,US,0,US,M
2024,SE,FT,Data Architect,110000,USD,110000,US,0,US,M
2024,SE,FT,Data Architect,160000,USD,160000,US,0,US,M
2024,SE,FT,Data Architect,110000,USD,110000,US,0,US,M
2024,SE,FT,Data Architect,160000,USD,160000,US,0,US,M
2024,SE,FT,Data Architect,110000,USD,110000,US,0,US,M
2024,SE,FT,Data Architect,175000,USD,175000,US,0,US,M
2024,SE,FT,Data Architect,117000,USD,117000,US,0,US,M
2024,SE,FT,Data Architect,175000,USD,175000,US,0,US,M
2024,SE,FT,Data Architect,117000,USD,117000,US,0,US,M
2024,SE,FT,Data Architect,175000,USD,175000,US,0,US,M
2024,SE,FT,Data Architect,117000,USD,117000,US,0,US,M
2024,SE,FT,Data Architect,175000,USD,175000,US,0,US,M
2024,SE,FT,Data Architect,117000,USD,117000,US,0,US,M
2024,SE,FT,Data Architect,175000,USD,175000,US,0,US,M
2024,SE,FT,Data Architect,117000,USD,117000,US,0,US,M
2024,SE,FT,Data Architect,175000,USD,175000,US,0,US,M
2024,SE,FT,Data Architect,117000,USD,117000,US,0,US,M
2024,SE,FT,Data Architect,180000,USD,180000,US,100,US,M
2024,SE,FT,Data Architect,156000,USD,156000,US,100,US,M
2024,SE,FT,Data Architect,175000,USD,175000,US,0,US,M
2024,SE,FT,Data Architect,117000,USD,117000,US,0,US,M
2024,SE,FT,Data Architect,193000,USD,193000,US,0,US,M
2024,SE,FT,Data Architect,128000,USD,128000,US,0,US,M
2024,SE,FT,Data Architect,175000,USD,175000,US,0,US,M
2024,SE,FT,Data Architect,117000,USD,117000,US,0,US,M
2024,SE,FT,Data Architect,175000,USD,175000,US,0,US,M
2024,SE,FT,Data Architect,117000,USD,117000,US,0,US,M
2024,SE,FT,Data Architect,175000,USD,175000,US,0,US,M
2024,SE,FT,Data Architect,117000,USD,117000,US,0,US,M
2024,MI,FT,Research Scientist,200000,USD,200000,US,0,US,M
2024,MI,FT,Research Scientist,136000,USD,136000,US,0,US,M
2024,SE,FT,Research Scientist,250200,USD,250200,US,0,US,M
2024,SE,FT,Research Scientist,117200,USD,117200,US,0,US,M
2024,MI,FT,Research Scientist,287500,USD,287500,US,0,US,M
2024,MI,FT,Research Scientist,160000,USD,160000,US,0,US,M
2024,SE,FT,Research Scientist,197000,USD,197000,US,0,US,M
2024,SE,FT,Research Scientist,115900,USD,115900,US,0,US,M
2024,MI,FT,Research Scientist,146875,USD,146875,US,0,US,M
2024,MI,FT,Research Scientist,81250,USD,81250,US,0,US,M
2024,SE,FT,Research Scientist,200200,USD,200200,US,0,US,M
2024,SE,FT,Research Scientist,179562,USD,179562,US,0,US,M
2024,SE,FT,Research Scientist,218500,USD,218500,US,0,US,M
2024,SE,FT,Research Scientist,109300,USD,109300,US,0,US,M
2024,SE,FT,Research Scientist,240240,USD,240240,US,0,US,M
2024,SE,FT,Research Scientist,214032,USD,214032,US,0,US,M
2024,MI,FT,Research Scientist,208000,USD,208000,US,0,US,M
2024,MI,FT,Research Scientist,143000,USD,143000,US,0,US,M
2024,SE,FT,AI Programmer,276680,USD,276680,CA,0,CA,M
2024,SE,FT,AI Programmer,188645,USD,188645,CA,0,CA,M
2024,MI,FT,BI Developer,90000,USD,90000,US,0,US,M
2024,MI,FT,BI Developer,75000,USD,75000,US,0,US,M
2024,EX,FT,Head of Data,232000,USD,232000,US,0,US,M
2024,EX,FT,Head of Data,210000,USD,210000,US,0,US,M
2024,MI,FT,Machine Learning Scientist,250000,USD,250000,US,100,US,M
2024,MI,FT,Machine Learning Scientist,200000,USD,200000,US,100,US,M
2024,SE,FT,AI Engineer,285000,USD,285000,US,100,US,M
2024,SE,FT,AI Engineer,125600,USD,125600,US,100,US,M
2024,MI,FT,AI Engineer,220000,USD,220000,US,0,US,M
2024,MI,FT,AI Engineer,96600,USD,96600,US,0,US,M
2024,MI,FT,AI Engineer,172000,USD,172000,US,0,US,M
2024,MI,FT,AI Engineer,75600,USD,75600,US,0,US,M
2024,MI,FT,AI Engineer,200000,USD,200000,US,0,US,M
2024,MI,FT,AI Engineer,100000,USD,100000,US,0,US,M
2024,MI,FT,Computer Vision Engineer,256500,USD,256500,US,0,US,M
2024,MI,FT,Computer Vision Engineer,138900,USD,138900,US,0,US,M
2024,SE,FT,AI Solution Architect,197500,USD,197500,US,0,US,M
2024,SE,FT,AI Solution Architect,132500,USD,132500,US,0,US,M
2024,SE,FT,Data Manager,239900,USD,239900,US,100,US,M
2024,SE,FT,Data Manager,112800,USD,112800,US,100,US,M
2024,SE,FT,Data Management Analyst,162309,USD,162309,US,0,US,M
2024,SE,FT,Data Management Analyst,115293,USD,115293,US,0,US,M
2024,MI,FT,Data Management Analyst,131900,USD,131900,US,0,US,M
2024,MI,FT,Data Management Analyst,65900,USD,65900,US,0,US,M
2024,SE,FT,Data Management Analyst,132804,USD,132804,US,0,US,M
2024,SE,FT,Data Management Analyst,94860,USD,94860,US,0,US,M
2024,MI,FT,Data Product Owner,143000,USD,143000,US,0,US,M
2024,MI,FT,Data Product Owner,96000,USD,96000,US,0,US,M
2024,EN,FT,Data Quality Analyst,85000,USD,85000,US,0,US,M
2024,EN,FT,Data Quality Analyst,75000,USD,75000,US,0,US,M
2024,SE,FT,Analytics Engineer,311525,USD,311525,US,100,US,M
2024,SE,FT,Analytics Engineer,189620,USD,189620,US,100,US,M
2024,SE,FT,Analytics Engineer,105000,USD,105000,US,0,US,M
2024,SE,FT,Analytics Engineer,85000,USD,85000,US,0,US,M
2024,SE,FT,Analytics Engineer,138000,USD,138000,US,0,US,M
2024,SE,FT,Analytics Engineer,92000,USD,92000,US,0,US,M
2024,MI,FT,Analytics Engineer,90000,USD,90000,US,0,US,M
2024,MI,FT,Analytics Engineer,64000,USD,64000,US,0,US,M
2024,SE,FT,Software Engineer,232000,USD,232000,US,100,US,M
2024,SE,FT,Software Engineer,133450,USD,133450,US,100,US,M
2024,MI,FT,Software Engineer,200000,USD,200000,US,0,US,M
2024,MI,FT,Software Engineer,140000,USD,140000,US,0,US,M
2024,SE,FT,Software Engineer,170000,USD,170000,US,0,US,M
2024,SE,FT,Software Engineer,120000,USD,120000,US,0,US,M
2024,SE,FT,Software Engineer,156650,USD,156650,US,0,US,M
2024,SE,FT,Software Engineer,112000,USD,112000,US,0,US,M
2024,EN,FT,BI Analyst,106000,USD,106000,US,0,US,M
2024,EN,FT,BI Analyst,98000,USD,98000,US,0,US,M
2024,SE,FT,Data Engineer,205700,USD,205700,US,100,US,M
2024,SE,FT,Data Engineer,135200,USD,135200,US,100,US,M
2024,MI,FT,AI Developer,150000,USD,150000,US,0,US,M
2024,MI,FT,AI Developer,140000,USD,140000,US,0,US,M
2024,MI,FT,AI Developer,155000,USD,155000,US,100,US,M
2024,MI,FT,AI Developer,110000,USD,110000,US,100,US,M
2024,SE,FT,Software Engineer,218900,USD,218900,US,100,US,M
2024,SE,FT,Software Engineer,218900,USD,218900,US,100,US,M
2024,MI,FT,Data Operations Manager,234850,USD,234850,US,100,US,M
2024,MI,FT,Data Operations Manager,149200,USD,149200,US,100,US,M
2024,SE,FT,Research Engineer,176700,USD,176700,US,100,US,M
2024,SE,FT,Research Engineer,144600,USD,144600,US,100,US,M
2024,MI,FT,Research Engineer,34173,USD,34173,US,0,US,M
2024,MI,FT,Research Engineer,29977,USD,29977,US,0,US,M
2024,MI,FT,Research Engineer,163000,USD,163000,US,0,US,M
2024,MI,FT,Research Engineer,77000,USD,77000,US,0,US,M
2024,SE,FT,Research Engineer,176700,USD,176700,US,100,US,M
2024,SE,FT,Research Engineer,144600,USD,144600,US,100,US,M
2024,SE,FT,Research Engineer,251000,USD,251000,US,100,US,M
2024,SE,FT,Research Engineer,177008,USD,177008,US,100,US,M
2024,SE,FT,Research Engineer,251000,USD,251000,US,0,US,M
2024,SE,FT,Research Engineer,177008,USD,177008,US,0,US,M
2024,SE,FT,Research Engineer,238600,USD,238600,US,0,US,M
2024,SE,FT,Research Engineer,112000,USD,112000,US,0,US,M
2024,SE,FT,MLOps Engineer,182000,USD,182000,US,0,US,M
2024,SE,FT,MLOps Engineer,82000,USD,82000,US,0,US,M
2024,SE,FT,MLOps Engineer,314800,USD,314800,US,100,US,M
2024,SE,FT,MLOps Engineer,119200,USD,119200,US,100,US,M
2024,MI,FT,Statistical Programmer,177000,USD,177000,US,0,US,M
2024,MI,FT,Statistical Programmer,84900,USD,84900,US,0,US,M
2024,MI,FT,Data Visualization Specialist,130000,USD,130000,US,0,US,M
2024,MI,FT,Data Visualization Specialist,100000,USD,100000,US,0,US,M
2024,MI,FT,Data Infrastructure Engineer,241000,USD,241000,US,0,US,M
2024,MI,FT,Data Infrastructure Engineer,189000,USD,189000,US,0,US,M
2024,MI,FT,Statistical Programmer,68500,USD,68500,CA,0,CA,M
2024,MI,FT,Statistical Programmer,63453,USD,63453,CA,0,CA,M
2024,SE,FT,Statistical Programmer,259400,USD,259400,US,0,US,M
2024,SE,FT,Statistical Programmer,164800,USD,164800,US,0,US,M
2024,SE,FT,Data Developer,235500,USD,235500,US,0,US,M
2024,SE,FT,Data Developer,108200,USD,108200,US,0,US,M
2024,MI,FT,Software Engineer,240240,USD,240240,US,0,US,M
2024,MI,FT,Software Engineer,219696,USD,219696,US,0,US,M
2024,MI,FT,Software Engineer,240240,USD,240240,US,0,US,M
2024,MI,FT,Software Engineer,214032,USD,214032,US,0,US,M
2024,SE,FT,Machine Learning Scientist,277000,USD,277000,US,0,US,M
2024,SE,FT,Machine Learning Scientist,173000,USD,173000,US,0,US,M
2024,SE,FT,Machine Learning Engineer,300200,USD,300200,US,0,US,M
2024,SE,FT,Machine Learning Engineer,170700,USD,170700,US,0,US,M
2024,SE,FT,Software Engineer,256500,USD,256500,US,0,US,M
2024,SE,FT,Software Engineer,138900,USD,138900,US,0,US,M
2024,SE,FT,Machine Learning Engineer,195500,USD,195500,CA,0,CA,M
2024,SE,FT,Machine Learning Engineer,144500,USD,144500,CA,0,CA,M
2024,MI,FT,Data Specialist,70000,USD,70000,US,0,US,M
2024,MI,FT,Data Specialist,65000,USD,65000,US,0,US,M
2024,SE,FT,Data Specialist,83960,USD,83960,US,100,US,M
2024,SE,FT,Data Specialist,67170,USD,67170,US,100,US,M
2024,SE,FT,Software Engineer,248700,USD,248700,US,0,US,M
2024,SE,FT,Software Engineer,161500,USD,161500,US,0,US,M
2024,SE,FT,Machine Learning Engineer,243300,USD,243300,US,0,US,M
2024,SE,FT,Machine Learning Engineer,131500,USD,131500,US,0,US,M
2024,SE,FT,Data Scientist,200000,USD,200000,US,0,US,M
2024,SE,FT,Data Scientist,160000,USD,160000,US,0,US,M
2024,SE,FT,Data Scientist,200000,USD,200000,US,0,US,M
2024,SE,FT,Data Scientist,160000,USD,160000,US,0,US,M
2024,SE,FT,Data Scientist,200000,USD,200000,US,0,US,M
2024,SE,FT,Data Scientist,160000,USD,160000,US,0,US,M
2024,SE,FT,Data Scientist,200000,USD,200000,US,0,US,M
2024,SE,FT,Data Scientist,160000,USD,160000,US,0,US,M
2024,EN,FT,Research Analyst,113000,USD,113000,US,0,US,M
2024,EN,FT,Research Analyst,90000,USD,90000,US,0,US,M
2024,EN,FT,Research Analyst,100144,USD,100144,CA,0,CA,M
2024,EN,FT,Research Analyst,78308,USD,78308,CA,0,CA,M
2024,SE,FT,Applied Scientist,184000,USD,184000,US,100,US,M
2024,SE,FT,Applied Scientist,184000,USD,184000,US,100,US,M
2024,SE,FT,Applied Scientist,260000,USD,260000,US,0,US,L
2024,SE,FT,Applied Scientist,136000,USD,136000,US,0,US,L
2024,MI,FT,Machine Learning Researcher,220000,USD,220000,US,0,US,M
2024,MI,FT,Machine Learning Researcher,120000,USD,120000,US,0,US,M
2024,MI,FT,Machine Learning Researcher,205000,USD,205000,US,0,US,M
2024,MI,FT,Machine Learning Researcher,115000,USD,115000,US,0,US,M
2024,EN,FT,Data Analyst,115000,USD,115000,US,0,US,M
2024,EN,FT,Data Analyst,70000,USD,70000,US,0,US,M
2024,MI,FT,Business Intelligence Engineer,113500,USD,113500,US,0,US,M
2024,MI,FT,Business Intelligence Engineer,94500,USD,94500,US,0,US,M
2024,MI,FT,Business Intelligence Engineer,172000,USD,172000,US,0,US,M
2024,MI,FT,Business Intelligence Engineer,75600,USD,75600,US,0,US,M
2024,SE,FT,Software Engineer,305000,USD,305000,US,0,US,M
2024,SE,FT,Software Engineer,240000,USD,240000,US,0,US,M
2024,SE,FT,Software Engineer,153000,USD,153000,CA,100,CA,M
2024,SE,FT,Software Engineer,138000,USD,138000,CA,100,CA,M
2024,SE,FT,Software Engineer,200000,USD,200000,US,100,US,M
2024,SE,FT,Software Engineer,170000,USD,170000,US,100,US,M
2024,SE,FT,DevOps Engineer,196000,USD,196000,US,100,US,M
2024,SE,FT,DevOps Engineer,156000,USD,156000,US,100,US,M
2024,SE,FT,Software Engineer,148543,USD,148543,CA,0,CA,M
2024,SE,FT,Software Engineer,128250,USD,128250,CA,0,CA,M
2024,SE,FT,Software Engineer,148543,USD,148543,CA,0,CA,M
2024,SE,FT,Software Engineer,128250,USD,128250,CA,0,CA,M
2024,SE,FT,Software Engineer,225000,USD,225000,US,0,US,M
2024,SE,FT,Software Engineer,170000,USD,170000,US,0,US,M
2024,SE,FT,Software Engineer,192000,USD,192000,US,0,US,M
2024,SE,FT,Software Engineer,160000,USD,160000,US,0,US,M
2024,SE,FT,Software Engineer,178200,USD,178200,US,0,US,M
2024,SE,FT,Software Engineer,74800,USD,74800,US,0,US,M
2024,SE,FT,Software Engineer,122100,USD,122100,US,0,US,M
2024,SE,FT,Software Engineer,47000,USD,47000,US,0,US,M
2024,SE,FT,Data Scientist,223285,USD,223285,US,100,US,M
2024,SE,FT,Data Scientist,135910,USD,135910,US,100,US,M
2024,SE,FT,Software Engineer,282200,USD,282200,US,0,US,M
2024,SE,FT,Software Engineer,133600,USD,133600,US,0,US,M
2024,MI,FT,Software Engineer,208800,USD,208800,US,0,US,M
2024,MI,FT,Software Engineer,98300,USD,98300,US,0,US,M
2024,MI,FT,Software Engineer,243300,USD,243300,US,0,US,M
2024,MI,FT,Software Engineer,131500,USD,131500,US,0,US,M
2024,SE,FT,Data Analyst,220000,USD,220000,US,0,US,M
2024,SE,FT,Data Analyst,155000,USD,155000,US,0,US,M
2024,SE,FT,Data Scientist,105000,EUR,116666,LT,0,LT,M
2024,SE,FT,Data Scientist,85000,EUR,94444,LT,0,LT,M
2024,SE,FT,Data Scientist,105000,EUR,116666,PT,0,PT,M
2024,SE,FT,Data Scientist,85000,EUR,94444,PT,0,PT,M
2024,SE,FT,Software Engineer,246000,USD,246000,US,0,US,M
2024,SE,FT,Software Engineer,210000,USD,210000,US,0,US,M
2024,SE,FT,Data Scientist,171100,USD,171100,US,100,US,M
2024,SE,FT,Data Scientist,119800,USD,119800,US,100,US,M
2024,MI,FT,Software Engineer,293000,USD,293000,US,0,US,M
2024,MI,FT,Software Engineer,213000,USD,213000,US,0,US,M
2024,SE,FT,Machine Learning Engineer,267444,USD,267444,US,0,US,M
2024,SE,FT,Machine Learning Engineer,178296,USD,178296,US,0,US,M
2024,SE,FT,Software Engineer,257000,USD,257000,US,0,US,M
2024,SE,FT,Software Engineer,200000,USD,200000,US,0,US,M
2024,EX,FT,Software Engineer,230000,USD,230000,US,100,US,M
2024,EX,FT,Software Engineer,180000,USD,180000,US,100,US,M
2024,SE,FT,Software Engineer,185000,USD,185000,US,0,US,M
2024,SE,FT,Software Engineer,144000,USD,144000,US,0,US,M
2024,MI,FT,Software Engineer,209000,USD,209000,US,0,US,M
2024,MI,FT,Software Engineer,171000,USD,171000,US,0,US,M
2024,SE,FT,Software Engineer,238600,USD,238600,US,0,US,M
2024,SE,FT,Software Engineer,112000,USD,112000,US,0,US,M
2024,SE,FT,Machine Learning Engineer,216000,USD,216000,US,0,US,M
2024,SE,FT,Machine Learning Engineer,184000,USD,184000,US,0,US,M
2024,SE,FT,Machine Learning Engineer,200000,USD,200000,US,0,US,M
2024,SE,FT,Machine Learning Engineer,170000,USD,170000,US,0,US,M
2024,SE,FT,Data Engineer,138500,USD,138500,US,100,US,M
2024,SE,FT,Data Engineer,138500,USD,138500,US,100,US,M
2024,MI,FT,Software Engineer,251000,USD,251000,US,0,US,M
2024,MI,FT,Software Engineer,177008,USD,177008,US,0,US,M
2024,SE,FT,Research Scientist,173000,USD,173000,US,0,US,M
2024,SE,FT,Research Scientist,117000,USD,117000,US,0,US,M
2024,SE,FT,Software Engineer,250200,USD,250200,US,0,US,M
2024,SE,FT,Software Engineer,117200,USD,117200,US,0,US,M
2024,MI,FT,Software Engineer,131000,USD,131000,CA,100,CA,M
2024,MI,FT,Software Engineer,102000,USD,102000,CA,100,CA,M
2024,SE,FT,Data Scientist,220000,USD,220000,US,0,US,M
2024,SE,FT,Data Scientist,190000,USD,190000,US,0,US,M
2024,MI,FT,Data Scientist,152000,USD,152000,CA,0,CA,M
2024,MI,FT,Data Scientist,98000,USD,98000,CA,0,CA,M
2024,SE,FT,Data Scientist,218700,USD,218700,US,0,US,M
2024,SE,FT,Data Scientist,109300,USD,109300,US,0,US,M
2024,SE,FT,Machine Learning Engineer,297000,USD,297000,US,0,US,M
2024,SE,FT,Machine Learning Engineer,168300,USD,168300,US,0,US,M
2024,SE,FT,Machine Learning Engineer,190000,USD,190000,US,0,US,M
2024,SE,FT,Machine Learning Engineer,100000,USD,100000,US,0,US,M
2024,SE,FT,Machine Learning Engineer,190000,USD,190000,US,0,US,M
2024,SE,FT,Machine Learning Engineer,100000,USD,100000,US,0,US,M
2024,SE,FT,Machine Learning Engineer,190000,USD,190000,US,0,US,M
2024,SE,FT,Machine Learning Engineer,100000,USD,100000,US,0,US,M
2024,SE,FT,Machine Learning Engineer,190000,USD,190000,US,0,US,M
2024,SE,FT,Machine Learning Engineer,100000,USD,100000,US,0,US,M
2024,SE,FT,Machine Learning Engineer,190000,USD,190000,US,0,US,M
2024,SE,FT,Machine Learning Engineer,100000,USD,100000,US,0,US,M
2024,SE,FT,Machine Learning Engineer,190000,USD,190000,US,0,US,M
2024,SE,FT,Machine Learning Engineer,100000,USD,100000,US,0,US,M
2024,SE,FT,Machine Learning Engineer,190000,USD,190000,US,0,US,M
2024,SE,FT,Machine Learning Engineer,100000,USD,100000,US,0,US,M
2024,SE,FT,Machine Learning Engineer,190000,USD,190000,US,0,US,M
2024,SE,FT,Machine Learning Engineer,100000,USD,100000,US,0,US,M
2024,SE,FT,Machine Learning Engineer,190000,USD,190000,US,0,US,M
2024,SE,FT,Machine Learning Engineer,100000,USD,100000,US,0,US,M
2024,SE,FT,Machine Learning Engineer,190000,USD,190000,US,0,US,M
2024,SE,FT,Machine Learning Engineer,100000,USD,100000,US,0,US,M
2024,SE,FT,Machine Learning Engineer,190000,USD,190000,US,0,US,M
2024,SE,FT,Machine Learning Engineer,100000,USD,100000,US,0,US,M
2024,SE,FT,Machine Learning Engineer,190000,USD,190000,US,0,US,M
2024,SE,FT,Machine Learning Engineer,100000,USD,100000,US,0,US,M
2024,SE,FT,Machine Learning Engineer,189000,USD,189000,US,0,US,M
2024,SE,FT,Machine Learning Engineer,160000,USD,160000,US,0,US,M
2024,MI,FT,Software Engineer,195000,USD,195000,US,0,US,M
2024,MI,FT,Software Engineer,130000,USD,130000,US,0,US,M
2024,MI,FT,Software Engineer,216000,USD,216000,US,0,US,M
2024,MI,FT,Software Engineer,144000,USD,144000,US,0,US,M
2024,MI,FT,Software Engineer,216000,USD,216000,US,0,US,M
2024,MI,FT,Software Engineer,144000,USD,144000,US,0,US,M
2024,MI,FT,Software Engineer,195000,USD,195000,US,0,US,M
2024,MI,FT,Software Engineer,130000,USD,130000,US,0,US,M
2024,MI,FT,Software Engineer,195000,USD,195000,US,0,US,M
2024,MI,FT,Software Engineer,130000,USD,130000,US,0,US,M
2024,MI,FT,Software Engineer,216000,USD,216000,US,0,US,M
2024,MI,FT,Software Engineer,144000,USD,144000,US,0,US,M
2024,MI,FT,Software Engineer,216000,USD,216000,US,0,US,M
2024,MI,FT,Software Engineer,144000,USD,144000,US,0,US,M
2024,MI,FT,Software Engineer,294000,USD,294000,US,0,US,M
2024,MI,FT,Software Engineer,138000,USD,138000,US,0,US,M
2024,MI,FT,Software Engineer,294000,USD,294000,US,0,US,M
2024,MI,FT,Software Engineer,138000,USD,138000,US,0,US,M
2024,SE,FT,Software Engineer,209000,USD,209000,US,0,US,M
2024,SE,FT,Software Engineer,152000,USD,152000,US,0,US,M
2024,MI,FT,Data Engineer,147900,USD,147900,US,0,US,M
2024,MI,FT,Data Engineer,72200,USD,72200,US,0,US,M
2024,SE,FT,Software Engineer,216000,USD,216000,US,0,US,M
2024,SE,FT,Software Engineer,144000,USD,144000,US,0,US,M
2024,SE,FT,Software Engineer,276000,USD,276000,US,0,US,M
2024,SE,FT,Software Engineer,148000,USD,148000,US,0,US,M
2024,SE,FT,Software Engineer,207000,USD,207000,US,0,US,M
2024,SE,FT,Software Engineer,138000,USD,138000,US,0,US,M
2024,SE,FT,Software Engineer,252000,USD,252000,US,0,US,M
2024,SE,FT,Software Engineer,168000,USD,168000,US,0,US,M
2024,SE,FT,Software Engineer,252000,USD,252000,US,0,US,M
2024,SE,FT,Software Engineer,168000,USD,168000,US,0,US,M
2024,SE,FT,Software Engineer,252000,USD,252000,US,0,US,M
2024,SE,FT,Software Engineer,168000,USD,168000,US,0,US,M
2024,EX,FT,Software Engineer,252000,USD,252000,US,0,US,M
2024,EX,FT,Software Engineer,168000,USD,168000,US,0,US,M
2024,SE,FT,Software Engineer,180000,USD,180000,US,0,US,M
2024,SE,FT,Software Engineer,150000,USD,150000,US,0,US,M
2024,SE,FT,Software Engineer,252000,USD,252000,US,0,US,M
2024,SE,FT,Software Engineer,168000,USD,168000,US,0,US,M
2024,SE,FT,Software Engineer,245000,USD,245000,US,0,US,M
2024,SE,FT,Software Engineer,234062,USD,234062,US,0,US,M
2024,SE,FT,Software Engineer,225000,USD,225000,US,0,US,M
2024,SE,FT,Software Engineer,214500,USD,214500,US,0,US,M
2024,SE,FT,Software Engineer,242000,USD,242000,CA,100,CA,M
2024,SE,FT,Software Engineer,141000,USD,141000,CA,100,CA,M
2024,SE,FT,Software Engineer,209440,USD,209440,US,0,US,M
2024,SE,FT,Software Engineer,152320,USD,152320,US,0,US,M
2024,SE,FT,Software Engineer,220000,USD,220000,US,0,US,M
2024,SE,FT,Software Engineer,160000,USD,160000,US,0,US,M
2024,SE,FT,Software Engineer,157800,USD,157800,US,0,US,M
2024,SE,FT,Software Engineer,112200,USD,112200,US,0,US,M
2024,MI,FT,Software Engineer,200000,USD,200000,US,0,US,M
2024,MI,FT,Software Engineer,140000,USD,140000,US,0,US,M
2024,MI,FT,DevOps Engineer,201900,USD,201900,US,0,US,M
2024,MI,FT,DevOps Engineer,97335,USD,97335,US,0,US,M
2024,SE,FT,Software Engineer,220900,USD,220900,US,0,US,M
2024,SE,FT,Software Engineer,122200,USD,122200,US,0,US,M
2024,SE,FT,Software Engineer,300200,USD,300200,US,0,US,M
2024,SE,FT,Software Engineer,170700,USD,170700,US,0,US,M
2024,MI,FT,Software Engineer,176000,USD,176000,US,0,US,M
2024,MI,FT,Software Engineer,72700,USD,72700,US,0,US,M
2024,MI,FT,DevOps Engineer,130642,USD,130642,US,100,US,M
2024,MI,FT,DevOps Engineer,76848,USD,76848,US,100,US,M
2024,SE,FT,Software Engineer,210000,USD,210000,US,0,US,M
2024,SE,FT,Software Engineer,140000,USD,140000,US,0,US,M
2024,SE,FT,Data Scientist,180000,USD,180000,US,0,US,M
2024,SE,FT,Data Scientist,90000,USD,90000,US,0,US,M
2024,MI,FT,Research Scientist,173000,USD,173000,US,0,US,M
2024,MI,FT,Research Scientist,117000,USD,117000,US,0,US,M
2024,SE,FT,Applied Scientist,199500,USD,199500,US,0,US,M
2024,SE,FT,Applied Scientist,97400,USD,97400,US,0,US,M
2024,SE,FT,Research Engineer,234000,USD,234000,US,0,US,M
2024,SE,FT,Research Engineer,146000,USD,146000,US,0,US,M
2024,MI,FT,Research Engineer,179000,USD,179000,US,0,US,M
2024,MI,FT,Research Engineer,112000,USD,112000,US,0,US,M
2024,MI,FT,Software Engineer,240240,USD,240240,US,0,US,M
2024,MI,FT,Software Engineer,222007,USD,222007,US,0,US,M
2024,SE,FT,Research Scientist,252000,USD,252000,US,0,US,M
2024,SE,FT,Research Scientist,168000,USD,168000,US,0,US,M
2024,SE,FT,Cloud Database Engineer,230800,USD,230800,US,100,US,M
2024,SE,FT,Cloud Database Engineer,96200,USD,96200,US,100,US,M
2024,SE,FT,Data Engineer,246000,USD,246000,US,100,US,M
2024,SE,FT,Data Engineer,118000,USD,118000,US,100,US,M
2024,MI,FT,Data Engineer,211300,USD,211300,US,100,US,M
2024,MI,FT,Data Engineer,153500,USD,153500,US,100,US,M
2024,SE,FT,Data Engineer,188500,USD,188500,US,0,US,M
2024,SE,FT,Data Engineer,165100,USD,165100,US,0,US,M
2024,MI,FT,Data Engineer,172000,USD,172000,US,0,US,M
2024,MI,FT,Data Engineer,75600,USD,75600,US,0,US,M
2024,SE,FT,Data Engineer,234000,USD,234000,US,0,US,M
2024,SE,FT,Data Engineer,117000,USD,117000,US,0,US,M
2024,SE,FT,Data Engineer,180000,USD,180000,US,0,US,M
2024,SE,FT,Data Engineer,90000,USD,90000,US,0,US,M
2024,SE,FT,Data Architect,137000,USD,137000,US,0,US,M
2024,SE,FT,Data Architect,60400,USD,60400,US,0,US,M
2024,SE,FT,Data Architect,184000,USD,184000,US,0,US,M
2024,SE,FT,Data Architect,123000,USD,123000,US,0,US,M
2024,SE,FT,AI Architect,254400,USD,254400,US,100,US,M
2024,SE,FT,AI Architect,137000,USD,137000,US,100,US,M
2024,SE,FT,Data Scientist,161000,USD,161000,US,0,US,M
2024,SE,FT,Data Scientist,133200,USD,133200,US,0,US,M
2024,SE,FT,Data Lead,137972,USD,137972,US,0,US,M
2024,SE,FT,Data Lead,82783,USD,82783,US,0,US,M
2024,MI,FT,Machine Learning Engineer,157500,USD,157500,US,0,US,M
2024,MI,FT,Machine Learning Engineer,132500,USD,132500,US,0,US,M
2024,MI,FT,Computer Vision Engineer,172000,USD,172000,US,0,US,M
2024,MI,FT,Computer Vision Engineer,75600,USD,75600,US,0,US,M
2024,MI,FT,Data Scientist,172000,USD,172000,US,0,US,M
2024,MI,FT,Data Scientist,75600,USD,75600,US,0,US,M
2024,EN,FT,Data Scientist,137000,USD,137000,US,0,US,M
2024,EN,FT,Data Scientist,60400,USD,60400,US,0,US,M
2024,EN,FT,Data Scientist,137000,USD,137000,US,0,US,M
2024,EN,FT,Data Scientist,60400,USD,60400,US,0,US,M
2024,MI,FT,Decision Scientist,100000,USD,100000,US,0,US,M
2024,MI,FT,Decision Scientist,80000,USD,80000,US,0,US,M
2024,MI,FT,Analytics Engineer,163000,USD,163000,US,100,US,M
2024,MI,FT,Analytics Engineer,77000,USD,77000,US,100,US,M
2024,EN,FT,Data Analyst,95776,USD,95776,US,100,US,M
2024,EN,FT,Data Analyst,73674,USD,73674,US,100,US,M
2024,SE,FT,Data Analyst,66400,GBP,83000,GB,0,GB,M
2024,SE,FT,Data Analyst,51700,GBP,64625,GB,0,GB,M
2024,EN,FT,Data Analyst,137000,USD,137000,US,0,US,M
2024,EN,FT,Data Analyst,60400,USD,60400,US,0,US,M
2024,EN,FT,Data Analyst,96000,USD,96000,US,0,US,M
2024,EN,FT,Data Analyst,46900,USD,46900,US,0,US,M
2024,SE,FT,Data Analyst,76388,USD,76388,CL,0,CL,M
2024,SE,FT,Data Analyst,61340,USD,61340,CL,0,CL,M
2024,SE,FT,Data Analyst,80000,USD,80000,US,100,US,M
2024,SE,FT,Data Analyst,70000,USD,70000,US,100,US,M
2024,SE,FT,Software Engineer,229900,USD,229900,US,0,US,M
2024,SE,FT,Software Engineer,201400,USD,201400,US,0,US,M
2024,SE,FT,Software Engineer,234000,USD,234000,US,0,US,M
2024,SE,FT,Software Engineer,117000,USD,117000,US,0,US,M
2024,MI,FT,Software Engineer,200200,USD,200200,US,0,US,M
2024,MI,FT,Software Engineer,187433,USD,187433,US,0,US,M
2024,MI,FT,Software Engineer,240240,USD,240240,US,0,US,M
2024,MI,FT,Software Engineer,233471,USD,233471,US,0,US,M
2024,MI,FT,Software Engineer,240240,USD,240240,US,0,US,M
2024,MI,FT,Software Engineer,222742,USD,222742,US,0,US,M
2024,SE,FT,Software Engineer,240240,USD,240240,US,100,US,M
2024,SE,FT,Software Engineer,212248,USD,212248,US,100,US,M
2024,SE,FT,Data Scientist,265200,USD,265200,US,0,US,M
2024,SE,FT,Data Scientist,192900,USD,192900,US,0,US,M
2024,SE,FT,Data Scientist,192300,USD,192300,US,0,US,M
2024,SE,FT,Data Scientist,107900,USD,107900,US,0,US,M
2024,SE,FT,Data Scientist,235400,USD,235400,US,0,US,M
2024,SE,FT,Data Scientist,209720,USD,209720,US,0,US,M
2024,MI,FT,Data Integration Engineer,134000,USD,134000,US,0,US,M
2024,MI,FT,Data Integration Engineer,110000,USD,110000,US,0,US,M
2024,SE,FT,Data Engineer,166000,USD,166000,US,0,US,M
2024,SE,FT,Data Engineer,82000,USD,82000,US,0,US,M
2024,SE,FT,Data Engineer,323400,USD,323400,US,0,US,M
2024,SE,FT,Data Engineer,204400,USD,204400,US,0,US,M
2024,SE,FT,Data Engineer,63000,USD,63000,AR,100,AR,M
2024,SE,FT,Data Engineer,58200,USD,58200,AR,100,AR,M
2024,MI,FT,Data Engineer,50000,USD,50000,TR,100,TR,M
2024,MI,FT,Data Engineer,48000,USD,48000,TR,100,TR,M
2024,SE,FT,Machine Learning Engineer,250000,USD,250000,US,0,US,M
2024,SE,FT,Machine Learning Engineer,150000,USD,150000,US,0,US,M
2024,MI,FT,Data Scientist,170000,USD,170000,US,0,US,M
2024,MI,FT,Data Scientist,120000,USD,120000,US,0,US,M
2024,SE,FT,Data Analyst,140000,USD,140000,US,0,US,M
2024,SE,FT,Data Analyst,95000,USD,95000,US,0,US,M
2024,SE,FT,Data Analyst,180000,USD,180000,US,100,US,M
2024,SE,FT,Data Analyst,145000,USD,145000,US,100,US,M
2024,SE,FT,Research Engineer,229000,USD,229000,US,100,US,M
2024,SE,FT,Research Engineer,183200,USD,183200,US,100,US,M
2024,SE,FT,Software Engineer,339250,USD,339250,US,0,US,M
2024,SE,FT,Software Engineer,180000,USD,180000,US,0,US,M
2024,SE,FT,Software Engineer,248000,USD,248000,US,100,US,M
2024,SE,FT,Software Engineer,166000,USD,166000,US,100,US,M
2024,SE,FT,Software Engineer,233840,USD,233840,US,0,US,M
2024,SE,FT,Software Engineer,189110,USD,189110,US,0,US,M
2024,SE,FT,Software Engineer,200000,USD,200000,US,100,US,M
2024,SE,FT,Software Engineer,175000,USD,175000,US,100,US,M
2024,SE,FT,Software Engineer,700000,USD,700000,US,100,US,M
2024,SE,FT,Software Engineer,100000,USD,100000,US,100,US,M
2024,SE,FT,Software Engineer,274600,USD,274600,US,0,US,M
2024,SE,FT,Software Engineer,148800,USD,148800,US,0,US,M
2024,MI,FT,Software Engineer,282500,USD,282500,US,0,US,M
2024,MI,FT,Software Engineer,160700,USD,160700,US,0,US,M
2024,MI,FT,Software Engineer,240240,USD,240240,US,0,US,M
2024,MI,FT,Software Engineer,231566,USD,231566,US,0,US,M
2024,MI,FT,Software Engineer,290180,USD,290180,US,0,US,M
2024,MI,FT,Software Engineer,246536,USD,246536,US,0,US,M
2024,SE,FT,Software Engineer,239000,USD,239000,US,0,US,M
2024,SE,FT,Software Engineer,161000,USD,161000,US,0,US,M
2024,SE,FT,Software Engineer,210700,USD,210700,US,0,US,M
2024,SE,FT,Software Engineer,175500,USD,175500,US,0,US,M
2024,SE,FT,Software Engineer,233200,USD,233200,US,0,US,M
2024,SE,FT,Software Engineer,144200,USD,144200,US,0,US,M
2024,SE,FT,Software Engineer,200000,USD,200000,US,0,US,M
2024,SE,FT,Software Engineer,136000,USD,136000,US,0,US,M
2024,SE,FT,Software Engineer,200000,USD,200000,US,0,US,M
2024,SE,FT,Software Engineer,136000,USD,136000,US,0,US,M
2024,SE,FT,Software Engineer,300200,USD,300200,US,0,US,M
2024,SE,FT,Software Engineer,170700,USD,170700,US,0,US,M
2024,SE,FT,Software Engineer,155000,USD,155000,US,0,US,M
2024,SE,FT,Software Engineer,124000,USD,124000,US,0,US,M
2024,SE,FT,Software Engineer,245000,USD,245000,US,100,US,M
2024,SE,FT,Software Engineer,166600,USD,166600,US,100,US,M
2024,SE,FT,Software Engineer,239000,USD,239000,US,0,US,M
2024,SE,FT,Software Engineer,177000,USD,177000,US,0,US,M
2024,SE,FT,Software Engineer,284000,USD,284000,US,0,US,M
2024,SE,FT,Software Engineer,189000,USD,189000,US,0,US,M
2024,SE,FT,Software Engineer,169300,USD,169300,US,0,US,M
2024,SE,FT,Software Engineer,101500,USD,101500,US,0,US,M
2024,MI,FT,Software Engineer,240240,USD,240240,US,0,US,M
2024,MI,FT,Software Engineer,225396,USD,225396,US,0,US,M
2024,MI,FT,Software Engineer,240240,USD,240240,US,0,US,M
2024,MI,FT,Software Engineer,219221,USD,219221,US,0,US,M
2024,SE,FT,Software Engineer,284900,USD,284900,US,0,US,M
2024,SE,FT,Software Engineer,161700,USD,161700,US,0,US,M
2024,SE,FT,Software Engineer,333000,USD,333000,US,0,US,M
2024,SE,FT,Software Engineer,189000,USD,189000,US,0,US,M
2024,SE,FT,Software Engineer,339250,USD,339250,US,0,US,M
2024,SE,FT,Software Engineer,180000,USD,180000,US,0,US,M
2024,MI,FT,Software Engineer,240240,USD,240240,US,0,US,M
2024,MI,FT,Software Engineer,214032,USD,214032,US,0,US,M
2024,SE,FT,Software Engineer,233200,USD,233200,US,0,US,M
2024,SE,FT,Software Engineer,144200,USD,144200,US,0,US,M
2024,SE,FT,Software Engineer,258750,USD,258750,US,0,US,M
2024,SE,FT,Software Engineer,132000,USD,132000,US,0,US,M
2024,SE,FT,Software Engineer,210700,USD,210700,US,0,US,M
2024,SE,FT,Software Engineer,175500,USD,175500,US,0,US,M
2024,SE,FT,Software Engineer,180000,USD,180000,US,0,US,M
2024,SE,FT,Software Engineer,144000,USD,144000,US,0,US,M
2024,SE,FT,Software Engineer,262791,USD,262791,US,0,US,M
2024,SE,FT,Software Engineer,170000,USD,170000,US,0,US,M
2024,SE,FT,Software Engineer,284000,USD,284000,US,0,US,M
2024,SE,FT,Software Engineer,189000,USD,189000,US,0,US,M
2024,MI,FT,Machine Learning Researcher,300200,USD,300200,US,0,US,M
2024,MI,FT,Machine Learning Researcher,170700,USD,170700,US,0,US,M
2024,SE,FT,Research Engineer,251000,USD,251000,US,0,US,M
2024,SE,FT,Research Engineer,177000,USD,177000,US,0,US,M
2024,SE,FT,Data Architect,175888,USD,175888,US,0,US,M
2024,SE,FT,Data Architect,125634,USD,125634,US,0,US,M
2024,EN,FT,Insight Analyst,96000,USD,96000,US,100,US,M
2024,EN,FT,Insight Analyst,72000,USD,72000,US,100,US,M
2024,MI,FT,Business Intelligence Developer,208800,USD,208800,US,0,US,M
2024,MI,FT,Business Intelligence Developer,98300,USD,98300,US,0,US,M
2024,EN,FT,Business Intelligence Analyst,106000,USD,106000,US,0,US,M
2024,EN,FT,Business Intelligence Analyst,66000,USD,66000,US,0,US,M
2024,MI,FT,Data Scientist,139400,USD,139400,US,0,US,M
2024,MI,FT,Data Scientist,139400,USD,139400,US,0,US,M
2024,MI,FT,Data Scientist,187000,USD,187000,US,0,US,M
2024,MI,FT,Data Scientist,127000,USD,127000,US,0,US,M
2024,SE,FT,Data Scientist,238600,USD,238600,US,0,US,M
2024,SE,FT,Data Scientist,112000,USD,112000,US,0,US,M
2024,MI,FT,Data Scientist,137000,USD,137000,US,0,US,M
2024,MI,FT,Data Scientist,80500,USD,80500,US,0,US,M
2024,SE,FT,Data Scientist,168000,USD,168000,US,0,US,M
2024,SE,FT,Data Scientist,102000,USD,102000,US,0,US,M
2024,SE,FT,ETL Developer,155000,USD,155000,US,0,US,M
2024,SE,FT,ETL Developer,135000,USD,135000,US,0,US,M
2024,MI,FT,Data Engineer,235400,USD,235400,US,0,US,M
2024,MI,FT,Data Engineer,207815,USD,207815,US,0,US,M
2024,SE,FT,Data Engineer,147660,USD,147660,US,0,US,M
2024,SE,FT,Data Engineer,96100,USD,96100,US,0,US,M
2024,MI,FT,Data Engineer,184000,USD,184000,US,0,US,M
2024,MI,FT,Data Engineer,123000,USD,123000,US,0,US,M
2024,MI,FT,Research Scientist,208208,USD,208208,US,0,US,M
2024,MI,FT,Research Scientist,200200,USD,200200,US,0,US,M
2024,MI,FT,Research Scientist,240240,USD,240240,US,0,US,M
2024,MI,FT,Research Scientist,214032,USD,214032,US,0,US,M
2024,SE,FT,Software Engineer,294000,USD,294000,US,0,US,M
2024,SE,FT,Software Engineer,137600,USD,137600,US,0,US,M
2024,MI,FT,Software Engineer,200200,USD,200200,US,0,US,M
2024,MI,FT,Software Engineer,178360,USD,178360,US,0,US,M
2024,SE,FT,Software Engineer,126500,USD,126500,US,0,US,M
2024,SE,FT,Software Engineer,92000,USD,92000,US,0,US,M
2024,SE,FT,Software Engineer,234520,USD,234520,US,0,US,M
2024,SE,FT,Software Engineer,170560,USD,170560,US,0,US,M
2024,SE,FT,Software Engineer,250200,USD,250200,US,0,US,M
2024,SE,FT,Software Engineer,117200,USD,117200,US,0,US,M
2024,MI,FT,Software Engineer,290180,USD,290180,US,100,US,M
2024,MI,FT,Software Engineer,236802,USD,236802,US,100,US,M
2024,MI,FT,Software Engineer,200200,USD,200200,US,0,US,M
2024,MI,FT,Software Engineer,169442,USD,169442,US,0,US,M
2024,SE,FT,Data Scientist,264000,USD,264000,US,0,US,M
2024,SE,FT,Data Scientist,110000,USD,110000,US,0,US,M
2024,MI,FT,Data Scientist,196000,USD,196000,US,0,US,M
2024,MI,FT,Data Scientist,98717,USD,98717,US,0,US,M
2024,SE,FT,Software Engineer,312000,USD,312000,US,0,US,M
2024,SE,FT,Software Engineer,130000,USD,130000,US,0,US,M
2024,SE,FT,Data Scientist,200000,USD,200000,US,0,US,M
2024,SE,FT,Data Scientist,103500,USD,103500,US,0,US,M
2024,SE,FT,Software Engineer,180000,USD,180000,US,0,US,M
2024,SE,FT,Software Engineer,150000,USD,150000,US,0,US,M
2024,SE,FT,Software Engineer,200200,USD,200200,US,100,US,M
2024,SE,FT,Software Engineer,171303,USD,171303,US,100,US,M
2024,MI,FT,Software Engineer,199700,USD,199700,CA,0,CA,M
2024,MI,FT,Software Engineer,83600,USD,83600,CA,0,CA,M
2024,MI,FT,Software Engineer,100000,USD,100000,US,0,US,M
2024,MI,FT,Software Engineer,90000,USD,90000,US,0,US,M
2024,SE,FT,Software Engineer,178200,USD,178200,US,0,US,M
2024,SE,FT,Software Engineer,74800,USD,74800,US,0,US,M
2024,SE,FT,Software Engineer,240240,USD,240240,US,0,US,M
2024,SE,FT,Software Engineer,214032,USD,214032,US,0,US,M
2024,MI,FT,Software Engineer,240240,USD,240240,US,100,US,M
2024,MI,FT,Software Engineer,227654,USD,227654,US,100,US,M
2024,SE,FT,Software Engineer,259440,USD,259440,US,0,US,M
2024,SE,FT,Software Engineer,194580,USD,194580,US,0,US,M
2024,SE,FT,Software Engineer,223500,USD,223500,US,100,US,M
2024,SE,FT,Software Engineer,94200,USD,94200,US,100,US,M
2024,MI,FT,Software Engineer,154500,USD,154500,US,100,US,M
2024,MI,FT,Software Engineer,131325,USD,131325,US,100,US,M
2024,EN,FT,Data Analyst,145500,USD,145500,US,0,US,M
2024,EN,FT,Data Analyst,76500,USD,76500,US,0,US,M
2024,SE,FT,Software Engineer,178200,USD,178200,US,0,US,M
2024,SE,FT,Software Engineer,74800,USD,74800,US,0,US,M
2024,SE,FT,Software Engineer,200000,USD,200000,US,100,US,M
2024,SE,FT,Software Engineer,110000,USD,110000,US,100,US,M
2024,SE,FT,Software Engineer,210000,USD,210000,US,0,US,M
2024,SE,FT,Software Engineer,130000,USD,130000,US,0,US,M
2024,SE,FT,Software Engineer,210000,USD,210000,US,100,US,M
2024,SE,FT,Software Engineer,130000,USD,130000,US,100,US,M
2024,SE,FT,Software Engineer,240000,USD,240000,US,0,US,M
2024,SE,FT,Software Engineer,160000,USD,160000,US,0,US,M
2024,SE,FT,Data Engineer,200000,USD,200000,US,0,US,M
2024,SE,FT,Data Engineer,123365,USD,123365,US,0,US,M
2024,MI,FT,Data Engineer,140000,USD,140000,US,0,US,M
2024,MI,FT,Data Engineer,95285,USD,95285,US,0,US,M
2024,MI,FT,Data Engineer,126000,USD,126000,US,0,US,M
2024,MI,FT,Data Engineer,95576,USD,95576,US,0,US,M
2024,MI,FT,Data Engineer,170000,USD,170000,US,0,US,M
2024,MI,FT,Data Engineer,123365,USD,123365,US,0,US,M
2024,SE,FT,Data Engineer,230000,USD,230000,US,0,US,M
2024,SE,FT,Data Engineer,115000,USD,115000,US,0,US,M
2024,MI,FT,Data Engineer,126000,USD,126000,US,0,US,M
2024,MI,FT,Data Engineer,96242,USD,96242,US,0,US,M
2024,SE,FT,Data Engineer,196000,USD,196000,US,0,US,M
2024,SE,FT,Data Engineer,109283,USD,109283,US,0,US,M
2024,SE,FT,Data Engineer,150000,USD,150000,US,0,US,M
2024,SE,FT,Data Engineer,109283,USD,109283,US,0,US,M
2024,SE,FT,Software Engineer,225000,USD,225000,US,0,US,M
2024,SE,FT,Software Engineer,141000,USD,141000,US,0,US,M
2024,MI,FT,Software Engineer,208800,USD,208800,US,0,US,M
2024,MI,FT,Software Engineer,98300,USD,98300,US,0,US,M
2024,SE,FT,Software Engineer,180000,USD,180000,US,0,US,M
2024,SE,FT,Software Engineer,108000,USD,108000,US,0,US,M
2024,SE,FT,Software Engineer,245000,USD,245000,US,100,US,M
2024,SE,FT,Software Engineer,203000,USD,203000,US,100,US,M
2024,SE,FT,Software Engineer,238600,USD,238600,US,0,US,M
2024,SE,FT,Software Engineer,112000,USD,112000,US,0,US,M
2024,MI,FT,Software Engineer,240240,USD,240240,US,0,US,M
2024,MI,FT,Software Engineer,204598,USD,204598,US,0,US,M
2024,SE,FT,Software Engineer,220000,USD,220000,US,0,US,M
2024,SE,FT,Software Engineer,146000,USD,146000,US,0,US,M
2024,MI,FT,Software Engineer,198600,USD,198600,US,0,US,M
2024,MI,FT,Software Engineer,94300,USD,94300,US,0,US,M
2024,SE,FT,Software Engineer,236800,USD,236800,US,100,US,M
2024,SE,FT,Software Engineer,142050,USD,142050,US,100,US,M
2024,MI,FT,Software Engineer,198600,USD,198600,US,0,US,M
2024,MI,FT,Software Engineer,94300,USD,94300,US,0,US,M
2024,SE,FT,Software Engineer,235900,USD,235900,US,0,US,M
2024,SE,FT,Software Engineer,200500,USD,200500,US,0,US,M
2024,SE,FT,Software Engineer,174700,USD,174700,US,0,US,M
2024,SE,FT,Software Engineer,145600,USD,145600,US,0,US,M
2024,MI,FT,Software Engineer,208800,USD,208800,US,0,US,M
2024,MI,FT,Software Engineer,98300,USD,98300,US,0,US,M
2024,SE,FT,Software Engineer,210000,USD,210000,US,100,US,M
2024,SE,FT,Software Engineer,142800,USD,142800,US,100,US,M
2024,SE,FT,Software Engineer,210000,USD,210000,US,0,US,M
2024,SE,FT,Software Engineer,142800,USD,142800,US,0,US,M
2024,MI,FT,Software Engineer,240240,USD,240240,US,0,US,M
2024,MI,FT,Software Engineer,215658,USD,215658,US,0,US,M
2024,SE,FT,Data Scientist,234000,USD,234000,US,0,US,M
2024,SE,FT,Data Scientist,108000,USD,108000,US,0,US,M
2024,SE,FT,Data Scientist,234000,USD,234000,US,0,US,M
2024,SE,FT,Data Scientist,117000,USD,117000,US,0,US,M
2024,SE,FT,Data Scientist,180000,USD,180000,US,0,US,M
2024,SE,FT,Data Scientist,90000,USD,90000,US,0,US,M
2024,MI,FT,Data Scientist,179000,USD,179000,US,0,US,M
2024,MI,FT,Data Scientist,112000,USD,112000,US,0,US,M
2024,MI,FT,Data Scientist,142500,USD,142500,US,0,US,M
2024,MI,FT,Data Scientist,83800,USD,83800,US,0,US,M
2024,SE,FT,Data Engineer,120000,USD,120000,CA,0,CA,M
2024,SE,FT,Data Engineer,85000,USD,85000,CA,0,CA,M
2024,SE,FT,Data Engineer,220500,USD,220500,US,0,US,M
2024,SE,FT,Data Engineer,120500,USD,120500,US,0,US,M
2024,SE,FT,Machine Learning Engineer,333000,USD,333000,US,0,US,M
2024,SE,FT,Machine Learning Engineer,189000,USD,189000,US,0,US,M
2024,MI,FT,Machine Learning Engineer,303000,USD,303000,US,0,US,M
2024,MI,FT,Machine Learning Engineer,172000,USD,172000,US,0,US,M
2024,SE,FT,Machine Learning Engineer,366000,USD,366000,US,0,US,M
2024,SE,FT,Machine Learning Engineer,208000,USD,208000,US,0,US,M
2024,EN,FT,Data Quality Analyst,118600,USD,118600,US,0,US,M
2024,EN,FT,Data Quality Analyst,58700,USD,58700,US,0,US,M
2024,MI,FT,Data Analyst,170500,USD,170500,US,0,US,M
2024,MI,FT,Data Analyst,89000,USD,89000,US,0,US,M
2024,SE,FT,Data Analyst,180000,USD,180000,US,0,US,M
2024,SE,FT,Data Analyst,90000,USD,90000,US,0,US,M
2024,EN,FT,Data Analyst,92208,USD,92208,US,0,US,M
2024,EN,FT,Data Analyst,82329,USD,82329,US,0,US,M
2024,MI,FT,Data Analyst,61550,USD,61550,US,0,US,M
2024,MI,FT,Data Analyst,58660,USD,58660,US,0,US,M
2024,MI,FT,Data Analyst,61250,USD,61250,US,0,US,M
2024,MI,FT,Data Analyst,58660,USD,58660,US,0,US,M
2024,MI,FT,Software Engineer,160000,USD,160000,US,0,US,M
2024,MI,FT,Software Engineer,157643,USD,157643,US,0,US,M
2024,MI,FT,Software Engineer,157800,USD,157800,US,0,US,M
2024,MI,FT,Software Engineer,112200,USD,112200,US,0,US,M
2024,MI,FT,Software Engineer,130000,USD,130000,US,0,US,M
2024,MI,FT,Software Engineer,110000,USD,110000,US,0,US,M
2024,SE,FT,Software Engineer,178200,USD,178200,US,0,US,M
2024,SE,FT,Software Engineer,74800,USD,74800,US,0,US,M
2024,MI,FT,Data Scientist,137930,USD,137930,CA,0,CA,M
2024,MI,FT,Data Scientist,74270,USD,74270,CA,0,CA,M
2024,EX,FT,Data Scientist,145500,USD,145500,US,100,US,M
2024,EX,FT,Data Scientist,100000,USD,100000,US,100,US,M
2024,SE,FT,Data Scientist,188500,USD,188500,US,0,US,M
2024,SE,FT,Data Scientist,165100,USD,165100,US,0,US,M
2024,EX,FT,Data Scientist,234700,USD,234700,US,0,US,M
2024,EX,FT,Data Scientist,173500,USD,173500,US,0,US,M
2024,MI,FT,Data Scientist,108400,USD,108400,US,0,US,M
2024,MI,FT,Data Scientist,70400,USD,70400,US,0,US,M
2024,SE,FT,Data Scientist,161800,USD,161800,US,0,US,M
2024,SE,FT,Data Scientist,97100,USD,97100,US,0,US,M
2024,SE,FT,Machine Learning Engineer,189800,USD,189800,US,0,US,M
2024,SE,FT,Machine Learning Engineer,102200,USD,102200,US,0,US,M
2024,SE,FT,Machine Learning Engineer,224000,USD,224000,US,0,US,M
2024,SE,FT,Machine Learning Engineer,190000,USD,190000,US,0,US,M
2024,SE,FT,Machine Learning Engineer,280000,USD,280000,US,0,US,M
2024,SE,FT,Machine Learning Engineer,230000,USD,230000,US,0,US,M
2024,SE,FT,Machine Learning Engineer,267900,USD,267900,US,0,US,M
2024,SE,FT,Machine Learning Engineer,234700,USD,234700,US,0,US,M
2024,SE,FT,Data Engineer,229900,USD,229900,US,0,US,M
2024,SE,FT,Data Engineer,201400,USD,201400,US,0,US,M
2024,SE,FT,Data Engineer,142250,USD,142250,US,100,US,M
2024,SE,FT,Data Engineer,100000,USD,100000,US,100,US,M
2024,SE,FT,Data Engineer,234000,USD,234000,US,0,US,M
2024,SE,FT,Data Engineer,117000,USD,117000,US,0,US,M
2024,SE,FT,Data Engineer,161400,USD,161400,US,0,US,M
2024,SE,FT,Data Engineer,92200,USD,92200,US,0,US,M
2024,SE,FT,Data Engineer,136700,USD,136700,US,0,US,M
2024,SE,FT,Data Engineer,111900,USD,111900,US,0,US,M
2024,SE,FT,Data Engineer,219200,USD,219200,US,0,US,M
2024,SE,FT,Data Engineer,149300,USD,149300,US,0,US,M
2024,SE,FT,Data Architect,286000,USD,286000,US,0,US,M
2024,SE,FT,Data Architect,143000,USD,143000,US,0,US,M
2024,SE,FT,Data Analyst,155000,USD,155000,US,0,US,M
2024,SE,FT,Data Analyst,80000,USD,80000,US,0,US,M
2024,EN,FT,Data Analyst,137000,USD,137000,US,0,US,M
2024,EN,FT,Data Analyst,60400,USD,60400,US,0,US,M
2024,SE,FT,Software Engineer,229900,USD,229900,US,0,US,M
2024,SE,FT,Software Engineer,201400,USD,201400,US,0,US,M
2024,EN,FT,Data Analyst,111894,USD,111894,US,0,US,M
2024,EN,FT,Data Analyst,65820,USD,65820,US,0,US,M
2024,SE,FT,Data Engineer,195500,USD,195500,US,0,US,M
2024,SE,FT,Data Engineer,117300,USD,117300,US,0,US,M
2024,MI,FT,Data Specialist,101722,USD,101722,US,0,US,M
2024,MI,FT,Data Specialist,59837,USD,59837,US,0,US,M
2024,SE,FT,Data Scientist,114100,USD,114100,US,0,US,M
2024,SE,FT,Data Scientist,67100,USD,67100,US,0,US,M
2024,MI,FT,Machine Learning Engineer,252000,USD,252000,US,0,US,M
2024,MI,FT,Machine Learning Engineer,143000,USD,143000,US,0,US,M
2024,MI,FT,Machine Learning Model Engineer,280000,USD,280000,US,0,US,M
2024,MI,FT,Machine Learning Model Engineer,230000,USD,230000,US,0,US,M
2024,MI,FT,Data Engineer,117500,USD,117500,US,0,US,M
2024,MI,FT,Data Engineer,65000,USD,65000,US,0,US,M
2024,SE,FT,Data Engineer,210000,USD,210000,US,0,US,M
2024,SE,FT,Data Engineer,170000,USD,170000,US,0,US,M
2024,SE,FT,Research Scientist,345000,USD,345000,US,0,US,M
2024,SE,FT,Research Scientist,180000,USD,180000,US,0,US,M
2024,MI,FT,Data Scientist,146875,USD,146875,US,0,US,M
2024,MI,FT,Data Scientist,81250,USD,81250,US,0,US,M
2024,EN,FT,Software Engineer,165400,USD,165400,US,0,US,M
2024,EN,FT,Software Engineer,76400,USD,76400,US,0,US,M
2024,SE,FT,Software Engineer,220900,USD,220900,US,0,US,M
2024,SE,FT,Software Engineer,122200,USD,122200,US,0,US,M
2024,SE,FT,Business Intelligence Analyst,142500,USD,142500,US,0,US,M
2024,SE,FT,Business Intelligence Analyst,97200,USD,97200,US,0,US,M
2024,SE,FT,Software Engineer,289400,USD,289400,US,100,US,M
2024,SE,FT,Software Engineer,206700,USD,206700,US,100,US,M
2024,SE,FT,Software Engineer,289400,USD,289400,US,100,US,M
2024,SE,FT,Software Engineer,206700,USD,206700,US,100,US,M
2024,SE,FT,Software Engineer,289400,USD,289400,US,100,US,M
2024,SE,FT,Software Engineer,206700,USD,206700,US,100,US,M
2024,SE,FT,Software Engineer,289400,USD,289400,US,100,US,M
2024,SE,FT,Software Engineer,206700,USD,206700,US,100,US,M
2024,SE,FT,Data Infrastructure Engineer,225000,USD,225000,US,100,US,M
2024,SE,FT,Data Infrastructure Engineer,175000,USD,175000,US,100,US,M
2024,SE,FT,Data Scientist,237000,USD,237000,US,100,US,M
2024,SE,FT,Data Scientist,201450,USD,201450,US,100,US,M
2024,SE,FT,Data Scientist,351000,USD,351000,US,0,US,M
2024,SE,FT,Data Scientist,171000,USD,171000,US,0,US,M
2024,MI,FT,Data Scientist,242000,USD,242000,US,0,US,M
2024,MI,FT,Data Scientist,205700,USD,205700,US,0,US,M
2024,SE,FT,Data Scientist,224000,USD,224000,CA,0,CA,M
2024,SE,FT,Data Scientist,176000,USD,176000,CA,0,CA,M
2024,SE,FT,Data Scientist,244000,USD,244000,US,100,US,M
2024,SE,FT,Data Scientist,177500,USD,177500,US,100,US,M
2024,MI,FT,Data Scientist,135000,USD,135000,US,100,US,M
2024,MI,FT,Data Scientist,110000,USD,110000,US,100,US,M
2024,MI,FT,Data Scientist,135000,USD,135000,US,100,US,M
2024,MI,FT,Data Scientist,110000,USD,110000,US,100,US,M
2024,MI,FT,Data Scientist,135000,USD,135000,US,100,US,M
2024,MI,FT,Data Scientist,110000,USD,110000,US,100,US,M
2024,MI,FT,Data Scientist,135000,USD,135000,US,100,US,M
2024,MI,FT,Data Scientist,110000,USD,110000,US,100,US,M
2024,MI,FT,Data Scientist,135000,USD,135000,US,100,US,M
2024,MI,FT,Data Scientist,110000,USD,110000,US,100,US,M
2024,MI,FT,Data Scientist,135000,USD,135000,US,100,US,M
2024,MI,FT,Data Scientist,110000,USD,110000,US,100,US,M
2024,MI,FT,Data Scientist,135000,USD,135000,US,100,US,M
2024,MI,FT,Data Scientist,110000,USD,110000,US,100,US,M
2024,SE,FT,Data Scientist,230000,USD,230000,CA,100,CA,M
2024,SE,FT,Data Scientist,167000,USD,167000,CA,100,CA,M
2024,SE,FT,Data Scientist,288000,USD,288000,US,100,US,M
2024,SE,FT,Data Scientist,209500,USD,209500,US,100,US,M
2024,SE,FT,Data Scientist,288000,USD,288000,US,100,US,M
2024,SE,FT,Data Scientist,209500,USD,209500,US,100,US,M
2024,SE,FT,Data Scientist,144000,USD,144000,US,0,US,M
2024,SE,FT,Data Scientist,80000,USD,80000,US,0,US,M
2024,EN,FT,Data Scientist,71000,USD,71000,US,0,US,M
2024,EN,FT,Data Scientist,50000,USD,50000,US,0,US,M
2024,MI,FT,Data Scientist,104000,USD,104000,US,0,US,M
2024,MI,FT,Data Scientist,80000,USD,80000,US,0,US,M
2024,SE,FT,Data Lead,125000,USD,125000,US,0,US,M
2024,SE,FT,Data Lead,95000,USD,95000,US,0,US,M
2024,MI,FT,Machine Learning Engineer,140712,USD,140712,CA,0,CA,M
2024,MI,FT,Machine Learning Engineer,112570,USD,112570,CA,0,CA,M
2024,MI,FT,Research Engineer,350000,USD,350000,US,0,US,M
2024,MI,FT,Research Engineer,150000,USD,150000,US,0,US,M
2024,SE,FT,Data Engineer,206800,USD,206800,US,100,US,M
2024,SE,FT,Data Engineer,123046,USD,123046,US,100,US,M
2024,SE,FT,Data Engineer,297000,USD,297000,US,0,US,M
2024,SE,FT,Data Engineer,138000,USD,138000,US,0,US,M
2024,EX,FT,Data Engineer,90000,USD,90000,US,0,US,M
2024,EX,FT,Data Engineer,85000,USD,85000,US,0,US,M
2024,SE,FT,Data Engineer,162500,USD,162500,CA,100,CA,M
2024,SE,FT,Data Engineer,118000,USD,118000,CA,100,CA,M
2024,SE,FT,Data Engineer,260000,USD,260000,US,100,US,M
2024,SE,FT,Data Engineer,189000,USD,189000,US,100,US,M
2024,SE,FT,Data Engineer,260000,USD,260000,US,100,US,M
2024,SE,FT,Data Engineer,189000,USD,189000,US,100,US,M
2024,EX,FT,Data Engineer,90000,USD,90000,US,0,US,M
2024,EX,FT,Data Engineer,85000,USD,85000,US,0,US,M
2024,SE,FT,Data Engineer,96000,USD,96000,US,0,US,M
2024,SE,FT,Data Engineer,70000,USD,70000,US,0,US,M
2024,SE,FT,Data Engineer,96000,USD,96000,US,0,US,M
2024,SE,FT,Data Engineer,70000,USD,70000,US,0,US,M
2024,SE,FT,Data Engineer,91500,USD,91500,US,0,US,M
2024,SE,FT,Data Engineer,70000,USD,70000,US,0,US,M
2024,MI,FT,Data Engineer,169800,USD,169800,US,0,US,L
2024,MI,FT,Data Engineer,125500,USD,125500,US,0,US,L
2024,SE,FT,Data Engineer,40000,GBP,50000,GB,0,GB,M
2024,SE,FT,Data Engineer,35000,GBP,43750,GB,0,GB,M
2024,EN,FT,Insight Analyst,47699,GBP,59623,GB,0,GB,M
2024,EN,FT,Insight Analyst,35505,GBP,44381,GB,0,GB,M
2024,MI,FT,Machine Learning Engineer,276000,USD,276000,US,100,US,M
2024,MI,FT,Machine Learning Engineer,163200,USD,163200,US,100,US,M
2024,MI,FT,Machine Learning Engineer,140712,USD,140712,CA,0,CA,M
2024,MI,FT,Machine Learning Engineer,112570,USD,112570,CA,0,CA,M
2024,SE,FT,Machine Learning Engineer,200000,USD,200000,US,100,US,M
2024,SE,FT,Machine Learning Engineer,180000,USD,180000,US,100,US,M
2024,SE,FT,Software Engineer,304800,USD,304800,US,100,US,M
2024,SE,FT,Software Engineer,180200,USD,180200,US,100,US,M
2024,SE,FT,Machine Learning Engineer,245575,USD,245575,US,0,US,M
2024,SE,FT,Machine Learning Engineer,171903,USD,171903,US,0,US,M
2024,MI,FT,Machine Learning Engineer,87000,USD,87000,BR,100,BR,M
2024,MI,FT,Machine Learning Engineer,66000,USD,66000,BR,100,BR,M
2024,SE,FT,Data Architect,210000,USD,210000,US,0,US,M
2024,SE,FT,Data Architect,190000,USD,190000,US,0,US,M
2024,MI,FT,Research Scientist,195200,USD,195200,US,0,US,L
2024,MI,FT,Research Scientist,113000,USD,113000,US,0,US,L
2024,MI,FT,Software Engineer,80000,GBP,100000,GB,0,GB,M
2024,MI,FT,Software Engineer,60000,GBP,75000,GB,0,GB,M
2024,SE,FT,Software Engineer,210000,USD,210000,AR,100,AR,M
2024,SE,FT,Software Engineer,190000,USD,190000,AR,100,AR,M
2024,SE,FT,Software Engineer,292500,USD,292500,CA,100,CA,M
2024,SE,FT,Software Engineer,195000,USD,195000,CA,100,CA,M
2024,MI,FT,Software Engineer,200000,USD,200000,US,0,US,M
2024,MI,FT,Software Engineer,150000,USD,150000,US,0,US,M
2024,SE,FT,Research Engineer,202400,USD,202400,US,0,US,M
2024,SE,FT,Research Engineer,125100,USD,125100,US,0,US,M
2024,MI,FT,Research Engineer,121000,USD,121000,US,0,US,M
2024,MI,FT,Research Engineer,91000,USD,91000,US,0,US,M
2024,SE,FT,Research Engineer,440000,USD,440000,US,0,US,M
2024,SE,FT,Research Engineer,360000,USD,360000,US,0,US,M
2024,SE,FT,AI Engineer,76500,USD,76500,BR,100,BR,M
2024,SE,FT,AI Engineer,57000,USD,57000,BR,100,BR,M
2024,SE,FT,Data Analyst,150000,USD,150000,US,100,US,M
2024,SE,FT,Data Analyst,125000,USD,125000,US,100,US,M
2024,EN,FT,Data Analyst,55000,USD,55000,US,0,US,M
2024,EN,FT,Data Analyst,46000,USD,46000,US,0,US,M
2024,SE,FT,Data Analyst,145000,USD,145000,US,100,US,M
2024,SE,FT,Data Analyst,80000,USD,80000,US,100,US,M
2024,SE,FT,Data Analyst,145000,USD,145000,US,100,US,M
2024,SE,FT,Data Analyst,80000,USD,80000,US,100,US,M
2024,SE,FT,Data Analyst,140000,USD,140000,US,0,US,M
2024,SE,FT,Data Analyst,95000,USD,95000,US,0,US,M
2024,MI,FT,Software Engineer,250000,USD,250000,US,0,US,M
2024,MI,FT,Software Engineer,160000,USD,160000,US,0,US,M
2024,SE,FT,Software Engineer,210000,USD,210000,US,0,US,M
2024,SE,FT,Software Engineer,170000,USD,170000,US,0,US,M
2024,EN,FT,Data Analyst,183000,USD,183000,US,0,US,M
2024,EN,FT,Data Analyst,83400,USD,83400,US,0,US,M
2024,MI,FT,Research Scientist,200000,USD,200000,US,0,US,M
2024,MI,FT,Research Scientist,136000,USD,136000,US,0,US,M
2024,SE,FT,Data Specialist,119473,USD,119473,US,0,US,M
2024,SE,FT,Data Specialist,68093,USD,68093,US,0,US,M
2024,MI,FT,Machine Learning Engineer,223900,USD,223900,US,100,US,M
2024,MI,FT,Machine Learning Engineer,140100,USD,140100,US,100,US,M
2024,EN,FT,BI Analyst,155000,USD,155000,US,0,US,M
2024,EN,FT,BI Analyst,80000,USD,80000,US,0,US,M
2024,SE,FT,Data Analyst,130900,USD,130900,US,0,US,M
2024,SE,FT,Data Analyst,114700,USD,114700,US,0,US,M
2024,MI,FT,Data Manager,55000,USD,55000,US,0,US,M
2024,MI,FT,Data Manager,45000,USD,45000,US,0,US,M
2024,SE,FT,Data Engineer,120633,USD,120633,US,0,US,M
2024,SE,FT,Data Engineer,120633,USD,120633,US,0,US,M
2024,SE,FT,Data Engineer,180000,USD,180000,US,0,US,M
2024,SE,FT,Data Engineer,90000,USD,90000,US,0,US,M
2024,SE,FT,Data Engineer,180000,USD,180000,US,0,US,M
2024,SE,FT,Data Engineer,90000,USD,90000,US,0,US,M
2024,SE,FT,Data Engineer,220000,USD,220000,US,0,US,M
2024,SE,FT,Data Engineer,110000,USD,110000,US,0,US,M
2024,MI,FT,Data Scientist,196900,USD,196900,US,0,US,M
2024,MI,FT,Data Scientist,166698,USD,166698,US,0,US,M
2024,MI,FT,Data Scientist,172000,USD,172000,US,0,US,M
2024,MI,FT,Data Scientist,75600,USD,75600,US,0,US,M
2024,SE,FT,Data Architect,220000,USD,220000,US,0,US,M
2024,SE,FT,Data Architect,96600,USD,96600,US,0,US,M
2024,SE,FT,Research Scientist,230230,USD,230230,US,0,US,M
2024,SE,FT,Research Scientist,177905,USD,177905,US,0,US,M
2024,SE,FT,Research Scientist,230230,USD,230230,US,0,US,M
2024,SE,FT,Research Scientist,177905,USD,177905,US,0,US,M
2024,SE,FT,Business Intelligence Analyst,124750,USD,124750,US,0,US,M
2024,SE,FT,Business Intelligence Analyst,99800,USD,99800,US,0,US,M
2024,MI,FT,BI Developer,183300,USD,183300,US,0,US,M
2024,MI,FT,BI Developer,101400,USD,101400,US,0,US,M
2024,MI,FT,Data Engineer,135392,USD,135392,US,0,US,M
2024,MI,FT,Data Engineer,79643,USD,79643,US,0,US,M
2024,SE,FT,Business Intelligence,204000,USD,204000,US,0,US,M
2024,SE,FT,Business Intelligence,105800,USD,105800,US,0,US,M
2024,SE,FT,Data Scientist,267600,USD,267600,US,0,US,M
2024,SE,FT,Data Scientist,140200,USD,140200,US,0,US,M
2024,MI,FT,Data Scientist,185000,USD,185000,US,0,US,M
2024,MI,FT,Data Scientist,100000,USD,100000,US,0,US,M
2024,EN,FT,Data Analyst,33378,EUR,37086,LT,0,LT,M
2024,EN,FT,Data Analyst,23364,EUR,25960,LT,0,LT,M
2024,SE,FT,Data Analyst,149300,USD,149300,US,0,US,M
2024,SE,FT,Data Analyst,88500,USD,88500,US,0,US,M
2024,MI,FT,Data Analyst,104936,USD,104936,US,0,US,M
2024,MI,FT,Data Analyst,69957,USD,69957,US,0,US,M
2024,SE,FT,Machine Learning Engineer,290200,USD,290200,US,0,US,M
2024,SE,FT,Machine Learning Engineer,165800,USD,165800,US,0,US,M
2024,SE,FT,Machine Learning Engineer,225000,USD,225000,US,0,US,M
2024,SE,FT,Machine Learning Engineer,168000,USD,168000,US,0,US,M
2024,SE,FT,Machine Learning Researcher,230000,USD,230000,US,100,US,M
2024,SE,FT,Machine Learning Researcher,175000,USD,175000,US,100,US,M
2024,MI,FT,Machine Learning Engineer,240000,USD,240000,US,100,US,M
2024,MI,FT,Machine Learning Engineer,192000,USD,192000,US,100,US,M
2024,SE,FT,Data Strategist,185000,USD,185000,US,0,US,M
2024,SE,FT,Data Strategist,135000,USD,135000,US,0,US,M
2024,MI,FT,Data Strategist,130000,USD,130000,US,0,US,M
2024,MI,FT,Data Strategist,100000,USD,100000,US,0,US,M
2024,SE,FT,Data Architect,110004,USD,110004,US,0,US,M
2024,SE,FT,Data Architect,110004,USD,110004,US,0,US,M
2024,MI,FT,Data Analyst,138500,USD,138500,US,0,US,M
2024,MI,FT,Data Analyst,69300,USD,69300,US,0,US,M
2024,SE,FT,Data Analyst,170000,USD,170000,US,0,US,M
2024,SE,FT,Data Analyst,170000,USD,170000,US,0,US,M
2024,SE,FT,Data Analyst,209000,USD,209000,US,0,US,M
2024,SE,FT,Data Analyst,166000,USD,166000,US,0,US,M
2024,SE,FT,Data Analyst,18000,USD,18000,IN,0,IN,M
2024,EX,FT,Business Intelligence,230000,USD,230000,US,0,US,M
2024,EX,FT,Business Intelligence,180000,USD,180000,US,0,US,M
2024,EX,FT,Business Intelligence,270000,USD,270000,US,0,US,M
2024,EX,FT,Business Intelligence,225000,USD,225000,US,0,US,M
2024,EN,FT,Business Intelligence Analyst,110000,USD,110000,US,0,US,M
2024,EN,FT,Business Intelligence Analyst,90000,USD,90000,US,0,US,M
2024,SE,FT,Analytics Engineer,213500,USD,213500,US,0,US,M
2024,SE,FT,Analytics Engineer,174000,USD,174000,US,0,US,M
2024,MI,FT,Data Scientist,275000,USD,275000,US,0,US,M
2024,MI,FT,Data Scientist,180000,USD,180000,US,0,US,M
2024,SE,FT,Data Scientist,180000,USD,180000,US,0,US,M
2024,SE,FT,Data Scientist,144000,USD,144000,US,0,US,M
2024,SE,FT,Data Scientist,161800,USD,161800,US,0,US,M
2024,SE,FT,Data Scientist,121400,USD,121400,US,0,US,M
2024,EN,FT,Data Scientist,80000,USD,80000,US,100,US,M
2024,EN,FT,Data Scientist,75000,USD,75000,US,100,US,M
2024,SE,FT,AI Engineer,200000,USD,200000,US,0,US,M
2024,SE,FT,AI Engineer,151000,USD,151000,US,0,US,M
2024,MI,FT,Applied Scientist,212800,USD,212800,US,0,US,L
2024,MI,FT,Applied Scientist,129400,USD,129400,US,0,US,L
2024,SE,FT,Applied Scientist,309400,USD,309400,US,0,US,L
2024,SE,FT,Applied Scientist,179000,USD,179000,US,0,US,L
2024,MI,FT,Applied Scientist,222200,USD,222200,US,0,US,L
2024,MI,FT,Applied Scientist,136000,USD,136000,US,0,US,L
2024,MI,FT,Applied Scientist,222200,USD,222200,US,0,US,L
2024,MI,FT,Applied Scientist,136000,USD,136000,US,0,US,L
2024,SE,FT,Data Engineer,208300,USD,208300,US,0,US,M
2024,SE,FT,Data Engineer,190237,USD,190237,US,0,US,M
2024,SE,FT,Data Engineer,110004,USD,110004,US,0,US,M
2024,SE,FT,Data Engineer,110004,USD,110004,US,0,US,M
2024,SE,FT,Data Engineer,220000,USD,220000,US,100,US,M
2024,SE,FT,Data Engineer,112000,USD,112000,US,100,US,M
2024,MI,FT,Research Scientist,205700,USD,205700,US,0,US,M
2024,MI,FT,Research Scientist,187000,USD,187000,US,0,US,M
2024,SE,FT,Research Scientist,245400,USD,245400,US,0,US,M
2024,SE,FT,Research Scientist,135800,USD,135800,US,0,US,M
2024,MI,FT,Research Scientist,173000,USD,173000,US,0,US,M
2024,MI,FT,Research Scientist,117000,USD,117000,US,0,US,M
2024,MI,FT,Data Engineer,196900,USD,196900,US,0,US,M
2024,MI,FT,Data Engineer,175457,USD,175457,US,0,US,M
2024,SE,FT,Data Engineer,235400,USD,235400,US,0,US,M
2024,SE,FT,Data Engineer,209720,USD,209720,US,0,US,M
2024,EN,FT,Data Specialist,56000,USD,56000,US,0,US,M
2024,EN,FT,Data Specialist,56000,USD,56000,US,0,US,M
2024,MI,FT,Data Scientist,196900,USD,196900,US,0,US,M
2024,MI,FT,Data Scientist,175420,USD,175420,US,0,US,M
2024,SE,FT,Data Scientist,235400,USD,235400,US,0,US,M
2024,SE,FT,Data Scientist,219539,USD,219539,US,0,US,M
2024,EN,FT,Data Analyst,74000,USD,74000,US,0,US,M
2024,EN,FT,Data Analyst,60000,USD,60000,US,0,US,M
2024,MI,FT,Data Scientist,220000,USD,220000,US,0,US,M
2024,MI,FT,Data Scientist,96600,USD,96600,US,0,US,M
2024,MI,FT,Data Engineer,135000,USD,135000,US,100,US,M
2024,MI,FT,Data Engineer,115000,USD,115000,US,100,US,M
2024,SE,FT,Analytics Engineer,190000,USD,190000,US,100,US,M
2024,SE,FT,Analytics Engineer,160000,USD,160000,US,100,US,M
2024,SE,FT,Analytics Engineer,155800,USD,155800,US,100,US,M
2024,SE,FT,Analytics Engineer,155800,USD,155800,US,100,US,M
2024,SE,FT,Machine Learning Engineer,240000,USD,240000,US,0,US,M
2024,SE,FT,Machine Learning Engineer,120000,USD,120000,US,0,US,M
2024,SE,FT,Applied Scientist,291900,USD,291900,US,0,US,M
2024,SE,FT,Applied Scientist,139300,USD,139300,US,0,US,M
2024,SE,FT,Machine Learning Specialist,160000,USD,160000,US,100,US,L
2024,EN,FT,Data Scientist,208800,USD,208800,US,0,US,M
2024,EN,FT,Data Scientist,98300,USD,98300,US,0,US,M
2024,SE,FT,Data Scientist,140000,USD,140000,US,100,US,M
2024,SE,FT,Data Scientist,99000,USD,99000,US,100,US,M
2024,MI,FT,Research Scientist,251000,USD,251000,US,0,US,M
2024,MI,FT,Research Scientist,177000,USD,177000,US,0,US,M
2024,EN,FT,Business Intelligence Analyst,104000,USD,104000,US,0,US,M
2024,EN,FT,Business Intelligence Analyst,76000,USD,76000,US,0,US,M
2024,EN,FT,Business Intelligence Analyst,85200,USD,85200,US,0,US,M
2024,EN,FT,Business Intelligence Analyst,61650,USD,61650,US,0,US,M
2024,EN,FT,Business Intelligence Analyst,45000,GBP,56250,GB,0,GB,M
2024,EN,FT,Business Intelligence Analyst,35000,GBP,43750,GB,0,GB,M
2024,SE,FT,Business Intelligence Analyst,139803,USD,139803,CA,0,CA,M
2024,SE,FT,Business Intelligence Analyst,103331,USD,103331,CA,0,CA,M
2024,MI,FT,Data Engineer,235400,USD,235400,US,0,US,M
2024,MI,FT,Data Engineer,211980,USD,211980,US,0,US,M
2024,MI,FT,Machine Learning Engineer,256500,USD,256500,US,0,US,M
2024,MI,FT,Machine Learning Engineer,170700,USD,170700,US,0,US,M
2024,SE,FT,Machine Learning Engineer,309000,USD,309000,US,0,US,M
2024,SE,FT,Machine Learning Engineer,142000,USD,142000,US,0,US,M
2024,EN,FT,Data Specialist,48000,GBP,60000,GB,0,GB,M
2024,EN,FT,Data Specialist,40000,GBP,50000,GB,0,GB,M
2024,EN,FT,Data Analyst,140000,USD,140000,US,0,US,M
2024,EN,FT,Data Analyst,60000,USD,60000,US,0,US,M
2024,EN,FT,Data Analyst,80000,USD,80000,US,0,US,M
2024,EN,FT,Data Analyst,80000,USD,80000,US,0,US,M
2024,EN,FT,Data Analyst,100000,USD,100000,US,0,US,M
2024,EN,FT,Data Analyst,50000,USD,50000,US,0,US,M
2024,MI,FT,BI Developer,100000,USD,100000,US,0,US,M
2024,MI,FT,BI Developer,100000,USD,100000,US,0,US,M
2024,MI,FT,Data Scientist,149000,USD,149000,US,0,US,M
2024,MI,FT,Data Scientist,115000,USD,115000,US,0,US,M
2024,SE,FT,Data Management Specialist,163000,USD,163000,US,100,US,M
2024,SE,FT,Data Management Specialist,77000,USD,77000,US,100,US,M
2024,SE,FT,Data Engineer,161000,USD,161000,US,0,US,M
2024,SE,FT,Data Engineer,119000,USD,119000,US,0,US,M
2024,EN,FT,Data Engineer,158100,USD,158100,US,0,US,M
2024,EN,FT,Data Engineer,138500,USD,138500,US,0,US,M
2024,MI,FT,Research Scientist,200200,USD,200200,US,0,US,M
2024,MI,FT,Research Scientist,177492,USD,177492,US,0,US,M
2024,SE,FT,Research Scientist,253000,USD,253000,US,0,US,M
2024,SE,FT,Research Scientist,160000,USD,160000,US,0,US,M
2024,SE,FT,Research Scientist,252000,USD,252000,US,0,US,M
2024,SE,FT,Research Scientist,143000,USD,143000,US,0,US,M
2024,MI,FT,Robotics Engineer,157550,USD,157550,US,0,US,M
2024,MI,FT,Robotics Engineer,77350,USD,77350,US,0,US,M
2024,MI,FT,Machine Learning Engineer,333000,USD,333000,US,0,US,M
2024,MI,FT,Machine Learning Engineer,189000,USD,189000,US,0,US,M
2024,SE,FT,AI Engineer,220000,USD,220000,US,0,US,M
2024,SE,FT,AI Engineer,96600,USD,96600,US,0,US,M
2024,SE,FT,Data Product Manager,192840,USD,192840,US,0,US,M
2024,SE,FT,Data Product Manager,115704,USD,115704,US,0,US,M
2024,MI,FT,Data Specialist,163000,USD,163000,US,100,US,M
2024,MI,FT,Data Specialist,77000,USD,77000,US,100,US,M
2024,MI,FT,Business Intelligence Engineer,189000,USD,189000,US,0,US,M
2024,MI,FT,Business Intelligence Engineer,107000,USD,107000,US,0,US,M
2024,MI,FT,Data Product Manager,196225,USD,196225,US,0,US,M
2024,MI,FT,Data Product Manager,108550,USD,108550,US,0,US,M
2024,EN,FT,Data Analyst,210100,USD,210100,US,0,US,M
2024,EN,FT,Data Analyst,95500,USD,95500,US,0,US,M
2024,MI,FT,Data Analyst,111700,USD,111700,US,0,US,M
2024,MI,FT,Data Analyst,69800,USD,69800,US,0,US,M
2024,MI,FT,NLP Engineer,166200,USD,166200,US,0,US,M
2024,MI,FT,NLP Engineer,92100,USD,92100,US,0,US,M
2024,MI,FT,Data Scientist,129800,USD,129800,US,0,US,M
2024,MI,FT,Data Scientist,72100,USD,72100,US,0,US,M
2024,SE,FT,Data Scientist,323400,USD,323400,US,0,US,M
2024,SE,FT,Data Scientist,185800,USD,185800,US,0,US,M
2024,MI,FT,Data Lead,216000,USD,216000,US,100,US,M
2024,MI,FT,Data Lead,144000,USD,144000,US,100,US,M
2024,EN,FT,Data Analyst,20000,USD,20000,IN,100,IN,M
2024,MI,FT,Analytics Engineer,140000,USD,140000,US,0,US,M
2024,MI,FT,Analytics Engineer,120000,USD,120000,US,0,US,M
2024,EN,FT,Data Reporting Analyst,58000,USD,58000,US,0,US,M
2024,EN,FT,Data Reporting Analyst,42000,USD,42000,US,0,US,M
2024,SE,FT,Machine Learning Researcher,300200,USD,300200,US,0,US,M
2024,SE,FT,Machine Learning Researcher,170700,USD,170700,US,0,US,M
2024,MI,CT,Business Intelligence Analyst,140000,USD,140000,US,0,US,M
2024,MI,CT,Business Intelligence Analyst,120000,USD,120000,US,0,US,M
2024,EX,FT,Business Intelligence,185000,USD,185000,US,0,US,M
2024,EX,FT,Business Intelligence,110000,USD,110000,US,0,US,M
2024,SE,FT,Data Manager,169680,USD,169680,US,100,US,M
2024,SE,FT,Data Manager,113120,USD,113120,US,100,US,M
2024,SE,FT,Research Engineer,176700,USD,176700,US,100,US,M
2024,SE,FT,Research Engineer,144600,USD,144600,US,100,US,M
2024,SE,FT,Applied Scientist,250200,USD,250200,US,0,US,M
2024,SE,FT,Applied Scientist,117200,USD,117200,US,0,US,M
2024,SE,FT,Applied Scientist,253000,USD,253000,CA,0,CA,M
2024,SE,FT,Applied Scientist,135800,USD,135800,CA,0,CA,M
2024,MI,FT,Applied Scientist,284900,USD,284900,US,0,US,M
2024,MI,FT,Applied Scientist,161700,USD,161700,US,0,US,M
2024,MI,FT,Data Scientist,235400,USD,235400,US,0,US,M
2024,MI,FT,Data Scientist,209720,USD,209720,US,0,US,M
2024,MI,FT,Data Scientist,235400,USD,235400,US,100,US,M
2024,MI,FT,Data Scientist,209720,USD,209720,US,100,US,M
2024,MI,FT,Data Scientist,279400,USD,279400,US,0,US,M
2024,MI,FT,Data Scientist,248920,USD,248920,US,0,US,M
2024,MI,FT,Data Scientist,256500,USD,256500,US,0,US,M
2024,MI,FT,Data Scientist,138900,USD,138900,US,0,US,M
2024,SE,FT,Data Scientist,185400,USD,185400,US,0,US,M
2024,SE,FT,Data Scientist,92700,USD,92700,US,0,US,M
2024,MI,FT,Data Scientist,196900,USD,196900,US,0,US,M
2024,MI,FT,Data Scientist,166698,USD,166698,US,0,US,M
2024,SE,FT,Data Architect,180000,USD,180000,US,0,US,M
2024,SE,FT,Data Architect,155000,USD,155000,US,0,US,M
2024,MI,FT,Machine Learning Engineer,290180,USD,290180,US,0,US,M
2024,MI,FT,Machine Learning Engineer,254245,USD,254245,US,0,US,M
2024,MI,FT,Machine Learning Engineer,240240,USD,240240,US,0,US,M
2024,MI,FT,Machine Learning Engineer,217476,USD,217476,US,0,US,M
2024,SE,FT,Data Engineer,235400,USD,235400,US,0,US,M
2024,SE,FT,Data Engineer,199369,USD,199369,US,0,US,M
2024,MI,FT,Data Engineer,234000,USD,234000,US,0,US,M
2024,MI,FT,Data Engineer,146000,USD,146000,US,0,US,M
2024,SE,FT,Data Engineer,267800,USD,267800,US,0,US,M
2024,SE,FT,Data Engineer,118450,USD,118450,US,0,US,M
2024,SE,FT,Data Engineer,150000,USD,150000,US,0,US,M
2024,SE,FT,Data Engineer,125000,USD,125000,US,0,US,M
2024,MI,FT,Data Analyst,115000,USD,115000,US,0,US,M
2024,MI,FT,Data Analyst,100000,USD,100000,US,0,US,M
2024,EN,FT,Data Analyst,65000,USD,65000,US,0,US,M
2024,EN,FT,Data Analyst,55000,USD,55000,US,0,US,M
2024,EN,FT,Data Analyst,83300,USD,83300,US,0,US,M
2024,EN,FT,Data Analyst,47500,USD,47500,US,0,US,M
2024,MI,FT,Research Scientist,235400,USD,235400,US,0,US,M
2024,MI,FT,Research Scientist,212383,USD,212383,US,0,US,M
2024,MI,FT,Research Scientist,200000,USD,200000,US,0,US,M
2024,MI,FT,Research Scientist,136000,USD,136000,US,0,US,M
2024,MI,FT,Research Scientist,134991,USD,134991,US,0,US,M
2024,MI,FT,Research Scientist,63150,USD,63150,US,0,US,M
2024,MI,FT,Research Scientist,240240,USD,240240,US,0,US,M
2024,MI,FT,Research Scientist,203350,USD,203350,US,0,US,M
2024,MI,FT,Research Scientist,137000,USD,137000,US,100,US,M
2024,MI,FT,Research Scientist,99200,USD,99200,US,100,US,M
2024,EN,FT,Business Intelligence Analyst,106100,USD,106100,US,0,US,M
2024,EN,FT,Business Intelligence Analyst,70700,USD,70700,US,0,US,M
2024,SE,FT,Business Intelligence Engineer,108500,USD,108500,US,100,US,M
2024,SE,FT,Business Intelligence Engineer,78800,USD,78800,US,100,US,M
2024,SE,FT,Data Analyst,133000,USD,133000,US,0,US,M
2024,SE,FT,Data Analyst,106000,USD,106000,US,0,US,M
2024,EN,FT,Data Analyst,151500,USD,151500,US,0,US,M
2024,EN,FT,Data Analyst,79000,USD,79000,US,0,US,M
2024,SE,FT,Data Analytics Lead,220000,USD,220000,US,0,US,M
2024,SE,FT,Data Analytics Lead,96600,USD,96600,US,0,US,M
2024,EN,FT,Data Analyst,137000,USD,137000,US,0,US,M
2024,EN,FT,Data Analyst,60400,USD,60400,US,0,US,M
2024,SE,FT,Research Scientist,128000,USD,128000,US,100,US,M
2024,SE,FT,Research Scientist,93000,USD,93000,US,100,US,M
2024,MI,FT,Research Scientist,266875,USD,266875,US,0,US,M
2024,MI,FT,Research Scientist,128250,USD,128250,US,0,US,M
2024,MI,FT,Data Scientist,128000,USD,128000,US,100,US,M
2024,MI,FT,Data Scientist,64000,USD,64000,US,100,US,M
2024,MI,FT,Data Scientist,216600,USD,216600,US,0,US,M
2024,MI,FT,Data Scientist,144400,USD,144400,US,0,US,M
2024,MI,FT,Data Scientist,163700,USD,163700,US,0,US,M
2024,MI,FT,Data Scientist,109100,USD,109100,US,0,US,M
2024,MI,FT,Data Scientist,172000,USD,172000,US,100,US,M
2024,MI,FT,Data Scientist,75600,USD,75600,US,100,US,M
2024,EN,FT,Data Scientist,137000,USD,137000,US,0,US,M
2024,EN,FT,Data Scientist,60400,USD,60400,US,0,US,M
2024,MI,FT,Data Engineer,137000,USD,137000,US,0,US,M
2024,MI,FT,Data Engineer,60400,USD,60400,US,0,US,M
2024,EX,FT,Data Engineer,165000,USD,165000,US,0,US,M
2024,EX,FT,Data Engineer,145000,USD,145000,US,0,US,M
2024,MI,FT,Applied Scientist,211600,USD,211600,US,100,US,M
2024,MI,FT,Applied Scientist,132400,USD,132400,US,100,US,M
2024,MI,FT,Machine Learning Engineer,180000,USD,180000,CA,0,CA,M
2024,MI,FT,Machine Learning Engineer,120000,USD,120000,CA,0,CA,M
2024,MI,FT,Machine Learning Engineer,333000,USD,333000,US,0,US,M
2024,MI,FT,Machine Learning Engineer,189000,USD,189000,US,0,US,M
2024,MI,FT,Machine Learning Engineer,240000,USD,240000,US,0,US,M
2024,MI,FT,Machine Learning Engineer,136800,USD,136800,US,0,US,M
2024,MI,FT,Machine Learning Engineer,220000,USD,220000,US,0,US,M
2024,MI,FT,Machine Learning Engineer,96600,USD,96600,US,0,US,M
2024,SE,FT,Data Scientist,35000,GBP,43750,GB,0,GB,M
2024,SE,FT,Data Scientist,35000,GBP,43750,GB,0,GB,M
2024,MI,FT,Data Engineer,137000,USD,137000,US,0,US,M
2024,MI,FT,Data Engineer,60400,USD,60400,US,0,US,M
2024,SE,FT,Data Engineer,169000,USD,169000,US,100,US,M
2024,SE,FT,Data Engineer,150000,USD,150000,US,100,US,M
2024,SE,FT,Data Engineer,218500,USD,218500,US,0,US,M
2024,SE,FT,Data Engineer,161500,USD,161500,US,0,US,M
2024,SE,FT,Data Engineer,180000,USD,180000,US,100,US,M
2024,SE,FT,Data Engineer,140000,USD,140000,US,100,US,M
2024,SE,FT,Data Engineer,241393,USD,241393,US,100,US,M
2024,SE,FT,Data Engineer,160943,USD,160943,US,100,US,M
2024,MI,FT,Data Engineer,225000,USD,225000,US,0,US,M
2024,MI,FT,Data Engineer,150000,USD,150000,US,0,US,M
2024,SE,FT,Data Engineer,190000,USD,190000,US,100,US,M
2024,SE,FT,Data Engineer,140000,USD,140000,US,100,US,M
2024,SE,FT,Data Engineer,240000,USD,240000,US,0,US,M
2024,SE,FT,Data Engineer,180000,USD,180000,US,0,US,M
2024,MI,FT,Machine Learning Engineer,200000,USD,200000,US,0,US,M
2024,MI,FT,Machine Learning Engineer,140000,USD,140000,US,0,US,M
2024,SE,FT,Data Scientist,195000,USD,195000,US,100,US,M
2024,SE,FT,Data Scientist,95000,USD,95000,US,100,US,M
2024,SE,FT,Data Scientist,110000,USD,110000,US,100,US,M
2024,SE,FT,Data Scientist,90000,USD,90000,US,100,US,M
2024,MI,FT,Data Scientist,192386,USD,192386,US,0,US,M
2024,MI,FT,Data Scientist,135000,USD,135000,US,0,US,M
2024,SE,FT,Data Scientist,257600,USD,257600,US,0,US,M
2024,SE,FT,Data Scientist,146000,USD,146000,US,0,US,M
2024,SE,FT,Data Scientist,190000,USD,190000,US,100,US,M
2024,SE,FT,Data Scientist,150000,USD,150000,US,100,US,M
2024,MI,FT,Data Scientist,110000,USD,110000,US,0,US,M
2024,MI,FT,Data Scientist,70000,USD,70000,US,0,US,M
2024,MI,FT,Data Scientist,259000,USD,259000,US,0,US,M
2024,MI,FT,Data Scientist,174000,USD,174000,US,0,US,M
2024,SE,FT,Data Scientist,137500,USD,137500,US,0,US,M
2024,SE,FT,Data Scientist,81500,USD,81500,US,0,US,M
2024,SE,FT,Data Analyst,191000,USD,191000,US,100,US,M
2024,SE,FT,Data Analyst,162350,USD,162350,US,100,US,M
2024,EN,FT,Data Analyst,46000,USD,46000,US,0,US,M
2024,EN,FT,Data Analyst,44000,USD,44000,US,0,US,M
2024,EN,FT,Data Analyst,46000,USD,46000,US,0,US,M
2024,EN,FT,Data Analyst,44000,USD,44000,US,0,US,M
2024,SE,FT,Business Intelligence Manager,220500,USD,220500,US,100,US,M
2024,SE,FT,Business Intelligence Manager,160500,USD,160500,US,100,US,M
2024,SE,FT,Business Intelligence Manager,220500,USD,220500,US,100,US,M
2024,SE,FT,Business Intelligence Manager,160500,USD,160500,US,100,US,M
2024,MI,FT,Business Intelligence Engineer,185000,USD,185000,US,0,US,L
2024,MI,FT,Business Intelligence Engineer,89600,USD,89600,US,0,US,L
2024,MI,FT,Data Architect,179000,USD,179000,US,0,US,M
2024,MI,FT,Data Architect,106500,USD,106500,US,0,US,M
2024,SE,FT,Analytics Engineer,225000,USD,225000,US,0,US,M
2024,SE,FT,Analytics Engineer,150000,USD,150000,US,0,US,M
2024,SE,FT,Analytics Engineer,165000,USD,165000,US,0,US,M
2024,SE,FT,Analytics Engineer,140000,USD,140000,US,0,US,M
2024,MI,FT,Data Product Manager,225000,USD,225000,US,0,US,M
2024,MI,FT,Data Product Manager,150000,USD,150000,US,0,US,M
2024,MI,FT,Data Product Manager,160000,USD,160000,US,0,US,M
2024,MI,FT,Data Product Manager,135000,USD,135000,US,0,US,M
2024,SE,FT,Applied Scientist,212800,USD,212800,US,0,US,L
2024,SE,FT,Applied Scientist,129400,USD,129400,US,0,US,L
2024,MI,FT,Applied Scientist,222200,USD,222200,US,0,US,L
2024,MI,FT,Applied Scientist,136000,USD,136000,US,0,US,L
2024,EN,FT,Admin & Data Analyst,100000,USD,100000,BM,0,DZ,L
2024,MI,FT,Data Product Owner,60000,GBP,75000,US,0,US,M
2024,MI,FT,Data Product Owner,42000,GBP,52500,US,0,US,M
2024,SE,FT,Decision Scientist,206000,USD,206000,US,0,US,M
2024,SE,FT,Decision Scientist,97335,USD,97335,US,0,US,M
2024,MI,FT,Research Engineer,240240,USD,240240,US,0,US,M
2024,MI,FT,Research Engineer,214032,USD,214032,US,0,US,M
2024,SE,FT,Research Engineer,138000,USD,138000,US,0,US,M
2024,SE,FT,Research Engineer,86000,USD,86000,US,0,US,M
2024,SE,FT,Business Intelligence Engineer,188800,USD,188800,US,0,US,M
2024,SE,FT,Business Intelligence Engineer,105700,USD,105700,US,0,US,M
2024,MI,FT,Data Manager,72000,USD,72000,CA,0,CA,M
2024,MI,FT,Data Manager,50000,USD,50000,CA,0,CA,M
2024,MI,FT,Data Management Specialist,120000,USD,120000,US,0,US,M
2024,MI,FT,Data Management Specialist,100000,USD,100000,US,0,US,M
2024,SE,FT,BI Developer,247200,USD,247200,US,0,US,M
2024,SE,FT,BI Developer,124373,USD,124373,US,0,US,M
2024,SE,FT,Data Analytics Lead,176000,USD,176000,US,0,US,M
2024,SE,FT,Data Analytics Lead,124000,USD,124000,US,0,US,M
2024,MI,FT,Data Analyst,183000,USD,183000,US,0,US,M
2024,MI,FT,Data Analyst,83400,USD,83400,US,0,US,M
2024,MI,FT,Data Analytics Specialist,130000,USD,130000,US,0,US,M
2024,MI,FT,Data Analytics Specialist,90000,USD,90000,US,0,US,M
2024,EN,FT,Data Analyst,170500,USD,170500,US,0,US,M
2024,EN,FT,Data Analyst,89000,USD,89000,US,0,US,M
2024,EN,FT,Data Analyst,75000,USD,75000,US,0,US,M
2024,EN,FT,Data Analyst,70000,USD,70000,US,0,US,M
2024,SE,FT,Data Engineer,235400,USD,235400,US,0,US,M
2024,SE,FT,Data Engineer,205380,USD,205380,US,0,US,M
2024,MI,FT,Data Engineer,208800,USD,208800,US,0,US,M
2024,MI,FT,Data Engineer,98300,USD,98300,US,0,US,M
2024,MI,FT,Data Engineer,97575,USD,97575,US,0,US,M
2024,MI,FT,Data Engineer,58500,USD,58500,US,0,US,M
2024,SE,FT,Data Architect,312600,USD,312600,US,100,US,M
2024,SE,FT,Data Architect,128535,USD,128535,US,100,US,M
2024,SE,FT,Data Scientist,235400,USD,235400,US,0,US,M
2024,SE,FT,Data Scientist,191253,USD,191253,US,0,US,M
2024,MI,FT,Data Scientist,187000,USD,187000,US,0,US,M
2024,MI,FT,Data Scientist,127000,USD,127000,US,0,US,M
2024,SE,FT,Data Scientist,250200,USD,250200,US,0,US,M
2024,SE,FT,Data Scientist,117200,USD,117200,US,0,US,M
2024,SE,FT,Data Scientist,210200,USD,210200,US,0,US,M
2024,SE,FT,Data Scientist,120100,USD,120100,US,0,US,M
2024,MI,FT,Analytics Engineer,126000,USD,126000,US,0,US,M
2024,MI,FT,Analytics Engineer,78000,USD,78000,US,0,US,M
2024,MI,FT,Analytics Engineer,126000,USD,126000,US,0,US,M
2024,MI,FT,Analytics Engineer,78000,USD,78000,US,0,US,M
2024,MI,FT,Analytics Engineer,126000,USD,126000,US,0,US,M
2024,MI,FT,Analytics Engineer,78000,USD,78000,US,0,US,M
2024,MI,FT,Analytics Engineer,126000,USD,126000,US,0,US,M
2024,MI,FT,Analytics Engineer,78000,USD,78000,US,0,US,M
2024,MI,FT,Research Scientist,200200,USD,200200,US,0,US,M
2024,MI,FT,Research Scientist,182395,USD,182395,US,0,US,M
2024,MI,FT,Research Scientist,200000,USD,200000,US,0,US,M
2024,MI,FT,Research Scientist,136000,USD,136000,US,0,US,M
2024,MI,FT,Research Scientist,284000,USD,284000,US,0,US,M
2024,MI,FT,Research Scientist,189000,USD,189000,US,0,US,M
2024,EN,FT,Data Analyst,130000,USD,130000,US,0,US,M
2024,EN,FT,Data Analyst,70000,USD,70000,US,0,US,M
2024,MI,FT,Data Analyst,130000,USD,130000,US,0,US,M
2024,MI,FT,Data Analyst,70000,USD,70000,US,0,US,M
2024,EN,FT,Data Analyst,172000,USD,172000,US,0,US,M
2024,EN,FT,Data Analyst,75600,USD,75600,US,0,US,M
2024,EN,FT,Data Analyst,137000,USD,137000,US,0,US,M
2024,EN,FT,Data Analyst,60400,USD,60400,US,0,US,M
2024,SE,FT,Data Analyst,110900,USD,110900,US,100,US,M
2024,SE,FT,Data Analyst,97200,USD,97200,US,100,US,M
2024,EN,FT,Data Analyst,130000,USD,130000,US,0,US,M
2024,EN,FT,Data Analyst,70000,USD,70000,US,0,US,M
2024,SE,FT,Decision Scientist,240000,USD,240000,US,0,US,M
2024,SE,FT,Decision Scientist,120750,USD,120750,US,0,US,M
2024,SE,FT,Decision Scientist,196000,USD,196000,US,0,US,M
2024,SE,FT,Decision Scientist,98717,USD,98717,US,0,US,M
2024,SE,FT,Data Scientist,250000,USD,250000,US,0,US,M
2024,SE,FT,Data Scientist,110100,USD,110100,US,0,US,M
2024,SE,FT,Data Scientist,224250,USD,224250,US,0,US,M
2024,SE,FT,Data Scientist,165750,USD,165750,US,0,US,M
2024,SE,FT,Data Scientist,286000,USD,286000,US,0,US,M
2024,SE,FT,Data Scientist,143000,USD,143000,US,0,US,M
2024,SE,FT,Data Scientist,121400,USD,121400,US,0,US,M
2024,SE,FT,Data Scientist,121400,USD,121400,US,0,US,M
2024,SE,FT,Data Engineer,180000,USD,180000,US,0,US,M
2024,SE,FT,Data Engineer,90000,USD,90000,US,0,US,M
2024,MI,FT,Data Engineer,137000,USD,137000,US,0,US,M
2024,MI,FT,Data Engineer,60400,USD,60400,US,0,US,M
2024,MI,FT,Data Engineer,137000,USD,137000,US,0,US,M
2024,MI,FT,Data Engineer,60400,USD,60400,US,0,US,M
2024,MI,FT,Data Engineer,150000,USD,150000,US,0,US,M
2024,MI,FT,Data Engineer,109283,USD,109283,US,0,US,M
2024,SE,FT,Data Engineer,196000,USD,196000,US,0,US,M
2024,SE,FT,Data Engineer,111800,USD,111800,US,0,US,M
2024,SE,FT,Data Engineer,240000,USD,240000,US,0,US,M
2024,SE,FT,Data Engineer,163654,USD,163654,US,0,US,M
2024,SE,FT,Data Engineer,240000,USD,240000,US,0,US,M
2024,SE,FT,Data Engineer,120750,USD,120750,US,0,US,M
2024,SE,FT,Data Engineer,280000,USD,280000,US,0,US,M
2024,SE,FT,Data Engineer,184309,USD,184309,US,0,US,M
2024,SE,FT,Data Engineer,196000,USD,196000,US,0,US,M
2024,SE,FT,Data Engineer,125029,USD,125029,US,0,US,M
2024,EN,FT,Computer Vision Engineer,193000,USD,193000,US,0,US,M
2024,EN,FT,Computer Vision Engineer,84600,USD,84600,US,0,US,M
2024,MI,FT,Research Engineer,220000,USD,220000,US,0,US,M
2024,MI,FT,Research Engineer,96600,USD,96600,US,0,US,M
2024,SE,FT,AI Architect,250000,USD,250000,US,0,US,M
2024,SE,FT,AI Architect,110000,USD,110000,US,0,US,M
2024,MI,FT,Machine Learning Engineer,123000,USD,123000,US,0,US,M
2024,MI,FT,Machine Learning Engineer,54000,USD,54000,US,0,US,M
2024,MI,FT,Data Scientist,119200,USD,119200,US,100,US,M
2024,MI,FT,Data Scientist,86600,USD,86600,US,100,US,M
2024,SE,FT,Machine Learning Engineer,200000,USD,200000,US,0,US,M
2024,SE,FT,Machine Learning Engineer,112986,USD,112986,US,0,US,M
2024,SE,FT,Business Intelligence,120750,USD,120750,US,0,US,M
2024,SE,FT,Business Intelligence,85000,USD,85000,US,0,US,M
2024,MI,FT,Business Intelligence Specialist,102568,USD,102568,US,0,US,M
2024,MI,FT,Business Intelligence Specialist,79509,USD,79509,US,0,US,M
2024,SE,FT,Business Intelligence,142250,USD,142250,US,0,US,M
2024,SE,FT,Business Intelligence,100000,USD,100000,US,0,US,M
2024,MI,FT,Data Scientist,183300,USD,183300,US,0,US,M
2024,MI,FT,Data Scientist,101400,USD,101400,US,0,US,M
2024,EN,FT,Data Analyst,95000,USD,95000,US,100,US,M
2024,EN,FT,Data Analyst,55000,USD,55000,US,100,US,M
2024,SE,FT,Data Analyst,220900,USD,220900,US,0,US,M
2024,SE,FT,Data Analyst,122200,USD,122200,US,0,US,M
2024,EN,FT,Data Analyst,176000,USD,176000,US,100,US,M
2024,EN,FT,Data Analyst,101000,USD,101000,US,100,US,M
2024,EN,FT,Data Analyst,83000,USD,83000,US,0,US,M
2024,EN,FT,Data Analyst,55000,USD,55000,US,0,US,M
2024,SE,FT,Data Analyst,195714,USD,195714,US,0,US,M
2024,SE,FT,Data Analyst,170186,USD,170186,US,0,US,M
2024,SE,FT,Data Analyst,120000,USD,120000,US,0,US,M
2024,SE,FT,Data Analyst,105000,USD,105000,US,0,US,M
2024,SE,FT,AI Scientist,215000,USD,215000,US,0,US,M
2024,SE,FT,AI Scientist,180000,USD,180000,US,0,US,M
2024,SE,FT,Research Engineer,215000,USD,215000,CA,100,CA,M
2024,SE,FT,Research Engineer,122000,USD,122000,CA,100,CA,M
2024,SE,FT,Research Engineer,220000,USD,220000,US,0,US,M
2024,SE,FT,Research Engineer,170000,USD,170000,US,0,US,M
2024,SE,FT,Research Engineer,300000,USD,300000,US,0,US,M
2024,SE,FT,Research Engineer,136000,USD,136000,US,0,US,M
2024,SE,FT,Data Scientist,240000,USD,240000,US,100,US,M
2024,SE,FT,Data Scientist,170000,USD,170000,US,100,US,M
2024,SE,FT,Data Scientist,200000,USD,200000,US,100,US,M
2024,SE,FT,Data Scientist,145000,USD,145000,US,100,US,M
2024,SE,FT,Data Scientist,500000,USD,500000,US,0,US,M
2024,SE,FT,Data Scientist,100000,USD,100000,US,0,US,M
2024,MI,FT,Data Scientist,189100,USD,189100,US,0,US,M
2024,MI,FT,Data Scientist,154360,USD,154360,US,0,US,M
2024,MI,FT,Data Scientist,110000,USD,110000,US,100,US,M
2024,MI,FT,Data Scientist,90000,USD,90000,US,100,US,M
2024,SE,FT,Business Intelligence Analyst,121100,USD,121100,US,0,US,M
2024,SE,FT,Business Intelligence Analyst,97200,USD,97200,US,0,US,M
2024,SE,FT,Business Intelligence Developer,160000,USD,160000,US,100,US,M
2024,SE,FT,Business Intelligence Developer,140000,USD,140000,US,100,US,M
2024,SE,FT,Machine Learning Engineer,207000,USD,207000,US,0,US,M
2024,SE,FT,Machine Learning Engineer,134000,USD,134000,US,0,US,M
2024,MI,FT,Research Scientist,161500,USD,161500,US,0,US,M
2024,MI,FT,Research Scientist,161500,USD,161500,US,0,US,M
2024,SE,FT,Machine Learning Scientist,130100,USD,130100,US,0,US,M
2024,SE,FT,Machine Learning Scientist,130100,USD,130100,US,0,US,M
2024,SE,FT,Research Scientist,270000,USD,270000,US,0,US,M
2024,SE,FT,Research Scientist,183600,USD,183600,US,0,US,M
2024,SE,FT,Research Scientist,258100,USD,258100,US,0,US,M
2024,SE,FT,Research Scientist,151900,USD,151900,US,0,US,M
2024,SE,FT,Research Scientist,247600,USD,247600,US,0,US,L
2024,SE,FT,Research Scientist,143300,USD,143300,US,0,US,L
2024,MI,FT,Data Engineer,145000,USD,145000,US,100,US,M
2024,MI,FT,Data Engineer,116000,USD,116000,US,100,US,M
2024,SE,FT,Data Engineer,247300,USD,247300,US,0,US,M
2024,SE,FT,Data Engineer,139800,USD,139800,US,0,US,M
2024,SE,FT,Data Engineer,308000,USD,308000,US,0,US,M
2024,SE,FT,Data Engineer,190400,USD,190400,US,0,US,M
2024,SE,FT,Data Engineer,235000,USD,235000,US,100,US,M
2024,SE,FT,Data Engineer,185000,USD,185000,US,100,US,M
2024,SE,FT,Analytics Engineer,213500,USD,213500,US,0,US,M
2024,SE,FT,Analytics Engineer,174000,USD,174000,US,0,US,M
2024,MI,FT,Research Scientist,171000,USD,171000,US,0,US,M
2024,MI,FT,Research Scientist,109000,USD,109000,US,0,US,M
2024,MI,FT,Research Scientist,240240,USD,240240,US,100,US,M
2024,MI,FT,Research Scientist,192668,USD,192668,US,100,US,M
2024,SE,FT,Research Scientist,200000,USD,200000,US,0,US,M
2024,SE,FT,Research Scientist,136000,USD,136000,US,0,US,M
2024,SE,FT,Research Scientist,239000,USD,239000,US,0,US,M
2024,SE,FT,Research Scientist,161000,USD,161000,US,0,US,M
2024,SE,FT,Machine Learning Engineer,240240,USD,240240,US,0,US,M
2024,SE,FT,Machine Learning Engineer,227280,USD,227280,US,0,US,M
2024,SE,FT,Data Scientist,129100,USD,129100,US,0,US,M
2024,SE,FT,Data Scientist,107800,USD,107800,US,0,US,M
2024,SE,FT,Data Scientist,151800,USD,151800,US,0,US,M
2024,SE,FT,Data Scientist,126900,USD,126900,US,0,US,M
2024,SE,FT,Machine Learning Engineer,174700,USD,174700,US,0,US,M
2024,SE,FT,Machine Learning Engineer,148500,USD,148500,US,0,US,M
2024,SE,FT,Machine Learning Engineer,265200,USD,265200,US,0,US,M
2024,SE,FT,Machine Learning Engineer,225400,USD,225400,US,0,US,M
2024,SE,FT,Applied Scientist,314400,USD,314400,US,0,US,M
2024,SE,FT,Applied Scientist,161600,USD,161600,US,0,US,M
2024,MI,FT,Computer Vision Engineer,240240,USD,240240,US,0,US,M
2024,MI,FT,Computer Vision Engineer,219221,USD,219221,US,0,US,M
2024,MI,FT,Data Engineer,196900,USD,196900,US,0,US,M
2024,MI,FT,Data Engineer,175420,USD,175420,US,0,US,M
2024,MI,FT,Data Engineer,279400,USD,279400,US,100,US,M
2024,MI,FT,Data Engineer,248920,USD,248920,US,100,US,M
2024,SE,FT,Data Engineer,235400,USD,235400,US,0,US,M
2024,SE,FT,Data Engineer,209720,USD,209720,US,0,US,M
2024,SE,FT,Data Engineer,232700,USD,232700,US,0,US,M
2024,SE,FT,Data Engineer,149594,USD,149594,US,0,US,M
2024,MI,FT,Data Engineer,146400,USD,146400,US,0,US,M
2024,MI,FT,Data Engineer,97600,USD,97600,US,0,US,M
2024,MI,FT,Data Reporting Analyst,81900,USD,81900,US,0,US,M
2024,MI,FT,Data Reporting Analyst,61200,USD,61200,US,0,US,M
2024,EN,FT,Research Analyst,150000,USD,150000,US,0,US,M
2024,EN,FT,Research Analyst,125000,USD,125000,US,0,US,M
2024,SE,FT,Data Architect,202730,USD,202730,US,100,US,M
2024,SE,FT,Data Architect,92118,USD,92118,US,100,US,M
2024,SE,FT,Business Intelligence Developer,130000,USD,130000,US,100,US,M
2024,SE,FT,Business Intelligence Developer,120000,USD,120000,US,100,US,M
2024,SE,FT,Data Analyst,90000,USD,90000,US,0,US,M
2024,SE,FT,Data Analyst,85000,USD,85000,US,0,US,M
2024,EN,FT,Data Analyst,130400,USD,130400,US,0,US,M
2024,EN,FT,Data Analyst,74500,USD,74500,US,0,US,M
2024,SE,FT,Data Analyst,169000,USD,169000,US,0,US,M
2024,SE,FT,Data Analyst,105000,USD,105000,US,0,US,M
2024,SE,FT,Data Analytics Associate,143000,USD,143000,US,0,US,M
2024,SE,FT,Data Analytics Associate,96000,USD,96000,US,0,US,M
2024,MI,FT,Data Manager,102000,USD,102000,CA,0,CA,M
2024,MI,FT,Data Manager,70000,USD,70000,CA,0,CA,M
2024,SE,FT,Data Scientist,281000,USD,281000,US,100,US,M
2024,SE,FT,Data Scientist,206000,USD,206000,US,100,US,M
2024,SE,FT,Data Scientist,235400,USD,235400,US,0,US,M
2024,SE,FT,Data Scientist,209720,USD,209720,US,0,US,M
2024,SE,FT,Data Scientist,250200,USD,250200,US,0,US,M
2024,SE,FT,Data Scientist,117200,USD,117200,US,0,US,M
2024,EN,FT,Data Scientist,194500,USD,194500,US,0,US,M
2024,EN,FT,Data Scientist,125500,USD,125500,US,0,US,M
2024,SE,FT,Research Engineer,230589,USD,230589,US,0,US,M
2024,SE,FT,Research Engineer,100917,USD,100917,US,0,US,M
2024,MI,FT,Research Engineer,230589,USD,230589,US,0,US,M
2024,MI,FT,Research Engineer,100917,USD,100917,US,0,US,M
2024,MI,FT,Research Engineer,83000,USD,83000,US,0,US,M
2024,MI,FT,Research Engineer,66000,USD,66000,US,0,US,M
2024,MI,FT,Robotics Engineer,159850,USD,159850,US,0,US,M
2024,MI,FT,Robotics Engineer,81600,USD,81600,US,0,US,M
2024,MI,FT,AI Engineer,172000,USD,172000,US,0,US,M
2024,MI,FT,AI Engineer,75600,USD,75600,US,0,US,M
2024,MI,FT,Machine Learning Engineer,172000,USD,172000,US,0,US,M
2024,MI,FT,Machine Learning Engineer,75600,USD,75600,US,0,US,M
2024,SE,FT,Data Architect,110000,GBP,137500,GB,0,GB,M
2024,SE,FT,Data Architect,67100,GBP,83875,GB,0,GB,M
2024,SE,FT,Data Analyst,129700,USD,129700,US,100,US,M
2024,SE,FT,Data Analyst,113600,USD,113600,US,100,US,M
2024,SE,FT,Data Analyst,143750,USD,143750,US,0,US,M
2024,SE,FT,Data Analyst,106250,USD,106250,US,0,US,M
2024,SE,FT,AI Engineer,259000,USD,259000,US,0,US,M
2024,SE,FT,AI Engineer,139400,USD,139400,US,0,US,M
2024,SE,FT,Data Scientist,286000,USD,286000,US,0,US,M
2024,SE,FT,Data Scientist,110000,USD,110000,US,0,US,M
2024,SE,FT,Data Scientist,264000,USD,264000,US,0,US,M
2024,SE,FT,Data Scientist,132000,USD,132000,US,0,US,M
2024,MI,FT,Data Scientist,172000,USD,172000,US,0,US,M
2024,MI,FT,Data Scientist,75600,USD,75600,US,0,US,M
2024,SE,FT,Business Intelligence Analyst,155000,USD,155000,US,100,US,M
2024,SE,FT,Business Intelligence Analyst,95000,USD,95000,US,100,US,M
2024,EX,FT,Business Intelligence,260000,USD,260000,US,100,US,M
2024,EX,FT,Business Intelligence,160000,USD,160000,US,100,US,M
2024,MI,FT,Data Visualization Specialist,172000,USD,172000,US,0,US,M
2024,MI,FT,Data Visualization Specialist,75600,USD,75600,US,0,US,M
2024,SE,FT,Data Engineer,185150,USD,185150,US,0,US,M
2024,SE,FT,Data Engineer,127500,USD,127500,US,0,US,M
2024,SE,FT,Data Engineer,170200,USD,170200,US,0,US,M
2024,SE,FT,Data Engineer,125800,USD,125800,US,0,US,M
2024,SE,FT,Data Engineer,234000,USD,234000,US,0,US,M
2024,SE,FT,Data Engineer,90000,USD,90000,US,0,US,M
2024,SE,FT,Data Engineer,234000,USD,234000,US,0,US,M
2024,SE,FT,Data Engineer,90000,USD,90000,US,0,US,M
2024,SE,FT,Data Engineer,185000,USD,185000,US,100,US,M
2024,SE,FT,Data Engineer,115000,USD,115000,US,100,US,M
2024,EN,FT,Data Engineer,172000,USD,172000,US,0,US,M
2024,EN,FT,Data Engineer,75600,USD,75600,US,0,US,M
2024,MI,FT,Data Engineer,170300,USD,170300,US,0,US,M
2024,MI,FT,Data Engineer,73900,USD,73900,US,0,US,M
2024,SE,FT,Data Engineer,190000,USD,190000,US,0,US,M
2024,SE,FT,Data Engineer,95000,USD,95000,US,0,US,M
2024,SE,FT,Data Engineer,195500,USD,195500,US,0,US,M
2024,SE,FT,Data Engineer,117300,USD,117300,US,0,US,M
2024,MI,FT,Data Engineer,169000,USD,169000,US,0,US,M
2024,MI,FT,Data Engineer,106000,USD,106000,US,0,US,M
2024,MI,FT,Data Engineer,149500,USD,149500,US,0,US,M
2024,MI,FT,Data Engineer,110500,USD,110500,US,0,US,M
2024,SE,FT,Data Engineer,220900,USD,220900,US,0,US,M
2024,SE,FT,Data Engineer,122200,USD,122200,US,0,US,M
2024,SE,FT,Data Engineer,163300,USD,163300,US,0,US,M
2024,SE,FT,Data Engineer,120700,USD,120700,US,0,US,M
2024,SE,FT,Data Integration Engineer,220900,USD,220900,US,0,US,M
2024,SE,FT,Data Integration Engineer,122200,USD,122200,US,0,US,M
2024,SE,FT,Research Engineer,105420,USD,105420,US,0,US,M
2024,SE,FT,Research Engineer,88340,USD,88340,US,0,US,M
2024,SE,FT,Data Scientist,130000,USD,130000,US,0,US,M
2024,SE,FT,Data Scientist,117000,USD,117000,US,0,US,M
2024,SE,FT,Data Scientist,218500,USD,218500,US,0,US,M
2024,SE,FT,Data Scientist,109300,USD,109300,US,0,US,M
2024,SE,FT,Data Scientist,200000,USD,200000,US,0,US,M
2024,SE,FT,Data Scientist,163000,USD,163000,US,0,US,M
2024,SE,FT,Data Scientist,220900,USD,220900,US,0,US,M
2024,SE,FT,Data Scientist,122200,USD,122200,US,0,US,M
2024,SE,FT,Data Scientist,126847,USD,126847,US,0,US,M
2024,SE,FT,Data Scientist,93757,USD,93757,US,0,US,M
2024,EN,FT,Data Scientist,92000,USD,92000,US,0,US,M
2024,EN,FT,Data Scientist,69722,USD,69722,US,0,US,M
2024,SE,FT,Data Scientist,149000,USD,149000,US,0,US,M
2024,SE,FT,Data Scientist,115000,USD,115000,US,0,US,M
2024,SE,FT,AI Architect,315000,USD,315000,US,0,US,M
2024,SE,FT,AI Architect,225000,USD,225000,US,0,US,M
2024,SE,FT,Machine Learning Engineer,284400,USD,284400,US,0,US,M
2024,SE,FT,Machine Learning Engineer,150700,USD,150700,US,0,US,M
2024,MI,FT,Data Specialist,117500,USD,117500,US,0,US,M
2024,MI,FT,Data Specialist,65000,USD,65000,US,0,US,M
2024,SE,FT,Machine Learning Engineer,188000,USD,188000,US,0,US,M
2024,SE,FT,Machine Learning Engineer,144000,USD,144000,US,0,US,M
2024,MI,FT,Machine Learning Engineer,174000,USD,174000,US,100,US,M
2024,MI,FT,Machine Learning Engineer,141500,USD,141500,US,100,US,M
2024,SE,FT,Machine Learning Engineer,259217,USD,259217,US,0,US,M
2024,SE,FT,Machine Learning Engineer,170000,USD,170000,US,0,US,M
2024,SE,FT,Machine Learning Engineer,240500,USD,240500,US,0,US,M
2024,SE,FT,Machine Learning Engineer,195000,USD,195000,US,0,US,M
2024,SE,FT,Machine Learning Engineer,242000,USD,242000,CA,100,CA,M
2024,SE,FT,Machine Learning Engineer,218000,USD,218000,CA,100,CA,M
2024,SE,FT,Machine Learning Engineer,285000,USD,285000,US,100,US,M
2024,SE,FT,Machine Learning Engineer,242000,USD,242000,US,100,US,M
2024,SE,FT,Machine Learning Engineer,333300,USD,333300,US,0,US,M
2024,SE,FT,Machine Learning Engineer,272700,USD,272700,US,0,US,M
2024,SE,FT,Data Specialist,92000,USD,92000,US,0,US,M
2024,SE,FT,Data Specialist,82000,USD,82000,US,0,US,M
2024,MI,FT,Data Engineer,165000,USD,165000,US,100,US,M
2024,MI,FT,Data Engineer,115000,USD,115000,US,100,US,M
2024,SE,FT,Data Engineer,140000,USD,140000,US,100,US,M
2024,SE,FT,Data Engineer,101100,USD,101100,US,100,US,M
2024,SE,FT,Data Engineer,260000,USD,260000,US,0,US,M
2024,SE,FT,Data Engineer,144000,USD,144000,US,0,US,M
2024,MI,FT,Data Engineer,210000,USD,210000,US,100,US,M
2024,MI,FT,Data Engineer,180000,USD,180000,US,100,US,M
2024,SE,FT,Data Engineer,200000,USD,200000,US,0,US,M
2024,SE,FT,Data Engineer,147000,USD,147000,US,0,US,M
2024,SE,FT,Data Engineer,164300,USD,164300,US,100,US,M
2024,SE,FT,Data Engineer,131400,USD,131400,US,100,US,M
2024,MI,FT,Data Engineer,34332,EUR,38146,TR,0,TR,M
2024,MI,FT,Data Engineer,21204,EUR,23560,TR,0,TR,M
2024,SE,FT,Data Engineer,165000,USD,165000,US,100,US,M
2024,SE,FT,Data Engineer,115000,USD,115000,US,100,US,M
2024,MI,FT,Analytics Engineer,155500,USD,155500,US,0,US,M
2024,MI,FT,Analytics Engineer,106500,USD,106500,US,0,US,M
2024,SE,FT,Analytics Engineer,135000,USD,135000,US,0,US,M
2024,SE,FT,Analytics Engineer,120000,USD,120000,US,0,US,M
2024,MI,FT,Analytics Engineer,155000,USD,155000,US,0,US,M
2024,MI,FT,Analytics Engineer,104000,USD,104000,US,0,US,M
2024,SE,FT,Data Scientist,184700,USD,184700,US,0,US,M
2024,SE,FT,Data Scientist,104400,USD,104400,US,0,US,M
2024,SE,FT,Data Scientist,257600,USD,257600,US,0,US,M
2024,SE,FT,Data Scientist,146000,USD,146000,US,0,US,M
2024,SE,FT,Data Scientist,151800,USD,151800,US,0,US,M
2024,SE,FT,Data Scientist,126900,USD,126900,US,0,US,M
2024,SE,FT,Data Scientist,129100,USD,129100,US,0,US,M
2024,SE,FT,Data Scientist,107800,USD,107800,US,0,US,M
2024,SE,FT,Data Scientist,151800,USD,151800,US,0,US,M
2024,SE,FT,Data Scientist,126900,USD,126900,US,0,US,M
2024,SE,FT,Data Scientist,213000,USD,213000,US,0,US,M
2024,SE,FT,Data Scientist,120700,USD,120700,US,0,US,M
2024,MI,FT,Data Scientist,180000,USD,180000,US,0,US,M
2024,MI,FT,Data Scientist,160000,USD,160000,US,0,US,M
2024,SE,FT,Data Scientist,125000,USD,125000,US,0,US,M
2024,SE,FT,Data Scientist,122000,USD,122000,US,0,US,M
2024,SE,FT,Data Analyst,164000,USD,164000,US,100,US,M
2024,SE,FT,Data Analyst,122000,USD,122000,US,100,US,M
2024,SE,FT,AI Engineer,240000,USD,240000,US,0,US,M
2024,SE,FT,AI Engineer,180000,USD,180000,US,0,US,M
2024,EN,FT,Research Engineer,175600,USD,175600,US,0,US,M
2024,EN,FT,Research Engineer,146300,USD,146300,US,0,US,M
2024,MI,FT,Research Engineer,720000,USD,720000,US,0,US,M
2024,MI,FT,Research Engineer,170000,USD,170000,US,0,US,M
2024,MI,FT,Research Engineer,720000,USD,720000,US,0,US,M
2024,MI,FT,Research Engineer,170000,USD,170000,US,0,US,M
2022,EX,FT,Head of Business Intelligence,100000,EUR,105066,IE,100,IE,L
2023,EX,FT,Head of Business Intelligence,108000,EUR,116605,IE,100,IE,L
2024,EN,FT,Research Analyst,200000,USD,200000,US,0,US,M
2024,EN,FT,Research Analyst,152000,USD,152000,US,0,US,M
2024,MI,FT,Data Engineer,71000,GBP,88750,GB,0,GB,M
2024,MI,FT,Data Engineer,51200,GBP,64000,GB,0,GB,M
2024,SE,FT,Decision Scientist,171000,USD,171000,US,0,US,M
2024,SE,FT,Decision Scientist,109000,USD,109000,US,0,US,M
2024,SE,FT,Research Scientist,200200,USD,200200,US,0,US,M
2024,SE,FT,Research Scientist,186114,USD,186114,US,0,US,M
2024,SE,FT,Research Scientist,208000,USD,208000,US,0,US,M
2024,SE,FT,Research Scientist,143000,USD,143000,US,0,US,M
2024,MI,FT,Research Scientist,238600,USD,238600,US,0,US,M
2024,MI,FT,Research Scientist,112000,USD,112000,US,0,US,M
2024,EN,FT,Research Scientist,238600,USD,238600,US,0,US,M
2024,EN,FT,Research Scientist,94300,USD,94300,US,0,US,M
2024,EN,FT,Data Analyst,55000,GBP,68750,GB,0,GB,M
2024,EN,FT,Data Analyst,45000,GBP,56250,GB,0,GB,M
2024,MI,FT,Data Engineer,208800,USD,208800,US,0,US,M
2024,MI,FT,Data Engineer,98300,USD,98300,US,0,US,M
2024,SE,FT,Data Engineer,250200,USD,250200,US,0,US,M
2024,SE,FT,Data Engineer,117200,USD,117200,US,0,US,M
2024,MI,FT,Data Engineer,208800,USD,208800,US,0,US,M
2024,MI,FT,Data Engineer,98300,USD,98300,US,0,US,M
2024,SE,FT,Data Engineer,250200,USD,250200,US,0,US,M
2024,SE,FT,Data Engineer,117200,USD,117200,US,0,US,M
2024,MI,FT,Data Engineer,160000,USD,160000,US,0,US,M
2024,MI,FT,Data Engineer,90000,USD,90000,US,0,US,M
2024,EN,FT,Data Engineer,154500,USD,154500,US,0,US,M
2024,EN,FT,Data Engineer,75705,USD,75705,US,0,US,M
2024,SE,FT,Data Scientist,235400,USD,235400,US,0,US,M
2024,SE,FT,Data Scientist,212109,USD,212109,US,0,US,M
2024,SE,FT,Data Scientist,223500,USD,223500,US,0,US,M
2024,SE,FT,Data Scientist,109100,USD,109100,US,0,US,M
2024,MI,FT,Data Scientist,154500,USD,154500,US,0,US,M
2024,MI,FT,Data Scientist,75705,USD,75705,US,0,US,M
2024,MI,FT,Data Scientist,235400,USD,235400,US,100,US,M
2024,MI,FT,Data Scientist,212109,USD,212109,US,100,US,M
2024,SE,FT,Data Architect,160000,USD,160000,US,0,US,M
2024,SE,FT,Data Architect,125000,USD,125000,US,0,US,M
2024,EN,FT,Data Analyst,120700,USD,120700,US,100,US,M
2024,EN,FT,Data Analyst,67000,USD,67000,US,100,US,M
2024,EN,FT,Data Analyst,139200,USD,139200,US,0,US,M
2024,EN,FT,Data Analyst,63300,USD,63300,US,0,US,M
2024,EN,FT,Data Analyst,74000,USD,74000,US,0,US,M
2024,EN,FT,Data Analyst,67000,USD,67000,US,0,US,M
2024,SE,FT,AI Engineer,250200,USD,250200,US,0,US,M
2024,SE,FT,AI Engineer,117200,USD,117200,US,0,US,M
2024,EX,FT,AI Engineer,334800,USD,334800,US,0,US,M
2024,EX,FT,AI Engineer,175100,USD,175100,US,0,US,M
2024,SE,FT,Data Scientist,234000,USD,234000,US,0,US,M
2024,SE,FT,Data Scientist,117000,USD,117000,US,0,US,M
2024,SE,FT,Data Architect,250777,USD,250777,US,0,US,M
2024,SE,FT,Data Architect,150466,USD,150466,US,0,US,M
2024,SE,FT,Data Engineer,266875,USD,266875,US,0,US,M
2024,SE,FT,Data Engineer,128250,USD,128250,US,0,US,M
2024,SE,FT,Data Engineer,206000,USD,206000,US,0,US,M
2024,SE,FT,Data Engineer,92700,USD,92700,US,0,US,M
2024,MI,FT,Machine Learning Engineer,220000,USD,220000,US,0,US,M
2024,MI,FT,Machine Learning Engineer,96600,USD,96600,US,0,US,M
2024,SE,FT,Machine Learning Engineer,188500,USD,188500,US,0,US,M
2024,SE,FT,Machine Learning Engineer,165100,USD,165100,US,0,US,M
2024,SE,FT,Data Scientist,180000,USD,180000,US,0,US,M
2024,SE,FT,Data Scientist,90000,USD,90000,US,0,US,M
2024,SE,FT,Data Scientist,188500,USD,188500,US,0,US,M
2024,SE,FT,Data Scientist,165100,USD,165100,US,0,US,M
2024,MI,FT,Data Scientist,128300,USD,128300,US,0,US,M
2024,MI,FT,Data Scientist,85500,USD,85500,US,0,US,M
2024,SE,FT,Data Scientist,234000,USD,234000,US,0,US,M
2024,SE,FT,Data Scientist,117000,USD,117000,US,0,US,M
2024,SE,FT,Data Scientist,216000,USD,216000,US,0,US,M
2024,SE,FT,Data Scientist,108000,USD,108000,US,0,US,M
2024,MI,FT,Data Scientist,220000,USD,220000,US,0,US,M
2024,MI,FT,Data Scientist,96600,USD,96600,US,0,US,M
2024,EN,FT,Data Scientist,172000,USD,172000,US,0,US,M
2024,EN,FT,Data Scientist,75600,USD,75600,US,0,US,M
2024,SE,FT,Data Scientist,180000,USD,180000,US,0,US,M
2024,SE,FT,Data Scientist,90000,USD,90000,US,0,US,M
2024,MI,FT,Robotics Engineer,123000,USD,123000,US,0,US,M
2024,MI,FT,Robotics Engineer,54000,USD,54000,US,0,US,M
2024,SE,FT,Business Intelligence Analyst,135000,USD,135000,US,0,US,M
2024,SE,FT,Business Intelligence Analyst,125000,USD,125000,US,0,US,M
2024,EN,FT,Data Analyst,141840,USD,141840,US,0,US,M
2024,EN,FT,Data Analyst,85104,USD,85104,US,0,US,M
2024,EN,FT,Data Analyst,172000,USD,172000,US,0,US,M
2024,EN,FT,Data Analyst,75600,USD,75600,US,0,US,M
2024,EN,FT,Data Analyst,130000,USD,130000,US,0,US,M
2024,EN,FT,Data Analyst,70000,USD,70000,US,0,US,M
2024,SE,FT,Research Engineer,143300,USD,143300,US,0,US,M
2024,SE,FT,Research Engineer,79600,USD,79600,US,0,US,M
2024,SE,FT,Research Engineer,189750,USD,189750,US,0,US,M
2024,SE,FT,Research Engineer,104000,USD,104000,US,0,US,M
2024,SE,FT,Data Engineer,221900,USD,221900,US,0,US,M
2024,SE,FT,Data Engineer,138900,USD,138900,US,0,US,M
2024,SE,FT,Research Analyst,165000,USD,165000,US,0,US,M
2024,SE,FT,Research Analyst,125000,USD,125000,US,0,US,M
2024,SE,FT,Data Engineer,221900,USD,221900,US,0,US,M
2024,SE,FT,Data Engineer,138900,USD,138900,US,0,US,M
2024,SE,FT,Data Scientist,273500,USD,273500,US,0,US,M
2024,SE,FT,Data Scientist,126600,USD,126600,US,0,US,M
2024,SE,FT,Machine Learning Engineer,366000,USD,366000,US,0,US,M
2024,SE,FT,Machine Learning Engineer,208000,USD,208000,US,0,US,M
2024,SE,FT,Data Engineer,155000,USD,155000,US,0,US,M
2024,SE,FT,Data Engineer,144560,USD,144560,US,0,US,M
2024,MI,FT,Data Engineer,65000,GBP,81250,GB,0,GB,M
2024,MI,FT,Data Engineer,65000,GBP,81250,GB,0,GB,M
2024,SE,FT,Data Engineer,65000,GBP,81250,GB,0,GB,M
2024,SE,FT,Data Engineer,65000,GBP,81250,GB,0,GB,M
2024,SE,FT,Research Analyst,151000,USD,151000,US,0,US,M
2024,SE,FT,Research Analyst,104000,USD,104000,US,0,US,M
2024,SE,FT,Data Engineer,173000,USD,173000,US,100,US,M
2024,SE,FT,Data Engineer,138400,USD,138400,US,100,US,M
2024,EN,FT,Data Analyst,120000,USD,120000,US,0,US,M
2024,EN,FT,Data Analyst,100000,USD,100000,US,0,US,M
2024,EN,FT,Data Analyst,100000,USD,100000,US,100,US,M
2024,EN,FT,Data Analyst,80000,USD,80000,US,100,US,M
2024,SE,FT,Data Analyst,203000,USD,203000,US,100,US,M
2024,SE,FT,Data Analyst,135000,USD,135000,US,100,US,M
2024,MI,FT,Machine Learning Engineer,183000,USD,183000,US,100,US,M
2024,MI,FT,Machine Learning Engineer,152000,USD,152000,US,100,US,M
2024,SE,FT,Machine Learning Engineer,215050,USD,215050,US,0,US,M
2024,SE,FT,Machine Learning Engineer,156400,USD,156400,US,0,US,M
2024,SE,FT,Machine Learning Engineer,258000,USD,258000,US,100,US,M
2024,SE,FT,Machine Learning Engineer,214000,USD,214000,US,100,US,M
2024,MI,FT,Machine Learning Engineer,216000,USD,216000,US,0,US,M
2024,MI,FT,Machine Learning Engineer,144000,USD,144000,US,0,US,M
2024,SE,FT,Machine Learning Engineer,340000,USD,340000,US,0,US,M
2024,SE,FT,Machine Learning Engineer,212000,USD,212000,US,0,US,M
2024,MI,FT,Data Specialist,101000,USD,101000,US,100,US,M
2024,MI,FT,Data Specialist,68000,USD,68000,US,100,US,M
2024,MI,FT,Data Scientist,150000,USD,150000,US,0,US,M
2024,MI,FT,Data Scientist,128000,USD,128000,US,0,US,M
2024,SE,FT,Data Scientist,266000,USD,266000,US,100,US,M
2024,SE,FT,Data Scientist,165000,USD,165000,US,100,US,M
2024,MI,FT,Data Scientist,80000,USD,80000,US,100,US,M
2024,MI,FT,Data Scientist,80000,USD,80000,US,100,US,M
2024,SE,FT,Data Scientist,150000,USD,150000,US,0,US,M
2024,SE,FT,Data Scientist,110000,USD,110000,US,0,US,M
2024,EX,FT,Head of Data,350000,USD,350000,US,0,US,M
2024,EX,FT,Head of Data,263500,USD,263500,US,0,US,M
2024,MI,FT,Business Intelligence Engineer,127600,USD,127600,US,0,US,L
2024,MI,FT,Business Intelligence Engineer,76400,USD,76400,US,0,US,L
2024,MI,FT,Business Intelligence Engineer,185000,USD,185000,US,0,US,L
2024,MI,FT,Business Intelligence Engineer,89600,USD,89600,US,0,US,L
2024,MI,FT,Data Engineer,270000,USD,270000,US,0,US,M
2024,MI,FT,Data Engineer,130000,USD,130000,US,0,US,M
2024,MI,FT,Data Engineer,145000,USD,145000,US,0,US,M
2024,MI,FT,Data Engineer,145000,USD,145000,US,0,US,M
2024,SE,FT,Data Engineer,240000,USD,240000,US,100,US,M
2024,SE,FT,Data Engineer,175000,USD,175000,US,100,US,M
2024,EX,FT,Data Operations Specialist,180000,USD,180000,US,0,US,M
2024,EX,FT,Data Operations Specialist,50000,USD,50000,US,0,US,M
2024,SE,FT,Data Architect,238000,USD,238000,US,100,US,M
2024,SE,FT,Data Architect,149000,USD,149000,US,100,US,M
2024,SE,FT,Applied Scientist,237000,USD,237000,US,100,US,M
2024,SE,FT,Applied Scientist,161200,USD,161200,US,100,US,M
2024,SE,FT,Applied Scientist,237000,USD,237000,US,0,US,M
2024,SE,FT,Applied Scientist,161200,USD,161200,US,0,US,M
2024,SE,FT,Applied Scientist,270000,USD,270000,US,0,US,M
2024,SE,FT,Applied Scientist,183600,USD,183600,US,0,US,M
2024,SE,FT,Applied Scientist,260000,USD,260000,US,0,US,L
2024,SE,FT,Applied Scientist,150400,USD,150400,US,0,US,L
2024,SE,FT,Data Lead,180000,USD,180000,US,0,US,M
2024,SE,FT,Data Lead,150000,USD,150000,US,0,US,M
2024,SE,FT,Analytics Engineer,155000,USD,155000,US,100,US,M
2024,SE,FT,Analytics Engineer,120000,USD,120000,US,100,US,M
2024,EN,FT,Business Intelligence Analyst,167500,USD,167500,US,0,US,M
2024,EN,FT,Business Intelligence Analyst,89400,USD,89400,US,0,US,M
2024,SE,FT,Research Scientist,242000,USD,242000,US,100,US,M
2024,SE,FT,Research Scientist,174900,USD,174900,US,100,US,M
2024,MI,FT,Research Scientist,212800,USD,212800,US,0,US,L
2024,MI,FT,Research Scientist,136000,USD,136000,US,0,US,L
2024,MI,FT,Data Scientist,140000,USD,140000,US,100,US,L
2024,SE,FT,Statistical Programmer,177000,USD,177000,US,0,US,M
2024,SE,FT,Statistical Programmer,106200,USD,106200,US,0,US,M
2024,EN,FT,Statistical Programmer,93500,USD,93500,US,0,US,M
2024,EN,FT,Statistical Programmer,53300,USD,53300,US,0,US,M
2024,SE,FT,Statistical Programmer,177000,USD,177000,US,0,US,M
2024,SE,FT,Statistical Programmer,106200,USD,106200,US,0,US,M
2024,SE,FT,AI Engineer,267800,USD,267800,US,0,US,M
2024,SE,FT,AI Engineer,118450,USD,118450,US,0,US,M
2024,SE,FT,Data Scientist,234000,USD,234000,US,0,US,M
2024,SE,FT,Data Scientist,117000,USD,117000,US,0,US,M
2024,SE,FT,Data Scientist,210100,USD,210100,IT,100,IT,M
2024,SE,FT,Data Scientist,98000,USD,98000,IT,100,IT,M
2024,EN,FT,Data Analyst,48645,GBP,60806,GB,0,GB,M
2024,EN,FT,Data Analyst,38916,GBP,48645,GB,0,GB,M
2024,SE,FT,Research Scientist,200200,USD,200200,US,0,US,M
2024,SE,FT,Research Scientist,185346,USD,185346,US,0,US,M
2024,MI,FT,Research Analyst,134800,USD,134800,US,0,US,M
2024,MI,FT,Research Analyst,80900,USD,80900,US,0,US,M
2024,MI,FT,Machine Learning Engineer,333000,USD,333000,US,0,US,M
2024,MI,FT,Machine Learning Engineer,189000,USD,189000,US,0,US,M
2024,SE,FT,Data Engineer,50000,GBP,62500,GB,0,GB,M
2024,SE,FT,Data Engineer,50000,GBP,62500,GB,0,GB,M
2024,SE,FT,Data Engineer,235400,USD,235400,US,100,US,M
2024,SE,FT,Data Engineer,218701,USD,218701,US,100,US,M
2024,SE,FT,Data Analyst,148000,USD,148000,US,0,US,M
2024,SE,FT,Data Analyst,79800,USD,79800,US,0,US,M
2024,SE,FT,Data Analyst,138600,USD,138600,CA,0,CA,M
2024,SE,FT,Data Analyst,74800,USD,74800,CA,0,CA,M
2024,MI,FT,Data Analyst,135000,USD,135000,US,100,US,M
2024,MI,FT,Data Analyst,85000,USD,85000,US,100,US,M
2024,SE,FT,Applied Scientist,260000,USD,260000,US,0,US,L
2024,SE,FT,Applied Scientist,150400,USD,150400,US,0,US,L
2024,SE,FT,Business Intelligence Engineer,245400,USD,245400,US,0,US,M
2024,SE,FT,Business Intelligence Engineer,139000,USD,139000,US,0,US,M
2024,MI,FT,Research Engineer,440000,USD,440000,US,0,US,M
2024,MI,FT,Research Engineer,295000,USD,295000,US,0,US,M
2024,MI,FT,Data Operations Specialist,80000,USD,80000,US,0,US,M
2024,MI,FT,Data Operations Specialist,70000,USD,70000,US,0,US,M
2024,MI,FT,Data Operations Specialist,80000,USD,80000,US,0,US,M
2024,MI,FT,Data Operations Specialist,70000,USD,70000,US,0,US,M
2024,MI,FT,Data Analyst,242400,USD,242400,US,100,US,M
2024,MI,FT,Data Analyst,161600,USD,161600,US,100,US,M
2024,MI,FT,Data Analyst,120000,USD,120000,US,0,US,M
2024,MI,FT,Data Analyst,100000,USD,100000,US,0,US,M
2024,EN,FT,Data Analyst,132000,USD,132000,US,0,US,M
2024,EN,FT,Data Analyst,97000,USD,97000,US,0,US,M
2024,SE,FT,Data Analyst,145000,USD,145000,US,0,US,M
2024,SE,FT,Data Analyst,110000,USD,110000,US,0,US,M
2024,MI,FT,Data Analyst,72000,EUR,80000,NL,0,NL,M
2024,MI,FT,Data Analyst,54000,EUR,60000,NL,0,NL,M
2024,EN,FT,Data Analyst,70000,USD,70000,US,0,US,M
2024,EN,FT,Data Analyst,50000,USD,50000,US,0,US,M
2024,EX,FT,Business Intelligence,146900,USD,146900,US,0,US,M
2024,EX,FT,Business Intelligence,146900,USD,146900,US,0,US,M
2024,SE,FT,Data Engineer,190000,USD,190000,US,0,US,M
2024,SE,FT,Data Engineer,107500,USD,107500,US,0,US,M
2024,SE,FT,Data Engineer,200000,USD,200000,US,0,US,M
2024,SE,FT,Data Engineer,113100,USD,113100,US,0,US,M
2024,SE,FT,Data Engineer,180000,USD,180000,US,0,US,M
2024,SE,FT,Data Engineer,130000,USD,130000,US,0,US,M
2024,SE,FT,Data Engineer,180000,USD,180000,US,0,US,M
2024,SE,FT,Data Engineer,130000,USD,130000,US,0,US,M
2024,SE,FT,Data Engineer,180000,USD,180000,US,0,US,M
2024,SE,FT,Data Engineer,130000,USD,130000,US,0,US,M
2024,SE,FT,Data Engineer,218185,USD,218185,US,0,US,M
2024,SE,FT,Data Engineer,158680,USD,158680,US,0,US,M
2024,MI,FT,Data Engineer,140000,USD,140000,US,100,US,M
2024,MI,FT,Data Engineer,25000,USD,25000,US,100,US,M
2024,MI,FT,Data Engineer,119000,USD,119000,US,100,US,M
2024,MI,FT,Data Engineer,95000,USD,95000,US,100,US,M
2024,SE,FT,Machine Learning Engineer,324000,USD,324000,US,0,US,M
2024,SE,FT,Machine Learning Engineer,159000,USD,159000,US,0,US,M
2024,SE,FT,Machine Learning Engineer,325000,USD,325000,US,100,US,M
2024,SE,FT,Machine Learning Engineer,185000,USD,185000,US,100,US,M
2024,MI,FT,Machine Learning Engineer,222000,USD,222000,US,0,US,M
2024,MI,FT,Machine Learning Engineer,134000,USD,134000,US,0,US,M
2024,MI,FT,Machine Learning Engineer,234000,USD,234000,US,0,US,M
2024,MI,FT,Machine Learning Engineer,141000,USD,141000,US,0,US,M
2024,SE,FT,Machine Learning Engineer,285000,USD,285000,US,0,US,M
2024,SE,FT,Machine Learning Engineer,190000,USD,190000,US,0,US,M
2024,MI,FT,Machine Learning Engineer,260000,USD,260000,US,0,US,M
2024,MI,FT,Machine Learning Engineer,125000,USD,125000,US,0,US,M
2024,SE,FT,Machine Learning Engineer,300000,USD,300000,US,0,US,M
2024,SE,FT,Machine Learning Engineer,200000,USD,200000,US,0,US,M
2024,SE,FT,Machine Learning Engineer,297000,USD,297000,US,0,US,M
2024,SE,FT,Machine Learning Engineer,168300,USD,168300,US,0,US,M
2024,SE,FT,Machine Learning Engineer,297000,USD,297000,US,0,US,M
2024,SE,FT,Machine Learning Engineer,168300,USD,168300,US,0,US,M
2024,EX,FT,Head of Machine Learning,300000,USD,300000,US,0,US,M
2024,EX,FT,Head of Machine Learning,200000,USD,200000,US,0,US,M
2024,EX,FT,Machine Learning Scientist,183400,USD,183400,US,0,US,M
2024,EX,FT,Machine Learning Scientist,183400,USD,183400,US,0,US,M
2024,SE,FT,Machine Learning Infrastructure Engineer,239040,USD,239040,US,0,US,M
2024,SE,FT,Machine Learning Infrastructure Engineer,199200,USD,199200,US,0,US,M
2024,SE,FT,Data Scientist,170000,USD,170000,US,0,US,M
2024,SE,FT,Data Scientist,135000,USD,135000,US,0,US,M
2024,SE,FT,Data Scientist,257600,USD,257600,US,0,US,M
2024,SE,FT,Data Scientist,146000,USD,146000,US,0,US,M
2024,SE,FT,Data Scientist,257600,USD,257600,US,0,US,M
2024,SE,FT,Data Scientist,146000,USD,146000,US,0,US,M
2024,SE,FT,Data Scientist,213500,USD,213500,US,0,US,M
2024,SE,FT,Data Scientist,174000,USD,174000,US,0,US,M
2024,SE,FT,Data Scientist,165000,USD,165000,US,100,US,M
2024,SE,FT,Data Scientist,150000,USD,150000,US,100,US,M
2024,SE,FT,Data Scientist,172800,USD,172800,US,100,US,M
2024,SE,FT,Data Scientist,110000,USD,110000,US,100,US,M
2024,SE,FT,Data Scientist,210000,USD,210000,US,0,US,M
2024,SE,FT,Data Scientist,132000,USD,132000,US,0,US,M
2024,SE,FT,Data Scientist,115700,USD,115700,US,100,US,M
2024,SE,FT,Data Scientist,115700,USD,115700,US,100,US,M
2024,SE,FT,Data Scientist,247008,USD,247008,US,0,US,M
2024,SE,FT,Data Scientist,209797,USD,209797,US,0,US,M
2024,SE,FT,Data Team Lead,100000,GBP,125000,GB,100,GB,M
2024,SE,FT,Data Team Lead,78000,GBP,97500,GB,100,GB,M
2024,SE,FT,Data Team Lead,100000,GBP,125000,GB,0,GB,M
2024,SE,FT,Data Team Lead,78000,GBP,97500,GB,0,GB,M
2024,SE,FT,Data Team Lead,100000,GBP,125000,GB,0,GB,M
2024,SE,FT,Data Team Lead,78000,GBP,97500,GB,0,GB,M
2024,SE,FT,Data Architect,184000,USD,184000,US,0,US,M
2024,SE,FT,Data Architect,123000,USD,123000,US,0,US,M
2024,SE,FT,Data Scientist,235400,USD,235400,US,100,US,M
2024,SE,FT,Data Scientist,188748,USD,188748,US,100,US,M
2024,SE,FT,Data Scientist,196900,USD,196900,US,0,US,M
2024,SE,FT,Data Scientist,175420,USD,175420,US,0,US,M
2024,MI,FT,Machine Learning Engineer,157600,USD,157600,US,0,US,M
2024,MI,FT,Machine Learning Engineer,157600,USD,157600,US,0,US,M
2024,SE,FT,Data Analyst,200000,USD,200000,US,100,US,M
2024,SE,FT,Data Analyst,165000,USD,165000,US,100,US,M
2024,MI,FT,Data Analyst,200000,USD,200000,US,0,US,M
2024,MI,FT,Data Analyst,110000,USD,110000,US,0,US,M
2024,MI,FT,Business Intelligence Engineer,223100,USD,223100,US,0,US,L
2024,MI,FT,Business Intelligence Engineer,129100,USD,129100,US,0,US,L
2024,MI,FT,Research Engineer,208000,USD,208000,US,0,US,M
2024,MI,FT,Research Engineer,146994,USD,146994,US,0,US,M
2024,SE,FT,Data Manager,109000,USD,109000,US,0,US,M
2024,SE,FT,Data Manager,62300,USD,62300,US,0,US,M
2024,EN,FT,Business Intelligence Analyst,183000,USD,183000,US,0,US,M
2024,EN,FT,Business Intelligence Analyst,83400,USD,83400,US,0,US,M
2024,EX,FT,Business Intelligence,255000,USD,255000,US,0,US,M
2024,EX,FT,Business Intelligence,229000,USD,229000,US,0,US,M
2024,SE,FT,Data Manager,70000,USD,70000,US,0,US,M
2024,SE,FT,Data Manager,60000,USD,60000,US,0,US,M
2024,MI,FT,BI Developer,197100,USD,197100,US,0,US,M
2024,MI,FT,BI Developer,64900,USD,64900,US,0,US,M
2024,SE,FT,Data Scientist,130000,USD,130000,US,0,US,M
2024,SE,FT,Data Scientist,120000,USD,120000,US,0,US,M
2024,SE,FT,Data Scientist,198000,USD,198000,US,0,US,M
2024,SE,FT,Data Scientist,122500,USD,122500,US,0,US,M
2024,SE,FT,Data Scientist,173000,USD,173000,US,0,US,M
2024,SE,FT,Data Scientist,115000,USD,115000,US,0,US,M
2024,MI,FT,Data Scientist,247200,USD,247200,US,0,US,M
2024,MI,FT,Data Scientist,81400,USD,81400,US,0,US,M
2024,SE,FT,Data Visualization Engineer,234000,USD,234000,US,0,US,M
2024,SE,FT,Data Visualization Engineer,146000,USD,146000,US,0,US,M
2024,SE,FT,Data Engineer,150000,USD,150000,US,0,US,M
2024,SE,FT,Data Engineer,90000,USD,90000,US,0,US,M
2024,MI,FT,Data Engineer,115000,USD,115000,US,0,US,M
2024,MI,FT,Data Engineer,70000,USD,70000,US,0,US,M
2024,SE,FT,Analytics Engineer,132250,USD,132250,US,0,US,M
2024,SE,FT,Analytics Engineer,88900,USD,88900,US,0,US,M
2024,MI,FT,Business Intelligence,190800,USD,190800,US,0,US,M
2024,MI,FT,Business Intelligence,102800,USD,102800,US,0,US,M
2024,SE,FT,Data Engineer,181600,USD,181600,US,0,US,M
2024,SE,FT,Data Engineer,113600,USD,113600,US,0,US,M
2024,MI,FT,Data Engineer,125000,USD,125000,US,0,US,M
2024,MI,FT,Data Engineer,105000,USD,105000,US,0,US,M
2024,MI,FT,Data Engineer,172000,USD,172000,US,0,US,M
2024,MI,FT,Data Engineer,75600,USD,75600,US,0,US,M
2024,SE,FT,Data Strategy Lead,125000,USD,125000,US,0,US,M
2024,SE,FT,Data Strategy Lead,115000,USD,115000,US,0,US,M
2024,EN,FT,Data Reporting Analyst,72300,USD,72300,US,100,US,M
2024,EN,FT,Data Reporting Analyst,52500,USD,52500,US,100,US,M
2024,EN,FT,Research Analyst,123000,USD,123000,US,0,US,M
2024,EN,FT,Research Analyst,54000,USD,54000,US,0,US,M
2024,SE,FT,Data Scientist,256150,USD,256150,US,100,US,M
2024,SE,FT,Data Scientist,182850,USD,182850,US,100,US,M
2024,EN,FT,Data Scientist,97525,USD,97525,US,0,US,M
2024,EN,FT,Data Scientist,53950,USD,53950,US,0,US,M
2024,MI,FT,Data Modeler,120000,USD,120000,US,0,US,M
2024,MI,FT,Data Modeler,110000,USD,110000,US,0,US,M
2022,SE,FT,Computer Vision Engineer,60000,USD,60000,VN,100,AS,M
2024,SE,FT,Data Architect,189800,USD,189800,US,0,US,M
2024,SE,FT,Data Architect,105500,USD,105500,US,0,US,M
2024,SE,FT,Research Scientist,240240,USD,240240,US,0,US,M
2024,SE,FT,Research Scientist,221596,USD,221596,US,0,US,M
2024,MI,FT,Research Scientist,200000,USD,200000,US,0,US,M
2024,MI,FT,Research Scientist,136000,USD,136000,US,0,US,M
2024,MI,FT,Research Scientist,200000,USD,200000,US,0,US,M
2024,MI,FT,Research Scientist,136000,USD,136000,US,0,US,M
2024,SE,FT,Research Scientist,209169,USD,209169,US,0,US,M
2024,SE,FT,Research Scientist,96038,USD,96038,US,0,US,M
2024,SE,FT,Research Scientist,110000,USD,110000,US,100,US,M
2024,SE,FT,Research Scientist,74263,USD,74263,US,100,US,M
2024,MI,FT,Research Scientist,199320,USD,199320,US,0,US,M
2024,MI,FT,Research Scientist,154020,USD,154020,US,0,US,M
2024,MI,FT,Data Specialist,34800,GBP,43500,GB,0,GB,M
2024,MI,FT,Data Specialist,24000,GBP,30000,GB,0,GB,M
2024,MI,FT,Data Specialist,109230,USD,109230,US,0,US,M
2024,MI,FT,Data Specialist,84405,USD,84405,US,0,US,M
2024,MI,FT,Data Scientist,196900,USD,196900,US,0,US,M
2024,MI,FT,Data Scientist,166698,USD,166698,US,0,US,M
2024,SE,FT,Data Scientist,223000,USD,223000,US,0,US,M
2024,SE,FT,Data Scientist,150000,USD,150000,US,0,US,M
2024,SE,FT,Data Scientist,206000,USD,206000,US,0,US,M
2024,SE,FT,Data Scientist,106605,USD,106605,US,0,US,M
2024,SE,FT,Data Engineer,170000,USD,170000,US,100,US,M
2024,SE,FT,Data Engineer,130000,USD,130000,US,100,US,M
2024,SE,FT,Data Engineer,279400,USD,279400,US,100,US,M
2024,SE,FT,Data Engineer,246552,USD,246552,US,100,US,M
2024,MI,FT,Data Engineer,235400,USD,235400,US,0,US,M
2024,MI,FT,Data Engineer,209720,USD,209720,US,0,US,M
2024,EX,FT,Data Engineer,200000,USD,200000,US,0,US,M
2024,EX,FT,Data Engineer,170000,USD,170000,US,0,US,M
2024,SE,FT,Data Engineer,152000,USD,152000,US,0,US,M
2024,SE,FT,Data Engineer,111000,USD,111000,US,0,US,M
2024,MI,FT,Data Engineer,121000,USD,121000,US,0,US,M
2024,MI,FT,Data Engineer,94000,USD,94000,US,0,US,M
2024,MI,FT,Data Engineer,188500,USD,188500,US,0,US,M
2024,MI,FT,Data Engineer,103000,USD,103000,US,0,US,M
2024,MI,FT,Data Management Specialist,79000,USD,79000,US,0,US,M
2024,MI,FT,Data Management Specialist,72000,USD,72000,US,0,US,M
2024,MI,FT,Data Manager,69400,GBP,86750,GB,0,GB,M
2024,MI,FT,Data Manager,46400,GBP,58000,GB,0,GB,M
2024,SE,FT,Data Management Analyst,105100,USD,105100,US,0,US,M
2024,SE,FT,Data Management Analyst,43700,USD,43700,US,0,US,M
2024,MI,FT,Data Quality Engineer,130000,USD,130000,US,0,US,M
2024,MI,FT,Data Quality Engineer,90000,USD,90000,US,0,US,M
2024,MI,FT,Business Intelligence Developer,105000,USD,105000,US,0,US,M
2024,MI,FT,Business Intelligence Developer,85000,USD,85000,US,0,US,M
2024,SE,FT,Data Analyst,59421,GBP,74276,GB,0,GB,M
2024,SE,FT,Data Analyst,48350,GBP,60437,GB,0,GB,M
2024,EN,FT,Data Analyst,98000,USD,98000,US,0,US,M
2024,EN,FT,Data Analyst,64000,USD,64000,US,0,US,M
2024,EN,FT,Data Analyst,132700,USD,132700,US,100,US,M
2024,EN,FT,Data Analyst,92900,USD,92900,US,100,US,M
2024,SE,FT,Analytics Engineer,186000,USD,186000,US,0,US,M
2024,SE,FT,Analytics Engineer,141440,USD,141440,US,0,US,M
2024,EN,FT,Data Analyst,135000,USD,135000,US,0,US,M
2024,EN,FT,Data Analyst,58500,USD,58500,US,0,US,M
2024,EN,FT,Data Analyst,95200,USD,95200,CA,0,CA,M
2024,EN,FT,Data Analyst,57100,USD,57100,CA,0,CA,M
2024,MI,FT,Data Analyst,90011,USD,90011,CA,0,CA,M
2024,MI,FT,Data Analyst,68561,USD,68561,CA,0,CA,M
2024,MI,FT,Business Intelligence Analyst,192300,USD,192300,US,0,US,M
2024,MI,FT,Business Intelligence Analyst,120200,USD,120200,US,0,US,M
2024,MI,FT,Business Intelligence,126342,USD,126342,US,0,US,M
2024,MI,FT,Business Intelligence,101073,USD,101073,US,0,US,M
2024,SE,FT,Business Intelligence,142000,USD,142000,CA,0,CA,M
2024,SE,FT,Business Intelligence,94000,USD,94000,CA,0,CA,M
2024,MI,FT,Research Scientist,35900,GBP,44875,GB,0,GB,M
2024,MI,FT,Research Scientist,31675,GBP,39593,GB,0,GB,M
2024,MI,FT,Data Visualization Engineer,89500,USD,89500,US,100,US,M
2024,MI,FT,Data Visualization Engineer,65000,USD,65000,US,100,US,M
2024,MI,FT,Encounter Data Management Professional,65600,USD,65600,US,100,US,M
2024,MI,FT,Encounter Data Management Professional,47700,USD,47700,US,100,US,M
2024,SE,FT,Data Manager,163000,USD,163000,US,0,US,M
2024,SE,FT,Data Manager,77000,USD,77000,US,0,US,M
2024,SE,FT,Data Manager,128000,USD,128000,US,0,US,M
2024,SE,FT,Data Manager,64000,USD,64000,US,0,US,M
2024,MI,FT,AI Engineer,172000,USD,172000,US,0,US,M
2024,MI,FT,AI Engineer,75600,USD,75600,US,0,US,M
2024,SE,FT,Data Quality Analyst,199001,USD,199001,US,0,US,M
2024,SE,FT,Data Quality Analyst,119401,USD,119401,US,0,US,M
2024,EN,FT,Data Quality Analyst,151770,USD,151770,US,0,US,M
2024,EN,FT,Data Quality Analyst,91062,USD,91062,US,0,US,M
2024,SE,FT,Data Quality Engineer,136700,USD,136700,US,0,US,M
2024,SE,FT,Data Quality Engineer,111900,USD,111900,US,0,US,M
2024,SE,FT,Data Product Manager,191180,USD,191180,US,0,US,M
2024,SE,FT,Data Product Manager,136038,USD,136038,US,0,US,M
2024,MI,FT,ETL Engineer,137000,USD,137000,US,0,US,M
2024,MI,FT,ETL Engineer,60300,USD,60300,US,0,US,M
2024,SE,FT,Data Engineer,200000,USD,200000,US,100,US,M
2024,SE,FT,Data Engineer,96000,USD,96000,US,100,US,M
2024,SE,FT,Machine Learning Engineer,207000,USD,207000,US,0,US,M
2024,SE,FT,Machine Learning Engineer,153000,USD,153000,US,0,US,M
2024,SE,FT,Machine Learning Engineer,228800,USD,228800,US,0,US,M
2024,SE,FT,Machine Learning Engineer,197866,USD,197866,US,0,US,M
2024,SE,FT,Data Engineer,143800,USD,143800,US,0,US,M
2024,SE,FT,Data Engineer,91920,USD,91920,US,0,US,M
2024,SE,FT,Data Engineer,200000,USD,200000,US,100,US,M
2024,SE,FT,Data Engineer,96000,USD,96000,US,100,US,M
2024,SE,FT,Data Engineer,188500,USD,188500,US,0,US,M
2024,SE,FT,Data Engineer,165100,USD,165100,US,0,US,M
2024,SE,FT,Data Engineer,286000,USD,286000,US,0,US,M
2024,SE,FT,Data Engineer,143000,USD,143000,US,0,US,M
2024,SE,FT,Data Scientist,185000,USD,185000,US,0,US,M
2024,SE,FT,Data Scientist,100000,USD,100000,US,0,US,M
2024,SE,FT,Data Scientist,171210,USD,171210,CA,0,CA,M
2024,SE,FT,Data Scientist,92190,USD,92190,CA,0,CA,M
2024,SE,FT,Data Scientist,137930,USD,137930,CA,0,CA,M
2024,SE,FT,Data Scientist,74270,USD,74270,CA,0,CA,M
2024,MI,FT,Data Scientist,172000,USD,172000,US,0,US,M
2024,MI,FT,Data Scientist,75600,USD,75600,US,0,US,M
2024,MI,FT,Data Scientist,137000,USD,137000,US,0,US,M
2024,MI,FT,Data Scientist,60300,USD,60300,US,0,US,M
2024,EN,FT,Data Scientist,45000,GBP,56250,GB,0,GB,M
2024,EN,FT,Data Scientist,45000,GBP,56250,GB,0,GB,M
2024,MI,FT,Research Engineer,235950,USD,235950,US,0,US,M
2024,MI,FT,Research Engineer,145800,USD,145800,US,0,US,M
2024,MI,FT,Data Scientist,129800,USD,129800,US,0,US,M
2024,MI,FT,Data Scientist,72100,USD,72100,US,0,US,M
2024,EN,FT,Business Intelligence,126500,USD,126500,US,100,US,M
2024,EN,FT,Business Intelligence,84300,USD,84300,US,100,US,M
2024,EN,FT,Business Intelligence Analyst,150700,USD,150700,US,0,US,M
2024,EN,FT,Business Intelligence Analyst,87400,USD,87400,US,0,US,M
2024,SE,FT,Machine Learning Engineer,276000,USD,276000,US,0,US,M
2024,SE,FT,Machine Learning Engineer,148000,USD,148000,US,0,US,M
2024,SE,FT,Research Scientist,211900,USD,211900,US,0,US,M
2024,SE,FT,Research Scientist,113700,USD,113700,US,0,US,M
2024,MI,FT,Data Engineer,169000,USD,169000,US,0,US,M
2024,MI,FT,Data Engineer,106000,USD,106000,US,0,US,M
2024,MI,FT,Data Analytics Manager,206700,USD,206700,US,0,US,M
2024,MI,FT,Data Analytics Manager,121800,USD,121800,US,0,US,M
2024,SE,FT,Data Analyst,160000,USD,160000,US,0,US,M
2024,SE,FT,Data Analyst,128000,USD,128000,US,0,US,M
2024,SE,FT,Data Analyst,167000,USD,167000,US,0,US,M
2024,SE,FT,Data Analyst,134000,USD,134000,US,0,US,M
2024,EN,FT,Data Analyst,110000,USD,110000,US,0,US,M
2024,EN,FT,Data Analyst,110000,USD,110000,US,0,US,M
2024,MI,FT,Data Analyst,65000,USD,65000,US,0,US,M
2024,MI,FT,Data Analyst,55000,USD,55000,US,0,US,M
2024,MI,FT,Data Scientist,180000,USD,180000,US,0,US,M
2024,MI,FT,Data Scientist,140000,USD,140000,US,0,US,M
2024,SE,FT,Data Scientist,170000,USD,170000,US,0,US,M
2024,SE,FT,Data Scientist,165000,USD,165000,US,0,US,M
2024,SE,FT,Data Scientist,200000,USD,200000,US,100,US,M
2024,SE,FT,Data Scientist,145000,USD,145000,US,100,US,M
2024,MI,FT,Data Scientist,63600,EUR,70666,NL,0,NL,M
2024,MI,FT,Data Scientist,45600,EUR,50666,NL,0,NL,M
2024,MI,FT,Business Intelligence Analyst,100000,USD,100000,US,0,US,M
2024,MI,FT,Business Intelligence Analyst,75000,USD,75000,US,0,US,M
2024,SE,FT,Business Intelligence Analyst,55000,GBP,68750,GB,0,GB,M
2024,SE,FT,Business Intelligence Analyst,40000,GBP,50000,GB,0,GB,M
2024,SE,FT,Business Intelligence Manager,90000,GBP,112500,GB,0,GB,M
2024,SE,FT,Business Intelligence Manager,66000,GBP,82500,GB,0,GB,M
2024,MI,FT,Analytics Engineer,204000,USD,204000,US,100,US,M
2024,MI,FT,Analytics Engineer,147000,USD,147000,US,100,US,M
2024,SE,FT,Analytics Engineer,165000,USD,165000,US,0,US,M
2024,SE,FT,Analytics Engineer,128000,USD,128000,US,0,US,M
2024,SE,FT,Machine Learning Engineer,234000,USD,234000,US,0,US,M
2024,SE,FT,Machine Learning Engineer,199000,USD,199000,US,0,US,M
2024,SE,FT,Machine Learning Engineer,245000,USD,245000,US,100,US,M
2024,SE,FT,Machine Learning Engineer,163000,USD,163000,US,100,US,M
2024,MI,FT,Machine Learning Engineer,175000,USD,175000,US,0,US,M
2024,MI,FT,Machine Learning Engineer,126277,USD,126277,US,0,US,M
2024,EN,FT,Data Engineer,231400,USD,231400,US,0,US,M
2024,EN,FT,Data Engineer,215197,USD,215197,US,0,US,M
2024,SE,FT,Data Engineer,175000,USD,175000,US,100,US,M
2024,SE,FT,Data Engineer,150000,USD,150000,US,100,US,M
2024,SE,FT,Data Engineer,210000,USD,210000,US,0,US,M
2024,SE,FT,Data Engineer,170000,USD,170000,US,0,US,M
2024,MI,FT,Data Engineer,184000,USD,184000,US,0,US,M
2024,MI,FT,Data Engineer,123000,USD,123000,US,0,US,M
2024,SE,FT,Research Analyst,470000,USD,470000,US,0,US,M
2024,SE,FT,Research Analyst,130000,USD,130000,US,0,US,M
2024,MI,FT,Applied Scientist,222200,USD,222200,US,0,US,L
2024,MI,FT,Applied Scientist,136000,USD,136000,US,0,US,L
2024,MI,FT,Applied Scientist,212800,USD,212800,US,0,US,L
2024,MI,FT,Applied Scientist,129400,USD,129400,US,0,US,L
2024,MI,FT,Business Intelligence Analyst,95000,USD,95000,US,0,US,M
2024,MI,FT,Business Intelligence Analyst,85000,USD,85000,US,0,US,M
2024,MI,FT,Research Scientist,173000,USD,173000,US,0,US,M
2024,MI,FT,Research Scientist,117000,USD,117000,US,0,US,M
2024,MI,FT,Research Scientist,173000,USD,173000,US,0,US,M
2024,MI,FT,Research Scientist,117000,USD,117000,US,0,US,M
2024,MI,FT,Machine Learning Engineer,284900,USD,284900,US,0,US,M
2024,MI,FT,Machine Learning Engineer,189800,USD,189800,US,0,US,M
2024,SE,FT,Data Engineer,250200,USD,250200,US,0,US,M
2024,SE,FT,Data Engineer,117200,USD,117200,US,0,US,M
2024,SE,FT,Machine Learning Scientist,204600,USD,204600,US,0,US,M
2024,SE,FT,Machine Learning Scientist,84500,USD,84500,US,0,US,M
2024,MI,FT,Data Manager,100000,USD,100000,US,100,US,M
2024,MI,FT,Data Manager,64000,USD,64000,US,100,US,M
2024,SE,FT,Data Management Lead,68490,GBP,85612,GB,0,GB,M
2024,SE,FT,Data Management Lead,61641,GBP,77051,GB,0,GB,M
2024,SE,FT,Research Scientist,251000,USD,251000,US,0,US,M
2024,SE,FT,Research Scientist,177000,USD,177000,US,0,US,M
2024,MI,FT,Research Scientist,251000,USD,251000,US,0,US,M
2024,MI,FT,Research Scientist,177000,USD,177000,US,0,US,M
2024,SE,FT,Research Scientist,240240,USD,240240,US,0,US,M
2024,SE,FT,Research Scientist,221596,USD,221596,US,0,US,M
2024,SE,FT,Research Scientist,294000,USD,294000,US,0,US,M
2024,SE,FT,Research Scientist,137600,USD,137600,US,0,US,M
2024,SE,FT,Data Engineer,235400,USD,235400,US,0,US,M
2024,SE,FT,Data Engineer,212109,USD,212109,US,0,US,M
2024,SE,FT,Data Engineer,235400,USD,235400,US,0,US,M
2024,SE,FT,Data Engineer,215024,USD,215024,US,0,US,M
2024,MI,FT,Data Engineer,154660,USD,154660,US,0,US,M
2024,MI,FT,Data Engineer,133473,USD,133473,US,0,US,M
2024,MI,FT,Data Engineer,128000,USD,128000,US,0,US,M
2024,MI,FT,Data Engineer,81500,USD,81500,US,0,US,M
2024,MI,FT,Data Engineer,117000,USD,117000,US,0,US,M
2024,MI,FT,Data Engineer,81500,USD,81500,US,0,US,M
2024,MI,FT,Data Engineer,117000,USD,117000,US,0,US,M
2024,MI,FT,Data Engineer,81500,USD,81500,US,0,US,M
2024,MI,FT,Data Engineer,123600,USD,123600,US,0,US,M
2024,MI,FT,Data Engineer,61800,USD,61800,US,0,US,M
2024,SE,FT,Data Engineer,160000,USD,160000,US,100,US,M
2024,SE,FT,Data Engineer,130000,USD,130000,US,100,US,M
2024,SE,FT,Data Engineer,236900,USD,236900,US,0,US,M
2024,SE,FT,Data Engineer,92700,USD,92700,US,0,US,M
2024,SE,FT,Data Engineer,236900,USD,236900,US,0,US,M
2024,SE,FT,Data Engineer,118450,USD,118450,US,0,US,M
2024,EN,FT,Data Engineer,112850,USD,112850,US,100,US,M
2024,EN,FT,Data Engineer,90280,USD,90280,US,100,US,M
2024,MI,FT,Data Analyst,82643,USD,82643,US,0,US,M
2024,MI,FT,Data Analyst,56854,USD,56854,US,0,US,M
2024,EN,FT,Data Analyst,83300,USD,83300,US,0,US,M
2024,EN,FT,Data Analyst,47500,USD,47500,US,0,US,M
2024,MI,FT,Data Analyst,65000,USD,65000,US,0,US,M
2024,MI,FT,Data Analyst,56000,USD,56000,US,0,US,M
2024,MI,FT,Data Analyst,94068,USD,94068,CA,0,CA,M
2024,MI,FT,Data Analyst,71967,USD,71967,CA,0,CA,M
2024,SE,FT,Data Scientist,235400,USD,235400,US,0,US,M
2024,SE,FT,Data Scientist,215846,USD,215846,US,0,US,M
2024,MI,FT,Data Scientist,196900,USD,196900,US,0,US,M
2024,MI,FT,Data Scientist,180393,USD,180393,US,0,US,M
2024,SE,FT,Data Scientist,196900,USD,196900,US,0,US,M
2024,SE,FT,Data Scientist,191061,USD,191061,US,0,US,M
2024,SE,FT,Data Scientist,235400,USD,235400,US,0,US,M
2024,SE,FT,Data Scientist,213770,USD,213770,US,0,US,M
2024,SE,FT,Data Scientist,279400,USD,279400,US,0,US,M
2024,SE,FT,Data Scientist,248920,USD,248920,US,0,US,M
2024,SE,FT,Data Scientist,294000,USD,294000,US,0,US,M
2024,SE,FT,Data Scientist,137600,USD,137600,US,0,US,M
2024,MI,FT,Data Scientist,49000,GBP,61250,GB,0,GB,M
2024,MI,FT,Data Scientist,38000,GBP,47500,GB,0,GB,M
2024,SE,FT,Data Scientist,194000,USD,194000,US,0,US,M
2024,SE,FT,Data Scientist,116000,USD,116000,US,0,US,M
2024,SE,FT,Data Scientist,185400,USD,185400,US,0,US,M
2024,SE,FT,Data Scientist,92700,USD,92700,US,0,US,M
2024,MI,FT,Data Scientist,124300,USD,124300,CA,0,CA,M
2024,MI,FT,Data Scientist,90400,USD,90400,CA,0,CA,M
2024,SE,FT,Data Scientist,206000,USD,206000,US,0,US,M
2024,SE,FT,Data Scientist,106605,USD,106605,US,0,US,M
2024,MI,FT,Data Scientist,124300,USD,124300,CA,0,CA,M
2024,MI,FT,Data Scientist,90400,USD,90400,CA,0,CA,M
2024,SE,FT,Data Engineer,234000,USD,234000,US,0,US,M
2024,SE,FT,Data Engineer,117000,USD,117000,US,0,US,M
2024,SE,FT,Data Engineer,286000,USD,286000,US,0,US,M
2024,SE,FT,Data Engineer,132000,USD,132000,US,0,US,M
2024,SE,FT,Data Engineer,180000,USD,180000,US,0,US,M
2024,SE,FT,Data Engineer,90000,USD,90000,US,0,US,M
2024,EX,FT,Data Engineer,281800,USD,281800,US,100,US,M
2024,EX,FT,Data Engineer,197500,USD,197500,US,100,US,M
2024,SE,FT,Data Engineer,206000,USD,206000,US,0,US,M
2024,SE,FT,Data Engineer,106605,USD,106605,US,0,US,M
2024,SE,FT,Research Engineer,288400,USD,288400,US,0,US,M
2024,SE,FT,Research Engineer,144200,USD,144200,US,0,US,M
2024,EN,FT,Data Analyst,155640,USD,155640,US,0,US,M
2024,EN,FT,Data Analyst,98572,USD,98572,US,0,US,M
2024,EN,FT,Data Analyst,93000,USD,93000,US,0,US,M
2024,EN,FT,Data Analyst,46000,USD,46000,US,0,US,M
2024,MI,FT,Data Engineer,131800,USD,131800,US,0,US,M
2024,MI,FT,Data Engineer,64890,USD,64890,US,0,US,M
2024,SE,FT,Machine Learning Engineer,206000,USD,206000,US,0,US,M
2024,SE,FT,Machine Learning Engineer,97335,USD,97335,US,0,US,M
2024,EX,FT,Machine Learning Engineer,244900,USD,244900,US,0,US,M
2024,EX,FT,Machine Learning Engineer,163300,USD,163300,US,0,US,M
2024,MI,FT,Machine Learning Engineer,223900,USD,223900,US,100,US,M
2024,MI,FT,Machine Learning Engineer,140100,USD,140100,US,100,US,M
2024,MI,FT,Machine Learning Engineer,144200,USD,144200,US,0,US,M
2024,MI,FT,Machine Learning Engineer,72100,USD,72100,US,0,US,M
2024,MI,FT,Data Management Analyst,106848,USD,106848,US,0,US,M
2024,MI,FT,Data Management Analyst,69960,USD,69960,US,0,US,M
2024,SE,FT,Data Management Analyst,162309,USD,162309,US,0,US,M
2024,SE,FT,Data Management Analyst,106601,USD,106601,US,0,US,M
2024,MI,FT,Data Integration Engineer,93600,USD,93600,US,0,US,M
2024,MI,FT,Data Integration Engineer,86700,USD,86700,US,0,US,M
2024,SE,FT,Data Scientist,286000,USD,286000,US,0,US,M
2024,SE,FT,Data Scientist,143000,USD,143000,US,0,US,M
2024,MI,FT,Research Scientist,96200,USD,96200,US,100,US,M
2024,MI,FT,Research Scientist,69800,USD,69800,US,100,US,M
2024,SE,FT,Data Scientist,234000,USD,234000,US,0,US,M
2024,SE,FT,Data Scientist,108000,USD,108000,US,0,US,M
2024,SE,FT,Data Scientist,216000,USD,216000,US,0,US,M
2024,SE,FT,Data Scientist,108000,USD,108000,US,0,US,M
2024,EN,FT,Data Scientist,114400,USD,114400,US,100,US,M
2024,EN,FT,Data Scientist,69690,USD,69690,US,100,US,M
2024,MI,FT,Decision Scientist,175100,USD,175100,US,0,US,M
2024,MI,FT,Decision Scientist,82915,USD,82915,US,0,US,M
2024,SE,FT,Decision Scientist,206000,USD,206000,US,0,US,M
2024,SE,FT,Decision Scientist,106605,USD,106605,US,0,US,M
2024,SE,FT,Analytics Engineer,267800,USD,267800,US,0,US,M
2024,SE,FT,Analytics Engineer,118450,USD,118450,US,0,US,M
2024,EN,FT,Research Analyst,78600,USD,78600,US,0,US,M
2024,EN,FT,Research Analyst,49100,USD,49100,US,0,US,M
2024,MI,FT,BI Developer,101098,USD,101098,US,100,US,M
2024,MI,FT,BI Developer,59469,USD,59469,US,100,US,M
2024,MI,FT,AI Product Manager,220000,USD,220000,US,0,US,M
2024,MI,FT,AI Product Manager,96600,USD,96600,US,0,US,M
2024,MI,FT,Data Analyst,130900,USD,130900,US,0,US,M
2024,MI,FT,Data Analyst,83100,USD,83100,US,0,US,M
2024,SE,FT,Analytics Engineer,150000,USD,150000,US,100,US,M
2024,SE,FT,Analytics Engineer,100000,USD,100000,US,100,US,M
2024,EN,FT,Data Analyst,124000,USD,124000,US,0,US,M
2024,EN,FT,Data Analyst,84000,USD,84000,US,0,US,M
2024,EN,FT,Data Analyst,83552,USD,83552,US,100,US,M
2024,EN,FT,Data Analyst,49148,USD,49148,US,100,US,M
2024,SE,FT,Analytics Engineer,249600,USD,249600,US,0,US,M
2024,SE,FT,Analytics Engineer,186846,USD,186846,US,0,US,M
2024,MI,FT,Machine Learning Engineer,206690,USD,206690,US,0,US,M
2024,MI,FT,Machine Learning Engineer,119800,USD,119800,US,0,US,M
2024,SE,FT,Data Scientist,164600,USD,164600,US,0,US,M
2024,SE,FT,Data Scientist,99200,USD,99200,US,0,US,M
2024,MI,FT,Data Scientist,154273,USD,154273,US,0,US,M
2024,MI,FT,Data Scientist,114028,USD,114028,US,0,US,M
2024,MI,FT,Data Scientist,137000,USD,137000,US,0,US,M
2024,MI,FT,Data Scientist,60400,USD,60400,US,0,US,M
2024,SE,FT,Data Scientist,250000,USD,250000,US,0,US,M
2024,SE,FT,Data Scientist,110100,USD,110100,US,0,US,M
2024,MI,FT,Data Scientist,172000,USD,172000,US,0,US,M
2024,MI,FT,Data Scientist,75600,USD,75600,US,0,US,M
2024,MI,FT,Data Scientist,172000,USD,172000,US,0,US,M
2024,MI,FT,Data Scientist,75600,USD,75600,US,0,US,M
2024,MI,FT,Data Scientist,172000,USD,172000,US,0,US,M
2024,MI,FT,Data Scientist,75600,USD,75600,US,0,US,M
2024,MI,FT,Data Scientist,172000,USD,172000,US,0,US,M
2024,MI,FT,Data Scientist,75600,USD,75600,US,0,US,M
2024,SE,FT,Data Scientist,263600,USD,263600,US,0,US,M
2024,SE,FT,Data Scientist,119800,USD,119800,US,0,US,M
2024,SE,FT,Data Scientist,220000,USD,220000,US,0,US,M
2024,SE,FT,Data Scientist,96600,USD,96600,US,0,US,M
2024,SE,FT,Data Engineer,220900,USD,220900,US,0,US,M
2024,SE,FT,Data Engineer,122200,USD,122200,US,0,US,M
2024,MI,FT,Data Engineer,137000,USD,137000,US,0,US,M
2024,MI,FT,Data Engineer,60400,USD,60400,US,0,US,M
2024,MI,FT,Data Engineer,137000,USD,137000,US,0,US,M
2024,MI,FT,Data Engineer,60400,USD,60400,US,0,US,M
2024,MI,FT,Data Engineer,135000,USD,135000,US,100,US,M
2024,MI,FT,Data Engineer,85000,USD,85000,US,100,US,M
2024,EX,FT,Head of Data,235500,USD,235500,US,100,US,M
2024,EX,FT,Head of Data,188400,USD,188400,US,100,US,M
2024,SE,FT,Analytics Engineer,155000,USD,155000,US,0,US,M
2024,SE,FT,Analytics Engineer,125000,USD,125000,US,0,US,M
2024,MI,FT,Analytics Engineer,155934,USD,155934,US,0,US,M
2024,MI,FT,Analytics Engineer,115256,USD,115256,US,0,US,M
2024,EX,FT,Machine Learning Engineer,408500,USD,408500,US,0,US,M
2024,EX,FT,Machine Learning Engineer,233500,USD,233500,US,0,US,M
2024,MI,FT,Machine Learning Engineer,220000,USD,220000,US,0,US,M
2024,MI,FT,Machine Learning Engineer,160000,USD,160000,US,0,US,M
2024,MI,FT,Data Analyst,110000,USD,110000,US,0,US,M
2024,MI,FT,Data Analyst,90000,USD,90000,US,0,US,M
2024,SE,FT,Data Analyst,140000,USD,140000,US,100,US,M
2024,SE,FT,Data Analyst,111500,USD,111500,US,100,US,M
2024,EN,FT,Data Analyst,125000,USD,125000,US,0,US,M
2024,EN,FT,Data Analyst,83000,USD,83000,US,0,US,M
2024,SE,FT,Applied Scientist,291900,USD,291900,US,0,US,M
2024,SE,FT,Applied Scientist,139300,USD,139300,US,0,US,M
2024,MI,FT,Data Engineer,230000,USD,230000,US,0,US,M
2024,MI,FT,Data Engineer,160000,USD,160000,US,0,US,M
2024,SE,FT,Data Engineer,178200,USD,178200,US,0,US,M
2024,SE,FT,Data Engineer,74800,USD,74800,US,0,US,M
2024,SE,FT,Data Engineer,223500,USD,223500,US,0,US,M
2024,SE,FT,Data Engineer,94200,USD,94200,US,0,US,M
2024,SE,FT,Data Engineer,236250,USD,236250,US,0,US,M
2024,SE,FT,Data Engineer,141750,USD,141750,US,0,US,M
2024,MI,FT,Data Engineer,239000,USD,239000,US,0,US,M
2024,MI,FT,Data Engineer,159000,USD,159000,US,0,US,M
2024,SE,FT,Data Engineer,210000,USD,210000,US,100,US,M
2024,SE,FT,Data Engineer,194000,USD,194000,US,100,US,M
2024,MI,FT,Data Engineer,165000,USD,165000,US,100,US,M
2024,MI,FT,Data Engineer,115000,USD,115000,US,100,US,M
2024,MI,FT,Data Engineer,165000,USD,165000,US,100,US,M
2024,MI,FT,Data Engineer,115000,USD,115000,US,100,US,M
2024,SE,FT,Data Scientist,210000,USD,210000,US,0,US,M
2024,SE,FT,Data Scientist,175000,USD,175000,US,0,US,M
2024,SE,FT,Data Scientist,268000,USD,268000,US,100,US,M
2024,SE,FT,Data Scientist,205000,USD,205000,US,100,US,M
2024,MI,FT,Data Scientist,180000,USD,180000,US,100,US,M
2024,MI,FT,Data Scientist,149000,USD,149000,US,100,US,M
2024,SE,FT,Data Scientist,130100,USD,130100,US,0,US,M
2024,SE,FT,Data Scientist,130100,USD,130100,US,0,US,M
2024,SE,FT,Data Scientist,158000,USD,158000,US,0,US,M
2024,SE,FT,Data Scientist,92500,USD,92500,US,0,US,M
2024,MI,FT,Machine Learning Engineer,636000,TRY,21855,TR,100,TR,M
2023,EN,FT,AI Research Engineer,28400,EUR,30663,FR,50,FR,S
2024,MI,FT,Research Engineer,137000,USD,137000,US,0,US,M
2024,MI,FT,Research Engineer,117000,USD,117000,US,0,US,M
2024,MI,FT,Data Management Associate,116000,USD,116000,US,0,US,M
2024,MI,FT,Data Management Associate,77000,USD,77000,US,0,US,M
2024,SE,FT,Research Engineer,284900,USD,284900,US,0,US,M
2024,SE,FT,Research Engineer,161700,USD,161700,US,0,US,M
2024,SE,FT,AI Specialist,167300,USD,167300,CA,0,CA,M
2024,SE,FT,AI Specialist,104900,USD,104900,CA,0,CA,M
2024,MI,FT,Applied Scientist,208800,USD,208800,US,0,US,M
2024,MI,FT,Applied Scientist,98300,USD,98300,US,0,US,M
2024,SE,FT,Machine Learning Engineer,284900,USD,284900,US,0,US,M
2024,SE,FT,Machine Learning Engineer,161700,USD,161700,US,0,US,M
2024,MI,FT,Machine Learning Scientist,256500,USD,256500,US,0,US,M
2024,MI,FT,Machine Learning Scientist,138900,USD,138900,US,0,US,M
2024,SE,FT,Machine Learning Engineer,364100,USD,364100,US,0,US,M
2024,SE,FT,Machine Learning Engineer,199800,USD,199800,US,0,US,M
2024,SE,FT,AI Solution Architect,259912,USD,259912,US,0,US,M
2024,SE,FT,AI Solution Architect,193546,USD,193546,US,0,US,M
2024,MI,FT,Data Engineer,325270,USD,325270,US,100,US,M
2024,MI,FT,Data Engineer,304043,USD,304043,US,100,US,M
2024,MI,FT,Data Engineer,196900,USD,196900,US,100,US,M
2024,MI,FT,Data Engineer,186642,USD,186642,US,100,US,M
2024,SE,FT,Data Engineer,235400,USD,235400,US,0,US,M
2024,SE,FT,Data Engineer,209720,USD,209720,US,0,US,M
2024,SE,FT,Data Engineer,235400,USD,235400,US,0,US,M
2024,SE,FT,Data Engineer,199234,USD,199234,US,0,US,M
2024,SE,FT,Data Engineer,130000,USD,130000,US,0,US,M
2024,SE,FT,Data Engineer,90000,USD,90000,US,0,US,M
2024,SE,FT,Data Engineer,294000,USD,294000,US,0,US,M
2024,SE,FT,Data Engineer,137600,USD,137600,US,0,US,M
2024,SE,FT,Data Engineer,152880,USD,152880,US,0,US,M
2024,SE,FT,Data Engineer,122300,USD,122300,US,0,US,M
2024,SE,FT,Data Engineer,140000,USD,140000,US,0,US,M
2024,SE,FT,Data Engineer,140000,USD,140000,US,0,US,M
2024,SE,FT,Data Engineer,160000,USD,160000,US,0,US,M
2024,SE,FT,Data Engineer,110000,USD,110000,US,0,US,M
2024,SE,FT,Research Scientist,200200,USD,200200,US,0,US,M
2024,SE,FT,Research Scientist,189897,USD,189897,US,0,US,M
2024,MI,FT,Research Scientist,240240,USD,240240,US,0,US,M
2024,MI,FT,Research Scientist,214032,USD,214032,US,0,US,M
2024,SE,FT,Research Scientist,290180,USD,290180,US,0,US,M
2024,SE,FT,Research Scientist,245588,USD,245588,US,0,US,M
2024,MI,FT,Research Scientist,240240,USD,240240,US,0,US,M
2024,MI,FT,Research Scientist,203350,USD,203350,US,0,US,M
2024,MI,FT,Research Scientist,179000,USD,179000,US,0,US,M
2024,MI,FT,Research Scientist,112000,USD,112000,US,0,US,M
2024,EN,FT,Data Analyst,101520,USD,101520,US,0,US,M
2024,EN,FT,Data Analyst,45864,USD,45864,US,0,US,M
2024,EN,FT,Data Analyst,112000,USD,112000,US,0,US,M
2024,EN,FT,Data Analyst,60200,USD,60200,US,0,US,M
2024,SE,FT,Business Intelligence,175000,USD,175000,US,0,US,M
2024,SE,FT,Business Intelligence,80000,USD,80000,US,0,US,M
2024,SE,FT,Data Scientist,279400,USD,279400,US,0,US,M
2024,SE,FT,Data Scientist,250553,USD,250553,US,0,US,M
2024,MI,FT,Data Scientist,154660,USD,154660,US,0,US,M
2024,MI,FT,Data Scientist,134869,USD,134869,US,0,US,M
2024,SE,FT,Data Scientist,235400,USD,235400,US,0,US,M
2024,SE,FT,Data Scientist,202588,USD,202588,US,0,US,M
2024,MI,FT,Data Scientist,158000,USD,158000,US,0,US,M
2024,MI,FT,Data Scientist,108000,USD,108000,US,0,US,M
2024,MI,FT,Data Scientist,155000,USD,155000,US,0,US,M
2024,MI,FT,Data Scientist,155000,USD,155000,US,0,US,M
2024,SE,FT,Data Scientist,277000,USD,277000,US,0,US,M
2024,SE,FT,Data Scientist,173000,USD,173000,US,0,US,M
2024,SE,FT,Data Engineer,171210,USD,171210,CA,0,CA,M
2024,SE,FT,Data Engineer,92190,USD,92190,CA,0,CA,M
2024,SE,FT,Data Engineer,225000,USD,225000,US,0,US,M
2024,SE,FT,Data Engineer,110000,USD,110000,US,0,US,M
2024,MI,FT,Data Engineer,172000,USD,172000,US,0,US,M
2024,MI,FT,Data Engineer,75600,USD,75600,US,0,US,M
2024,SE,FT,AI Scientist,215136,USD,215136,US,0,US,M
2024,SE,FT,AI Scientist,143424,USD,143424,US,0,US,M
2024,SE,FT,Data Scientist,286000,USD,286000,US,0,US,M
2024,SE,FT,Data Scientist,143000,USD,143000,US,0,US,M
2024,SE,FT,AI Engineer,220000,USD,220000,US,0,US,M
2024,SE,FT,AI Engineer,96600,USD,96600,US,0,US,M
2024,SE,FT,Data Scientist,220000,USD,220000,US,100,US,M
2024,SE,FT,Data Scientist,96600,USD,96600,US,100,US,M
2024,SE,FT,Data Scientist,220000,USD,220000,US,0,US,M
2024,SE,FT,Data Scientist,110000,USD,110000,US,0,US,M
2024,SE,FT,Data Scientist,286000,USD,286000,US,0,US,M
2024,SE,FT,Data Scientist,143000,USD,143000,US,0,US,M
2024,SE,FT,Data Scientist,180000,USD,180000,US,0,US,M
2024,SE,FT,Data Scientist,90000,USD,90000,US,0,US,M
2024,SE,FT,Machine Learning Engineer,220000,USD,220000,US,0,US,M
2024,SE,FT,Machine Learning Engineer,96600,USD,96600,US,0,US,M
2024,MI,FT,Data Manager,160000,USD,160000,US,0,US,M
2024,MI,FT,Data Manager,96000,USD,96000,US,0,US,M
2024,SE,FT,Data Analyst,155000,USD,155000,US,0,US,M
2024,SE,FT,Data Analyst,80000,USD,80000,US,0,US,M
2024,SE,FT,Data Analyst,128300,USD,128300,US,0,US,M
2024,SE,FT,Data Analyst,85500,USD,85500,US,0,US,M
2024,MI,FT,Data Analyst,131300,USD,131300,US,0,US,M
2024,MI,FT,Data Analyst,93400,USD,93400,US,0,US,M
2024,SE,FT,Data Quality Analyst,163116,USD,163116,US,0,US,M
2024,SE,FT,Data Quality Analyst,97870,USD,97870,US,0,US,M
2024,EN,FT,Data Quality Analyst,137972,USD,137972,US,0,US,M
2024,EN,FT,Data Quality Analyst,82783,USD,82783,US,0,US,M
2024,EN,FT,Business Intelligence Analyst,99000,USD,99000,US,0,US,M
2024,EN,FT,Business Intelligence Analyst,72000,USD,72000,US,0,US,M
2024,EX,FT,Business Intelligence,236800,USD,236800,US,0,US,M
2024,EX,FT,Business Intelligence,142100,USD,142100,US,0,US,M
2024,SE,FT,Business Intelligence Developer,158400,USD,158400,CA,0,CA,M
2024,SE,FT,Business Intelligence Developer,85800,USD,85800,CA,0,CA,M
2024,SE,FT,Data Modeler,323400,USD,323400,US,0,US,M
2024,SE,FT,Data Modeler,151800,USD,151800,US,0,US,M
2024,SE,FT,Data Engineer,220900,USD,220900,US,0,US,M
2024,SE,FT,Data Engineer,122200,USD,122200,US,0,US,M
2024,SE,FT,Data Scientist,265200,USD,265200,US,100,US,M
2024,SE,FT,Data Scientist,176800,USD,176800,US,100,US,M
2024,SE,FT,Data Scientist,172500,USD,172500,US,0,US,M
2024,SE,FT,Data Scientist,127500,USD,127500,US,0,US,M
2024,SE,FT,Data Scientist,323400,USD,323400,US,0,US,M
2024,SE,FT,Data Scientist,192900,USD,192900,US,0,US,M
2024,MI,FT,Machine Learning Engineer,171000,USD,171000,US,0,US,M
2024,MI,FT,Machine Learning Engineer,97000,USD,97000,US,0,US,M
2024,SE,FT,Research Scientist,345000,USD,345000,US,0,US,M
2024,SE,FT,Research Scientist,180000,USD,180000,US,0,US,M
2024,SE,FT,Data Analyst,151200,USD,151200,CA,0,CA,M
2024,SE,FT,Data Analyst,81600,USD,81600,CA,0,CA,M
2024,SE,FT,Data Specialist,168100,USD,168100,US,0,US,M
2024,SE,FT,Data Specialist,105300,USD,105300,US,0,US,M
2024,MI,FT,Business Intelligence Engineer,160000,USD,160000,US,0,US,L
2024,MI,FT,Business Intelligence Engineer,94600,USD,94600,US,0,US,L
2024,MI,FT,Data Analyst,125000,USD,125000,US,0,US,M
2024,MI,FT,Data Analyst,110000,USD,110000,US,0,US,M
2024,EN,FT,Data Analyst,140000,USD,140000,US,0,US,M
2024,EN,FT,Data Analyst,120000,USD,120000,US,0,US,M
2024,MI,FT,AI Engineer,164169,USD,164169,US,0,US,M
2024,MI,FT,AI Engineer,95414,USD,95414,US,0,US,M
2024,SE,FT,Machine Learning Engineer,240000,USD,240000,US,0,US,M
2024,SE,FT,Machine Learning Engineer,200000,USD,200000,US,0,US,M
2024,SE,FT,Machine Learning Engineer,223000,USD,223000,US,100,US,M
2024,SE,FT,Machine Learning Engineer,185000,USD,185000,US,100,US,M
2024,SE,FT,Machine Learning Engineer,243500,USD,243500,US,100,US,M
2024,SE,FT,Machine Learning Engineer,146100,USD,146100,US,100,US,M
2024,MI,FT,Machine Learning Engineer,210000,USD,210000,US,0,US,M
2024,MI,FT,Machine Learning Engineer,190000,USD,190000,US,0,US,M
2024,MI,FT,Machine Learning Engineer,223600,USD,223600,US,0,US,L
2024,MI,FT,Machine Learning Engineer,129300,USD,129300,US,0,US,L
2024,MI,FT,Machine Learning Engineer,223600,USD,223600,US,0,US,L
2024,MI,FT,Machine Learning Engineer,129300,USD,129300,US,0,US,L
2024,MI,FT,Data Engineer,164000,USD,164000,US,0,US,M
2024,MI,FT,Data Engineer,122000,USD,122000,US,0,US,M
2024,MI,FT,Data Engineer,155000,USD,155000,US,0,US,M
2024,MI,FT,Data Engineer,100000,USD,100000,US,0,US,M
2024,SE,FT,Data Engineer,195000,USD,195000,US,0,US,M
2024,SE,FT,Data Engineer,155000,USD,155000,US,0,US,M
2024,MI,FT,Data Engineer,135000,USD,135000,US,0,US,M
2024,MI,FT,Data Engineer,108000,USD,108000,US,0,US,M
2024,SE,FT,Data Engineer,297000,USD,297000,US,0,US,M
2024,SE,FT,Data Engineer,138000,USD,138000,US,0,US,M
2024,MI,FT,Data Engineer,111500,USD,111500,US,0,US,M
2024,MI,FT,Data Engineer,81500,USD,81500,US,0,US,M
2024,SE,FT,Data Engineer,139777,EUR,155307,FR,0,FR,M
2024,SE,FT,Data Engineer,135719,EUR,150798,FR,0,FR,M
2024,SE,FT,Data Engineer,196900,USD,196900,US,0,US,M
2024,SE,FT,Data Engineer,192036,USD,192036,US,0,US,M
2024,SE,FT,Data Engineer,110000,USD,110000,US,100,US,M
2024,SE,FT,Data Engineer,90000,USD,90000,US,100,US,M
2024,SE,FT,Data Engineer,43000,GBP,53750,GB,100,GB,M
2024,SE,FT,Data Engineer,35000,GBP,43750,GB,100,GB,M
2024,SE,FT,Data Engineer,43000,GBP,53750,GB,100,GB,M
2024,SE,FT,Data Engineer,35000,GBP,43750,GB,100,GB,M
2024,MI,FT,BI Developer,168000,USD,168000,US,0,US,M
2024,MI,FT,BI Developer,158000,USD,158000,US,0,US,M
2024,SE,FT,Data Scientist,170000,USD,170000,US,100,US,M
2024,SE,FT,Data Scientist,145000,USD,145000,US,100,US,M
2024,SE,FT,Data Scientist,199500,USD,199500,US,0,US,M
2024,SE,FT,Data Scientist,86700,USD,86700,US,0,US,M
2024,SE,FT,Data Scientist,250000,USD,250000,US,100,US,M
2024,SE,FT,Data Scientist,172500,USD,172500,US,100,US,M
2024,SE,FT,Data Scientist,164300,USD,164300,US,0,US,M
2024,SE,FT,Data Scientist,104000,USD,104000,US,0,US,M
2024,MI,FT,Data Scientist,212800,USD,212800,US,0,US,L
2024,MI,FT,Data Scientist,125500,USD,125500,US,0,US,L
2024,MI,FT,Data Scientist,124300,USD,124300,US,0,US,M
2024,MI,FT,Data Scientist,79600,USD,79600,US,0,US,M
2024,SE,FT,Applied Scientist,260000,USD,260000,US,0,US,L
2024,SE,FT,Applied Scientist,150400,USD,150400,US,0,US,L
2024,MI,FT,Research Engineer,215000,USD,215000,CA,100,CA,M
2024,MI,FT,Research Engineer,122000,USD,122000,CA,100,CA,M
2024,SE,FT,Data Product Manager,178200,USD,178200,US,0,US,M
2024,SE,FT,Data Product Manager,70400,USD,70400,US,0,US,M
2024,SE,FT,Data Product Manager,178200,USD,178200,US,0,US,M
2024,SE,FT,Data Product Manager,70400,USD,70400,US,0,US,M
2024,MI,FT,Data Product Manager,135000,USD,135000,US,100,US,M
2024,MI,FT,Data Product Manager,100000,USD,100000,US,100,US,M
2024,SE,FT,Research Engineer,284900,USD,284900,US,0,US,M
2024,SE,FT,Research Engineer,161700,USD,161700,US,0,US,M
2024,MI,FT,Research Engineer,138000,USD,138000,US,0,US,M
2024,MI,FT,Research Engineer,86000,USD,86000,US,0,US,M
2024,SE,FT,Research Engineer,179000,USD,179000,US,0,US,M
2024,SE,FT,Research Engineer,112000,USD,112000,US,0,US,M
2024,SE,FT,Research Engineer,234000,USD,234000,US,0,US,M
2024,SE,FT,Research Engineer,146000,USD,146000,US,0,US,M
2024,SE,FT,Research Engineer,364100,USD,364100,US,0,US,M
2024,SE,FT,Research Engineer,199800,USD,199800,US,0,US,M
2024,MI,FT,Research Engineer,256500,USD,256500,US,0,US,M
2024,MI,FT,Research Engineer,138900,USD,138900,US,0,US,M
2024,MI,FT,Research Engineer,163000,USD,163000,US,0,US,M
2024,MI,FT,Research Engineer,77000,USD,77000,US,0,US,M
2024,SE,FT,Computer Vision Engineer,256500,USD,256500,US,0,US,M
2024,SE,FT,Computer Vision Engineer,138900,USD,138900,US,0,US,M
2024,SE,FT,Data Analyst,110760,USD,110760,CA,0,CA,M
2024,SE,FT,Data Analyst,34320,USD,34320,CA,0,CA,M
2024,EN,FT,Data Analyst,83300,USD,83300,US,0,US,M
2024,EN,FT,Data Analyst,47500,USD,47500,US,0,US,M
2024,SE,FT,Data Analyst,140000,USD,140000,US,0,US,M
2024,SE,FT,Data Analyst,120000,USD,120000,US,0,US,M
2024,SE,FT,Data Engineer,135000,USD,135000,US,0,US,M
2024,SE,FT,Data Engineer,125000,USD,125000,US,0,US,M
2024,SE,FT,Business Intelligence,465000,USD,465000,US,0,US,M
2024,SE,FT,Business Intelligence,323000,USD,323000,US,0,US,M
2024,SE,FT,Machine Learning Engineer,256500,USD,256500,US,0,US,M
2024,SE,FT,Machine Learning Engineer,170700,USD,170700,US,0,US,M
2024,MI,FT,Machine Learning Infrastructure Engineer,256500,USD,256500,US,0,US,M
2024,MI,FT,Machine Learning Infrastructure Engineer,170700,USD,170700,US,0,US,M
2024,MI,FT,Machine Learning Engineer,256500,USD,256500,US,0,US,M
2024,MI,FT,Machine Learning Engineer,170700,USD,170700,US,0,US,M
2024,MI,FT,Data Engineer,196900,USD,196900,US,0,US,M
2024,MI,FT,Data Engineer,169223,USD,169223,US,0,US,M
2024,SE,FT,Data Engineer,200000,USD,200000,US,0,US,M
2024,SE,FT,Data Engineer,147000,USD,147000,US,0,US,M
2024,SE,FT,Data Engineer,136175,USD,136175,US,0,US,M
2024,SE,FT,Data Engineer,85247,USD,85247,US,0,US,M
2024,SE,FT,Applied Scientist,250200,USD,250200,US,0,US,M
2024,SE,FT,Applied Scientist,117200,USD,117200,US,0,US,M
2024,MI,FT,Data Scientist,196900,USD,196900,US,0,US,M
2024,MI,FT,Data Scientist,175420,USD,175420,US,0,US,M
2024,SE,FT,Data Scientist,196900,USD,196900,US,0,US,M
2024,SE,FT,Data Scientist,166698,USD,166698,US,0,US,M
2024,EN,FT,Data Scientist,208800,USD,208800,US,0,US,M
2024,EN,FT,Data Scientist,98300,USD,98300,US,0,US,M
2024,MI,FT,Data Scientist,175275,USD,175275,US,0,US,M
2024,MI,FT,Data Scientist,93374,USD,93374,US,0,US,M
2024,MI,FT,Data Scientist,179000,USD,179000,US,0,US,M
2024,MI,FT,Data Scientist,112000,USD,112000,US,0,US,M
2024,SE,FT,Data Scientist,220000,USD,220000,US,0,US,M
2024,SE,FT,Data Scientist,137500,USD,137500,US,0,US,M
2024,MI,FT,Data Scientist,176000,USD,176000,US,0,US,M
2024,MI,FT,Data Scientist,72700,USD,72700,US,0,US,M
2024,EN,FT,Research Analyst,165000,USD,165000,US,0,US,M
2024,EN,FT,Research Analyst,125000,USD,125000,US,0,US,M
2024,EN,FT,Research Analyst,285000,USD,285000,US,0,US,M
2024,EN,FT,Research Analyst,171200,USD,171200,US,0,US,M
2024,EN,FT,Research Analyst,179000,USD,179000,US,0,US,M
2024,EN,FT,Research Analyst,112000,USD,112000,US,0,US,M
2024,SE,FT,Business Intelligence,38223,GBP,47778,GB,0,GB,M
2024,SE,FT,Business Intelligence,33945,GBP,42431,GB,0,GB,M
2024,EN,FT,Business Intelligence Analyst,43421,GBP,54276,GB,0,GB,M
2024,EN,FT,Business Intelligence Analyst,38223,GBP,47778,GB,0,GB,M
2024,EN,FT,Business Intelligence Analyst,80000,USD,80000,US,0,US,M
2024,EN,FT,Business Intelligence Analyst,45700,USD,45700,US,0,US,M
2024,SE,FT,Business Intelligence Engineer,108500,USD,108500,US,100,US,M
2024,SE,FT,Business Intelligence Engineer,78800,USD,78800,US,100,US,M
2024,MI,FT,Data Product Owner,143000,USD,143000,US,0,US,M
2024,MI,FT,Data Product Owner,96000,USD,96000,US,0,US,M
2024,SE,FT,Data Architect,200000,USD,200000,US,0,US,M
2024,SE,FT,Data Architect,175000,USD,175000,US,0,US,M
2024,SE,FT,Data Architect,200000,USD,200000,US,0,US,M
2024,SE,FT,Data Architect,147000,USD,147000,US,0,US,M
2024,SE,FT,Data Integration Engineer,175000,USD,175000,US,0,US,M
2024,SE,FT,Data Integration Engineer,130000,USD,130000,US,0,US,M
2024,SE,FT,Research Scientist,240240,USD,240240,US,0,US,M
2024,SE,FT,Research Scientist,203350,USD,203350,US,0,US,M
2024,MI,FT,Research Scientist,200000,USD,200000,US,0,US,M
2024,MI,FT,Research Scientist,136000,USD,136000,US,0,US,M
2024,SE,FT,Data Quality Specialist,163116,USD,163116,US,0,US,M
2024,SE,FT,Data Quality Specialist,97870,USD,97870,US,0,US,M
2024,MI,FT,Data Scientist,172000,USD,172000,DE,0,DE,M
2024,MI,FT,Data Scientist,75600,USD,75600,DE,0,DE,M
2024,SE,FT,Data Scientist,234000,USD,234000,US,0,US,M
2024,SE,FT,Data Scientist,117000,USD,117000,US,0,US,M
2024,SE,FT,Data Scientist,180000,USD,180000,US,0,US,M
2024,SE,FT,Data Scientist,90000,USD,90000,US,0,US,M
2024,SE,FT,Data Scientist,286000,USD,286000,US,0,US,M
2024,SE,FT,Data Scientist,143000,USD,143000,US,0,US,M
2024,MI,FT,Data Scientist,137000,USD,137000,US,0,US,M
2024,MI,FT,Data Scientist,60400,USD,60400,US,0,US,M
2024,MI,FT,Data Scientist,220000,USD,220000,US,0,US,M
2024,MI,FT,Data Scientist,96600,USD,96600,US,0,US,M
2024,MI,FT,Data Scientist,172000,USD,172000,US,0,US,M
2024,MI,FT,Data Scientist,75600,USD,75600,US,0,US,M
2024,SE,FT,AI Architect,295000,USD,295000,US,0,US,M
2024,SE,FT,AI Architect,158800,USD,158800,US,0,US,M
2024,SE,FT,Data Architect,220000,USD,220000,US,0,US,M
2024,SE,FT,Data Architect,96600,USD,96600,US,0,US,M
2024,SE,FT,Data Architect,119200,USD,119200,US,0,US,M
2024,SE,FT,Data Architect,86600,USD,86600,US,0,US,M
2024,MI,FT,AI Engineer,220000,USD,220000,US,0,US,M
2024,MI,FT,AI Engineer,96600,USD,96600,US,0,US,M
2024,MI,FT,Machine Learning Engineer,220000,USD,220000,US,0,US,M
2024,MI,FT,Machine Learning Engineer,96600,USD,96600,US,0,US,M
2024,SE,FT,Data Engineer,188500,USD,188500,US,0,US,M
2024,SE,FT,Data Engineer,165100,USD,165100,US,0,US,M
2024,SE,FT,Business Intelligence Consultant,131400,USD,131400,US,0,US,M
2024,SE,FT,Business Intelligence Consultant,87600,USD,87600,US,0,US,M
2024,MI,FT,Business Intelligence,208350,USD,208350,US,0,US,M
2024,MI,FT,Business Intelligence,147200,USD,147200,US,0,US,M
2024,SE,FT,Business Intelligence,185000,USD,185000,US,0,US,M
2024,SE,FT,Business Intelligence,140000,USD,140000,US,0,US,M
2024,MI,FT,Data Management Manager,193000,USD,193000,US,0,US,M
2024,MI,FT,Data Management Manager,84600,USD,84600,US,0,US,M
2024,MI,FT,Data Engineer,137000,USD,137000,US,0,US,M
2024,MI,FT,Data Engineer,60300,USD,60300,US,0,US,M
2024,MI,FT,Data Engineer,137000,USD,137000,US,0,US,M
2024,MI,FT,Data Engineer,60400,USD,60400,US,0,US,M
2024,MI,FT,Data Analyst,175100,USD,175100,US,0,US,M
2024,MI,FT,Data Analyst,91400,USD,91400,US,0,US,M
2024,SE,FT,Data Analyst,126500,USD,126500,US,0,US,M
2024,SE,FT,Data Analyst,93500,USD,93500,US,0,US,M
2024,EN,FT,Data Analyst,135392,USD,135392,US,0,US,M
2024,EN,FT,Data Analyst,79643,USD,79643,US,0,US,M
2024,SE,FT,Data Engineer,98168,USD,98168,US,0,US,M
2024,SE,FT,Data Engineer,98168,USD,98168,US,0,US,M
2024,SE,FT,Research Scientist,237600,USD,237600,US,0,US,M
2024,SE,FT,Research Scientist,146900,USD,146900,US,0,US,M
2024,SE,FT,Data Scientist,222300,USD,222300,FR,0,FR,M
2024,SE,FT,Data Scientist,119700,USD,119700,FR,0,FR,M
2024,SE,FT,Data Scientist,193300,USD,193300,US,0,US,M
2024,SE,FT,Data Scientist,122800,USD,122800,US,0,US,M
2024,SE,FT,Machine Learning Engineer,284400,USD,284400,US,0,US,M
2024,SE,FT,Machine Learning Engineer,150700,USD,150700,US,0,US,M
2024,SE,FT,Machine Learning Engineer,184000,USD,184000,US,0,US,M
2024,SE,FT,Machine Learning Engineer,115000,USD,115000,US,0,US,M
2024,EX,FT,Robotics Software Engineer,252000,USD,252000,US,0,US,M
2024,EX,FT,Robotics Software Engineer,168000,USD,168000,US,0,US,M
2024,SE,FT,MLOps Engineer,240000,USD,240000,US,0,US,M
2024,SE,FT,MLOps Engineer,180000,USD,180000,US,0,US,M
2024,MI,FT,Machine Learning Engineer,133000,USD,133000,US,100,US,M
2024,MI,FT,Machine Learning Engineer,133000,USD,133000,US,100,US,M
2024,MI,FT,Data Engineer,120000,USD,120000,US,100,US,M
2024,MI,FT,Data Engineer,90000,USD,90000,US,100,US,M
2024,SE,FT,Data Engineer,160000,USD,160000,US,0,US,M
2024,SE,FT,Data Engineer,92000,USD,92000,US,0,US,M
2024,MI,FT,Research Engineer,215000,USD,215000,CA,100,CA,M
2024,MI,FT,Research Engineer,122000,USD,122000,CA,100,CA,M
2024,SE,FT,Business Intelligence,266400,USD,266400,US,100,US,M
2024,SE,FT,Business Intelligence,120400,USD,120400,US,100,US,M
2024,MI,FT,Business Intelligence Analyst,100000,USD,100000,US,100,US,M
2024,MI,FT,Business Intelligence Analyst,65000,USD,65000,US,100,US,M
2024,MI,FT,Business Intelligence Engineer,185000,USD,185000,US,0,US,L
2024,MI,FT,Business Intelligence Engineer,89600,USD,89600,US,0,US,L
2024,SE,FT,Business Intelligence Engineer,202800,USD,202800,US,0,US,L
2024,SE,FT,Business Intelligence Engineer,117300,USD,117300,US,0,US,L
2024,EX,FT,Data Manager,180000,USD,180000,US,0,US,M
2024,EX,FT,Data Manager,145000,USD,145000,US,0,US,M
2024,EX,FT,Data Manager,180000,USD,180000,US,0,US,M
2024,EX,FT,Data Manager,145000,USD,145000,US,0,US,M
2024,MI,FT,Research Scientist,300000,USD,300000,US,0,US,M
2024,MI,FT,Research Scientist,245000,USD,245000,US,0,US,M
2024,MI,FT,Analytics Engineer,130000,USD,130000,US,0,US,M
2024,MI,FT,Analytics Engineer,110000,USD,110000,US,0,US,M
2024,SE,FT,Data Analyst,189000,USD,189000,US,100,US,M
2024,SE,FT,Data Analyst,160650,USD,160650,US,100,US,M
2024,MI,FT,Data Analyst,164000,USD,164000,US,100,US,M
2024,MI,FT,Data Analyst,101000,USD,101000,US,100,US,M
2024,EN,FT,Data Analyst,140000,USD,140000,US,0,US,M
2024,EN,FT,Data Analyst,114000,USD,114000,US,0,US,M
2024,EN,FT,Data Analyst,72000,USD,72000,US,0,US,M
2024,EN,FT,Data Analyst,62000,USD,62000,US,0,US,M
2024,SE,FT,Machine Learning Engineer,309000,USD,309000,US,0,US,M
2024,SE,FT,Machine Learning Engineer,142000,USD,142000,US,0,US,M
2024,SE,FT,Machine Learning Engineer,250000,USD,250000,US,0,US,M
2024,SE,FT,Machine Learning Engineer,140000,USD,140000,US,0,US,M
2024,SE,FT,Data Scientist,121400,USD,121400,US,0,US,M
2024,SE,FT,Data Scientist,121400,USD,121400,US,0,US,M
2024,MI,FT,Data Analyst,203280,USD,203280,US,0,US,M
2024,MI,FT,Data Analyst,166071,USD,166071,US,0,US,M
2024,SE,FT,Data Engineer,234000,USD,234000,US,0,US,M
2024,SE,FT,Data Engineer,90000,USD,90000,US,0,US,M
2024,SE,FT,Data Engineer,234000,USD,234000,US,0,US,M
2024,SE,FT,Data Engineer,90000,USD,90000,US,0,US,M
2024,SE,FT,Data Engineer,180000,USD,180000,US,0,US,M
2024,SE,FT,Data Engineer,90000,USD,90000,US,0,US,M
2024,SE,FT,Machine Learning Engineer,171210,USD,171210,CA,0,CA,M
2024,SE,FT,Machine Learning Engineer,92190,USD,92190,CA,0,CA,M
2024,EN,FT,Data Analyst,97200,USD,97200,US,0,US,M
2024,EN,FT,Data Analyst,61560,USD,61560,US,0,US,M
2024,SE,FT,Data Analyst,163000,USD,163000,US,100,US,M
2024,SE,FT,Data Analyst,77000,USD,77000,US,100,US,M
2024,SE,FT,Data Analyst,163000,USD,163000,US,0,US,M
2024,SE,FT,Data Analyst,77000,USD,77000,US,0,US,M
2024,SE,FT,Applied Scientist,199500,USD,199500,US,0,US,M
2024,SE,FT,Applied Scientist,97400,USD,97400,US,0,US,M
2024,SE,FT,Data Scientist,164600,USD,164600,US,0,US,M
2024,SE,FT,Data Scientist,99200,USD,99200,US,0,US,M
2024,SE,FT,Data Scientist,286000,USD,286000,US,0,US,M
2024,SE,FT,Data Scientist,110000,USD,110000,US,0,US,M
2024,MI,FT,Data Analyst,113000,USD,113000,US,0,US,M
2024,MI,FT,Data Analyst,53000,USD,53000,US,0,US,M
2024,SE,FT,Data Analytics Lead,195500,USD,195500,US,0,US,M
2024,SE,FT,Data Analytics Lead,117300,USD,117300,US,0,US,M
2024,SE,FT,Data Engineer,80328,EUR,89253,NL,0,NL,M
2024,SE,FT,Data Engineer,56232,EUR,62480,NL,0,NL,M
2024,SE,FT,Data Engineer,146000,USD,146000,US,0,US,M
2024,SE,FT,Data Engineer,78900,USD,78900,US,0,US,M
2024,SE,FT,Data Engineer,258750,USD,258750,US,0,US,M
2024,SE,FT,Data Engineer,164000,USD,164000,US,0,US,M
2024,SE,FT,Machine Learning Engineer,276000,USD,276000,US,0,US,M
2024,SE,FT,Machine Learning Engineer,148000,USD,148000,US,0,US,M
2024,SE,FT,Data Scientist,269750,USD,269750,US,0,US,M
2024,SE,FT,Data Scientist,145250,USD,145250,US,0,US,M
2024,SE,FT,Data Scientist,170800,USD,170800,US,0,US,M
2024,SE,FT,Data Scientist,92300,USD,92300,US,0,US,M
2024,SE,FT,Data Scientist,202600,USD,202600,US,0,US,M
2024,SE,FT,Data Scientist,93800,USD,93800,US,0,US,M
2024,SE,FT,Machine Learning Engineer,320000,USD,320000,US,100,US,M
2024,SE,FT,Machine Learning Engineer,217600,USD,217600,US,100,US,M
2024,SE,FT,Machine Learning Engineer,320000,USD,320000,US,0,US,M
2024,SE,FT,Machine Learning Engineer,217600,USD,217600,US,0,US,M
2024,SE,FT,Data Engineer,200000,USD,200000,US,0,US,M
2024,SE,FT,Data Engineer,147000,USD,147000,US,0,US,M
2024,MI,FT,Data Engineer,185000,USD,185000,US,0,US,M
2024,MI,FT,Data Engineer,140000,USD,140000,US,0,US,M
2024,MI,FT,Data Engineer,152375,USD,152375,US,100,US,M
2024,MI,FT,Data Engineer,94000,USD,94000,US,100,US,M
2024,SE,FT,Data Engineer,110400,USD,110400,US,100,US,M
2024,SE,FT,Data Engineer,68000,USD,68000,US,100,US,M
2024,MI,FT,Data Engineer,110000,USD,110000,US,0,US,M
2024,MI,FT,Data Engineer,90000,USD,90000,US,0,US,M
2024,MI,FT,Research Scientist,161500,USD,161500,US,0,US,M
2024,MI,FT,Research Scientist,161500,USD,161500,US,0,US,M
2024,SE,FT,Machine Learning Scientist,130100,USD,130100,US,0,US,M
2024,SE,FT,Machine Learning Scientist,130100,USD,130100,US,0,US,M
2024,MI,FT,Research Scientist,242200,USD,242200,US,0,US,M
2024,MI,FT,Research Scientist,129400,USD,129400,US,0,US,M
2024,EN,FT,Business Intelligence Analyst,145793,USD,145793,US,0,US,M
2024,EN,FT,Business Intelligence Analyst,126776,USD,126776,US,0,US,M
2024,EN,FT,Business Intelligence Engineer,165600,USD,165600,US,0,US,L
2024,EN,FT,Business Intelligence Engineer,74100,USD,74100,US,0,US,L
2024,SE,FT,Data Architect,164000,USD,164000,US,0,US,M
2024,SE,FT,Data Architect,117000,USD,117000,US,0,US,M
2024,MI,FT,Machine Learning Engineer,184900,USD,184900,US,100,US,M
2024,MI,FT,Machine Learning Engineer,153000,USD,153000,US,100,US,M
2024,SE,FT,Machine Learning Engineer,260000,USD,260000,DE,0,DE,M
2024,SE,FT,Machine Learning Engineer,216000,USD,216000,DE,0,DE,M
2024,SE,FT,Machine Learning Engineer,223500,USD,223500,US,0,US,M
2024,SE,FT,Machine Learning Engineer,94200,USD,94200,US,0,US,M
2024,SE,FT,Machine Learning Engineer,144252,USD,144252,AR,100,AR,M
2024,SE,FT,Machine Learning Engineer,137496,USD,137496,AR,100,AR,M
2024,SE,FT,Machine Learning Engineer,184000,USD,184000,US,0,US,M
2024,SE,FT,Machine Learning Engineer,115000,USD,115000,US,0,US,M
2024,MI,CT,Machine Learning Engineer,140000,USD,140000,US,100,US,M
2024,MI,CT,Machine Learning Engineer,100000,USD,100000,US,100,US,M
2024,SE,FT,Machine Learning Engineer,225000,USD,225000,US,0,US,M
2024,SE,FT,Machine Learning Engineer,180000,USD,180000,US,0,US,M
2024,SE,FT,Machine Learning Engineer,357900,USD,357900,US,0,US,M
2024,SE,FT,Machine Learning Engineer,189400,USD,189400,US,0,US,M
2024,EX,FT,Machine Learning Engineer,200000,USD,200000,CA,0,CA,M
2024,EX,FT,Machine Learning Engineer,160000,USD,160000,CA,0,CA,M
2024,SE,FT,Data Modeler,265200,USD,265200,US,0,US,M
2024,SE,FT,Data Modeler,125700,USD,125700,US,0,US,M
2024,SE,FT,Analytics Engineer,135000,USD,135000,US,100,US,M
2024,SE,FT,Analytics Engineer,100000,USD,100000,US,100,US,M
2024,MI,FT,Analytics Engineer,170500,USD,170500,US,0,US,M
2024,MI,FT,Analytics Engineer,139500,USD,139500,US,0,US,M
2024,SE,FT,Analytics Engineer,275000,USD,275000,US,0,US,M
2024,SE,FT,Analytics Engineer,200000,USD,200000,US,0,US,M
2024,SE,FT,Data Scientist,359170,USD,359170,US,0,US,M
2024,SE,FT,Data Scientist,295490,USD,295490,US,0,US,M
2024,SE,FT,Data Scientist,181500,USD,181500,US,100,US,M
2024,SE,FT,Data Scientist,119213,USD,119213,US,100,US,M
2024,SE,FT,Data Scientist,182000,USD,182000,US,100,US,M
2024,SE,FT,Data Scientist,126200,USD,126200,US,100,US,M
2024,SE,FT,Data Scientist,232300,USD,232300,US,0,US,M
2024,SE,FT,Data Scientist,136700,USD,136700,US,0,US,M
2024,MI,FT,Data Scientist,106700,USD,106700,US,0,US,M
2024,MI,FT,Data Scientist,106700,USD,106700,US,0,US,M
2024,SE,FT,Data Scientist,152375,USD,152375,US,100,US,M
2024,SE,FT,Data Scientist,94000,USD,94000,US,100,US,M
2024,MI,FT,Data Scientist,196900,USD,196900,US,0,US,M
2024,MI,FT,Data Scientist,166698,USD,166698,US,0,US,M
2024,MI,FT,Data Scientist,174000,USD,174000,US,0,US,M
2024,MI,FT,Data Scientist,116000,USD,116000,US,0,US,M
2024,EN,FT,Data Analyst,47699,GBP,59623,GB,0,GB,M
2024,EN,FT,Data Analyst,35505,GBP,44381,GB,0,GB,M
2024,SE,FT,Data Analyst,130000,USD,130000,US,0,US,M
2024,SE,FT,Data Analyst,97500,USD,97500,US,0,US,M
2024,SE,FT,Data Analyst,130000,USD,130000,US,0,US,M
2024,SE,FT,Data Analyst,97500,USD,97500,US,0,US,M
2024,SE,FT,Data Analyst,130000,USD,130000,US,0,US,M
2024,SE,FT,Data Analyst,97500,USD,97500,US,0,US,M
2024,SE,FT,Data Analyst,150000,USD,150000,US,0,US,M
2024,SE,FT,Data Analyst,125000,USD,125000,US,0,US,M
2024,EN,FT,Data Analyst,96250,USD,96250,US,0,US,M
2024,EN,FT,Data Analyst,77000,USD,77000,US,0,US,M
2024,EN,FT,Data Analyst,96250,USD,96250,US,0,US,M
2024,EN,FT,Data Analyst,77000,USD,77000,US,0,US,M
2024,EN,FT,Data Analyst,28800,USD,28800,US,100,US,M
2024,EN,FT,Data Analyst,21600,USD,21600,US,100,US,M
2024,SE,CT,Data Analyst,130000,USD,130000,US,0,US,M
2024,SE,CT,Data Analyst,100000,USD,100000,US,0,US,M
2024,SE,FT,Data Analyst,110000,USD,110000,BR,100,BR,M
2024,SE,FT,Data Analyst,80000,USD,80000,BR,100,BR,M
2024,EN,FT,Data Quality Analyst,82800,PLN,20700,PL,50,PL,L
2024,MI,FT,Business Intelligence Manager,164700,USD,164700,US,0,US,M
2024,MI,FT,Business Intelligence Manager,117500,USD,117500,US,0,US,M
2024,SE,FT,Research Engineer,157959,USD,157959,US,0,US,M
2024,SE,FT,Research Engineer,90263,USD,90263,US,0,US,M
2024,SE,FT,Research Engineer,250000,USD,250000,EG,0,EG,M
2024,SE,FT,Research Engineer,110100,USD,110100,EG,0,EG,M
2024,EN,FT,Business Intelligence Analyst,111400,USD,111400,US,100,US,M
2024,EN,FT,Business Intelligence Analyst,62800,USD,62800,US,100,US,M
2024,SE,FT,Analytics Engineer,135000,USD,135000,US,100,US,M
2024,SE,FT,Analytics Engineer,100000,USD,100000,US,100,US,M
2024,SE,FT,Business Intelligence Developer,132000,USD,132000,US,0,US,M
2024,SE,FT,Business Intelligence Developer,90000,USD,90000,US,0,US,M
2024,EN,FT,Research Analyst,179000,USD,179000,US,0,US,M
2024,EN,FT,Research Analyst,112000,USD,112000,US,0,US,M
2024,SE,FT,Decision Scientist,170000,USD,170000,US,0,US,M
2024,SE,FT,Decision Scientist,150000,USD,150000,US,0,US,M
2024,MI,FT,Research Scientist,173000,USD,173000,US,0,US,M
2024,MI,FT,Research Scientist,117000,USD,117000,US,0,US,M
2024,SE,FT,Research Scientist,294000,USD,294000,US,0,US,M
2024,SE,FT,Research Scientist,137600,USD,137600,US,0,US,M
2024,SE,FT,Research Engineer,252000,USD,252000,US,0,US,M
2024,SE,FT,Research Engineer,143000,USD,143000,US,0,US,M
2024,MI,FT,Data Scientist,109000,USD,109000,US,100,US,M
2024,MI,FT,Data Scientist,93000,USD,93000,US,100,US,M
2024,MI,FT,Data Engineer,91548,USD,91548,US,100,US,M
2024,MI,FT,Data Engineer,91548,USD,91548,US,100,US,M
2024,SE,FT,Data Developer,90146,USD,90146,US,100,US,M
2024,SE,FT,Data Developer,90146,USD,90146,US,100,US,M
2024,SE,FT,Data Scientist,235400,USD,235400,US,0,US,M
2024,SE,FT,Data Scientist,209720,USD,209720,US,0,US,M
2024,SE,FT,Data Scientist,235400,USD,235400,US,100,US,M
2024,SE,FT,Data Scientist,178262,USD,178262,US,100,US,M
2024,SE,FT,Data Scientist,282200,USD,282200,US,0,US,M
2024,SE,FT,Data Scientist,133600,USD,133600,US,0,US,M
2024,SE,FT,Data Scientist,234000,USD,234000,US,0,US,M
2024,SE,FT,Data Scientist,146000,USD,146000,US,0,US,M
2024,MI,FT,Data Scientist,135000,USD,135000,US,100,US,M
2024,MI,FT,Data Scientist,108000,USD,108000,US,100,US,M
2024,SE,FT,Data Scientist,105784,USD,105784,CA,0,CA,M
2024,SE,FT,Data Scientist,80290,USD,80290,CA,0,CA,M
2024,SE,FT,Data Scientist,185100,USD,185100,US,0,US,M
2024,SE,FT,Data Scientist,111100,USD,111100,US,0,US,M
2024,SE,FT,Data Architect,190000,USD,190000,US,0,US,M
2024,SE,FT,Data Architect,105301,USD,105301,US,0,US,M
2024,SE,FT,Data Engineer,242000,USD,242000,US,0,US,M
2024,SE,FT,Data Engineer,173000,USD,173000,US,0,US,M
2024,SE,FT,Data Engineer,279400,USD,279400,US,0,US,M
2024,SE,FT,Data Engineer,236474,USD,236474,US,0,US,M
2024,SE,FT,Data Engineer,122000,USD,122000,US,0,US,M
2024,SE,FT,Data Engineer,94500,USD,94500,US,0,US,M
2024,MI,FT,Data Engineer,125000,USD,125000,US,100,US,M
2024,MI,FT,Data Engineer,97000,USD,97000,US,100,US,M
2024,SE,FT,Data Engineer,157520,USD,157520,CA,0,CA,M
2024,SE,FT,Data Engineer,105700,USD,105700,CA,0,CA,M
2024,MI,FT,Machine Learning Engineer,240240,USD,240240,US,0,US,M
2024,MI,FT,Machine Learning Engineer,235724,USD,235724,US,0,US,M
2024,SE,FT,Machine Learning Engineer,300200,USD,300200,US,0,US,M
2024,SE,FT,Machine Learning Engineer,199800,USD,199800,US,0,US,M
2024,SE,FT,Machine Learning Engineer,115000,USD,115000,US,0,US,M
2024,SE,FT,Machine Learning Engineer,90000,USD,90000,US,0,US,M
2024,SE,FT,Analytics Engineer,150000,USD,150000,US,100,US,M
2024,SE,FT,Analytics Engineer,100000,USD,100000,US,100,US,M
2024,EN,FT,Data Analyst,74000,USD,74000,US,0,US,M
2024,EN,FT,Data Analyst,67000,USD,67000,US,0,US,M
2024,EN,FT,Data Analyst,90000,USD,90000,US,0,US,M
2024,EN,FT,Data Analyst,80000,USD,80000,US,0,US,M
2024,MI,FT,Data Analyst,100000,USD,100000,US,0,US,M
2024,MI,FT,Data Analyst,85000,USD,85000,US,0,US,M
2024,MI,FT,Applied Scientist,208800,USD,208800,US,0,US,M
2024,MI,FT,Applied Scientist,98300,USD,98300,US,0,US,M
2024,MI,FT,Data Management Associate,116000,USD,116000,US,0,US,M
2024,MI,FT,Data Management Associate,77000,USD,77000,US,0,US,M
2024,SE,FT,Business Intelligence Analyst,135000,USD,135000,US,0,US,M
2024,SE,FT,Business Intelligence Analyst,125000,USD,125000,US,0,US,M
2024,SE,FT,Data Engineer,190000,USD,190000,US,100,US,M
2024,SE,FT,Data Engineer,95000,USD,95000,US,100,US,M
2024,EN,FT,Research Analyst,80000,USD,80000,US,0,US,M
2024,EN,FT,Research Analyst,60000,USD,60000,US,0,US,M
2024,SE,FT,Research Analyst,180000,USD,180000,US,0,US,M
2024,SE,FT,Research Analyst,140000,USD,140000,US,0,US,M
2024,SE,FT,Machine Learning Engineer,267900,USD,267900,US,0,US,M
2024,SE,FT,Machine Learning Engineer,234700,USD,234700,US,0,US,M
2024,EN,FT,Data Analyst,57800,USD,57800,US,0,US,M
2024,EN,FT,Data Analyst,57800,USD,57800,US,0,US,M
2024,SE,FT,Data Engineer,120633,USD,120633,US,0,US,M
2024,SE,FT,Data Engineer,120633,USD,120633,US,0,US,M
2024,MI,FT,Data Engineer,134000,USD,134000,US,100,US,M
2024,MI,FT,Data Engineer,117400,USD,117400,US,100,US,M
2024,SE,FT,Data Engineer,200200,USD,200200,US,0,US,M
2024,SE,FT,Data Engineer,149300,USD,149300,US,0,US,M
2024,MI,FT,Data Engineer,143750,USD,143750,US,0,US,M
2024,MI,FT,Data Engineer,106250,USD,106250,US,0,US,M
2024,SE,FT,Data Engineer,119969,USD,119969,US,0,US,M
2024,SE,FT,Data Engineer,73029,USD,73029,US,0,US,M
2024,MI,FT,Data Engineer,176100,USD,176100,US,0,US,M
2024,MI,FT,Data Engineer,110200,USD,110200,US,0,US,M
2024,SE,FT,Data Engineer,149200,USD,149200,US,0,US,M
2024,SE,FT,Data Engineer,93400,USD,93400,US,0,US,M
2024,SE,FT,Data Engineer,264800,USD,264800,US,0,US,M
2024,SE,FT,Data Engineer,172900,USD,172900,US,0,US,M
2024,SE,FT,Data Scientist,163200,USD,163200,US,0,US,M
2024,SE,FT,Data Scientist,99000,USD,99000,US,0,US,M
2024,SE,FT,Machine Learning Engineer,220000,CAD,169230,US,0,US,S
2024,SE,FT,Machine Learning Engineer,160000,CAD,123076,US,0,US,S
2024,MI,FT,BI Analyst,142300,USD,142300,US,0,US,M
2024,MI,FT,BI Analyst,94900,USD,94900,US,0,US,M
2024,MI,FT,BI Analyst,188400,USD,188400,US,0,US,M
2024,MI,FT,BI Analyst,125600,USD,125600,US,0,US,M
2024,SE,FT,Principal Statistical Programmer,218000,USD,218000,US,0,US,M
2024,SE,FT,Principal Statistical Programmer,106200,USD,106200,US,0,US,M
2024,SE,FT,Principal Statistical Programmer,218000,USD,218000,US,0,US,M
2024,SE,FT,Principal Statistical Programmer,117400,USD,117400,US,0,US,M
2024,SE,FT,Principal Statistical Programmer,218000,USD,218000,US,0,US,M
2024,SE,FT,Principal Statistical Programmer,106200,USD,106200,US,0,US,M
2024,SE,FT,Data Engineer,188800,USD,188800,US,0,US,M
2024,SE,FT,Data Engineer,105700,USD,105700,US,0,US,M
2024,SE,FT,Data Architect,133100,USD,133100,US,0,US,M
2024,SE,FT,Data Architect,60341,USD,60341,US,0,US,M
2024,SE,FT,Data Analyst,172000,USD,172000,US,0,US,M
2024,SE,FT,Data Analyst,75600,USD,75600,US,0,US,M
2024,EN,FT,Data Analyst,172000,USD,172000,US,0,US,M
2024,EN,FT,Data Analyst,75600,USD,75600,US,0,US,M
2024,MI,FT,Machine Learning Engineer,123000,USD,123000,US,0,US,M
2024,MI,FT,Machine Learning Engineer,54000,USD,54000,US,0,US,M
2024,MI,FT,Data Scientist,172000,USD,172000,US,0,US,M
2024,MI,FT,Data Scientist,75600,USD,75600,US,0,US,M
2024,MI,FT,Data Scientist,220000,USD,220000,DE,0,DE,M
2024,MI,FT,Data Scientist,96600,USD,96600,DE,0,DE,M
2024,MI,FT,Data Manager,30820,GBP,38525,GB,0,GB,M
2024,MI,FT,Data Manager,25866,GBP,32332,GB,0,GB,M
2024,MI,FT,Data Manager,52116,GBP,65145,GB,0,GB,M
2024,MI,FT,Data Manager,49083,GBP,61353,GB,0,GB,M
2024,SE,FT,Data Management Consultant,91548,USD,91548,US,100,US,M
2024,SE,FT,Data Management Consultant,91548,USD,91548,US,100,US,M
2024,MI,FT,Data Scientist,187000,USD,187000,US,0,US,M
2024,MI,FT,Data Scientist,127000,USD,127000,US,0,US,M
2024,SE,FT,Data Scientist,305000,USD,305000,US,0,US,M
2024,SE,FT,Data Scientist,214000,USD,214000,US,0,US,M
2024,SE,FT,Data Scientist,231400,USD,231400,US,0,US,M
2024,SE,FT,Data Scientist,186846,USD,186846,US,0,US,M
2024,SE,FT,Data Architect,304000,USD,304000,US,0,US,M
2024,SE,FT,Data Architect,190000,USD,190000,US,0,US,M
2024,EN,FT,Business Intelligence,90000,USD,90000,US,0,US,M
2024,EN,FT,Business Intelligence,77000,USD,77000,US,0,US,M
2024,EN,FT,Business Intelligence Analyst,104000,USD,104000,US,0,US,M
2024,EN,FT,Business Intelligence Analyst,69000,USD,69000,US,0,US,M
2024,EN,FT,Business Intelligence,70000,USD,70000,US,0,US,M
2024,EN,FT,Business Intelligence,60000,USD,60000,US,0,US,M
2024,SE,FT,Data Engineer,279400,USD,279400,US,100,US,M
2024,SE,FT,Data Engineer,225859,USD,225859,US,100,US,M
2024,SE,FT,Data Engineer,151300,USD,151300,US,0,US,M
2024,SE,FT,Data Engineer,96700,USD,96700,US,0,US,M
2024,SE,FT,Data Engineer,335000,USD,335000,US,0,US,M
2024,SE,FT,Data Engineer,156000,USD,156000,US,0,US,M
2024,MI,FT,BI Developer,183300,USD,183300,US,0,US,M
2024,MI,FT,BI Developer,101400,USD,101400,US,0,US,M
2024,EX,FT,AI Engineer,202500,USD,202500,US,0,US,M
2024,EX,FT,AI Engineer,120000,USD,120000,US,0,US,M
2024,SE,FT,AI Engineer,215424,USD,215424,US,100,US,M
2024,SE,FT,AI Engineer,143616,USD,143616,US,100,US,M
2024,MI,FT,Applied Scientist,208800,USD,208800,US,0,US,M
2024,MI,FT,Applied Scientist,98300,USD,98300,US,0,US,M
2024,EN,FT,Machine Learning Engineer,256500,USD,256500,US,0,US,M
2024,EN,FT,Machine Learning Engineer,138900,USD,138900,US,0,US,M
2024,EN,FT,Data Analyst,146000,USD,146000,US,0,US,M
2024,EN,FT,Data Analyst,104000,USD,104000,US,0,US,M
2024,EN,FT,Data Analyst,83300,USD,83300,US,0,US,M
2024,EN,FT,Data Analyst,47500,USD,47500,US,0,US,M
2024,EN,FT,Data Analyst,170000,USD,170000,US,0,US,M
2024,EN,FT,Data Analyst,120000,USD,120000,US,0,US,M
2024,MI,FT,Research Scientist,204000,USD,204000,US,0,US,M
2024,MI,FT,Research Scientist,134000,USD,134000,US,0,US,M
2024,MI,FT,Research Scientist,200000,USD,200000,US,0,US,M
2024,MI,FT,Research Scientist,136000,USD,136000,US,0,US,M
2024,SE,FT,Research Scientist,337000,USD,337000,US,0,US,M
2024,SE,FT,Research Scientist,237000,USD,237000,US,0,US,M
2024,SE,FT,Research Scientist,240240,USD,240240,US,0,US,M
2024,SE,FT,Research Scientist,231643,USD,231643,US,0,US,M
2024,MI,FT,Research Scientist,235400,USD,235400,US,0,US,M
2024,MI,FT,Research Scientist,218572,USD,218572,US,0,US,M
2024,SE,FT,Data Scientist,167500,USD,167500,US,0,US,M
2024,SE,FT,Data Scientist,138500,USD,138500,US,0,US,M
2024,MI,FT,Data Engineer,150600,USD,150600,US,0,US,M
2024,MI,FT,Data Engineer,102500,USD,102500,US,0,US,M
2024,EN,FT,Research Analyst,235410,USD,235410,US,100,US,M
2024,EN,FT,Research Analyst,108800,USD,108800,US,100,US,M
2024,EN,FT,Data Analyst,120012,USD,120012,US,0,US,M
2024,EN,FT,Data Analyst,77376,USD,77376,US,0,US,M
2024,MI,FT,Data Scientist,126500,USD,126500,US,0,US,M
2024,MI,FT,Data Scientist,93500,USD,93500,US,0,US,M
2024,MI,FT,Machine Learning Engineer,259500,USD,259500,US,0,US,M
2024,MI,FT,Machine Learning Engineer,113000,USD,113000,US,0,US,M
2024,MI,FT,Machine Learning Engineer,259500,USD,259500,US,0,US,M
2024,MI,FT,Machine Learning Engineer,113000,USD,113000,US,0,US,M
2024,EX,FT,Business Intelligence,207000,USD,207000,US,0,US,M
2024,EX,FT,Business Intelligence,153000,USD,153000,US,0,US,M
2024,SE,FT,Data Architect,207000,USD,207000,US,0,US,M
2024,SE,FT,Data Architect,176446,USD,176446,US,0,US,M
2024,SE,FT,Data Engineer,174000,USD,174000,US,100,US,M
2024,SE,FT,Data Engineer,116000,USD,116000,US,100,US,M
2024,SE,FT,Data Engineer,210000,USD,210000,US,0,US,M
2024,SE,FT,Data Engineer,124000,USD,124000,US,0,US,M
2024,MI,FT,Data Engineer,149500,USD,149500,US,0,US,M
2024,MI,FT,Data Engineer,110500,USD,110500,US,0,US,M
2024,MI,FT,Data Engineer,106700,USD,106700,US,0,US,M
2024,MI,FT,Data Engineer,57700,USD,57700,US,0,US,M
2024,SE,FT,Data Scientist,207000,USD,207000,US,0,US,M
2024,SE,FT,Data Scientist,150000,USD,150000,US,0,US,M
2024,MI,FT,Business Intelligence Engineer,195000,USD,195000,US,0,US,M
2024,MI,FT,Business Intelligence Engineer,140000,USD,140000,US,0,US,M
2024,EN,FT,Data Analyst,180000,USD,180000,US,100,US,M
2024,EN,FT,Data Analyst,135000,USD,135000,US,100,US,M
2024,EN,FT,Data Analyst,122000,USD,122000,US,0,US,M
2024,EN,FT,Data Analyst,94000,USD,94000,US,0,US,M
2024,SE,FT,Data Engineer,200000,USD,200000,US,0,US,M
2024,SE,FT,Data Engineer,147000,USD,147000,US,0,US,M
2024,SE,FT,Machine Learning Quality Engineer,233000,USD,233000,US,0,US,M
2024,SE,FT,Machine Learning Quality Engineer,137000,USD,137000,US,0,US,M
2024,SE,FT,Machine Learning Engineer,355000,USD,355000,US,0,US,M
2024,SE,FT,Machine Learning Engineer,213000,USD,213000,US,0,US,M
2024,SE,FT,Machine Learning Engineer,250000,USD,250000,US,100,US,M
2024,SE,FT,Machine Learning Engineer,195000,USD,195000,US,100,US,M
2024,SE,FT,Machine Learning Engineer,230000,USD,230000,US,0,US,M
2024,SE,FT,Machine Learning Engineer,150000,USD,150000,US,0,US,M
2024,SE,FT,Data Scientist,160000,USD,160000,US,100,US,M
2024,SE,FT,Data Scientist,135000,USD,135000,US,100,US,M
2024,MI,FT,Data Scientist,149000,USD,149000,US,100,US,M
2024,MI,FT,Data Scientist,103300,USD,103300,US,100,US,M
2024,SE,FT,Data Scientist,257600,USD,257600,US,0,US,M
2024,SE,FT,Data Scientist,146000,USD,146000,US,0,US,M
2024,SE,FT,Data Scientist,238000,USD,238000,US,0,US,M
2024,SE,FT,Data Scientist,150000,USD,150000,US,0,US,M
2024,SE,FT,Applied Scientist,260000,USD,260000,US,0,US,L
2024,SE,FT,Applied Scientist,150400,USD,150400,US,0,US,L
2024,SE,FT,Decision Scientist,145000,USD,145000,US,100,US,M
2024,SE,FT,Decision Scientist,125000,USD,125000,US,100,US,M
2024,SE,FT,Analytics Engineer,160400,USD,160400,US,100,US,M
2024,SE,FT,Analytics Engineer,128400,USD,128400,US,100,US,M
2024,SE,FT,AI Product Manager,197000,USD,197000,US,100,US,M
2024,SE,FT,AI Product Manager,159000,USD,159000,US,100,US,M
2024,SE,FT,Data Engineer,226750,USD,226750,MX,0,MX,M
2024,SE,FT,Data Engineer,166000,USD,166000,MX,0,MX,M
2024,SE,FT,Data Engineer,186100,USD,186100,US,0,US,M
2024,SE,FT,Data Engineer,105200,USD,105200,US,0,US,M
2024,SE,FT,Data Engineer,122000,USD,122000,US,0,US,M
2024,SE,FT,Data Engineer,94500,USD,94500,US,0,US,M
2024,MI,FT,Data Engineer,105000,GBP,131250,GB,0,GB,M
2024,MI,FT,Data Engineer,85000,GBP,106250,GB,0,GB,M
2024,MI,FT,Data Engineer,165000,USD,165000,US,100,US,M
2024,MI,FT,Data Engineer,115000,USD,115000,US,100,US,M
2024,SE,FT,Data Engineer,170000,USD,170000,US,100,US,M
2024,SE,FT,Data Engineer,120000,USD,120000,US,100,US,M
2024,MI,FT,Research Engineer,190000,USD,190000,US,100,US,M
2024,MI,FT,Research Engineer,160000,USD,160000,US,100,US,M
2024,SE,FT,Research Engineer,321800,USD,321800,US,0,US,M
2024,SE,FT,Research Engineer,157500,USD,157500,US,0,US,M
2024,SE,FT,AI Engineer,180000,EUR,200000,DE,100,DE,M
2024,SE,FT,AI Engineer,70000,EUR,77777,DE,100,DE,M
2024,SE,FT,Machine Learning Engineer,300200,USD,300200,US,0,US,M
2024,SE,FT,Machine Learning Engineer,170700,USD,170700,US,0,US,M
2024,SE,FT,Machine Learning Engineer,300200,USD,300200,US,0,US,M
2024,SE,FT,Machine Learning Engineer,170700,USD,170700,US,0,US,M
2024,SE,FT,Research Engineer,256500,USD,256500,US,0,US,M
2024,SE,FT,Research Engineer,170700,USD,170700,US,0,US,M
2024,SE,FT,Research Scientist,208000,USD,208000,US,0,US,M
2024,SE,FT,Research Scientist,143000,USD,143000,US,0,US,M
2024,SE,FT,Data Architect,159000,USD,159000,US,0,US,M
2024,SE,FT,Data Architect,123000,USD,123000,US,0,US,M
2024,SE,FT,Data Engineer,200000,USD,200000,US,0,US,M
2024,SE,FT,Data Engineer,180000,USD,180000,US,0,US,M
2024,SE,FT,Data Engineer,234000,USD,234000,US,0,US,M
2024,SE,FT,Data Engineer,117000,USD,117000,US,0,US,M
2024,SE,FT,Data Engineer,234000,USD,234000,US,0,US,M
2024,SE,FT,Data Engineer,90000,USD,90000,US,0,US,M
2024,SE,FT,Research Engineer,314400,USD,314400,US,0,US,M
2024,SE,FT,Research Engineer,161600,USD,161600,US,0,US,M
2024,SE,FT,Data Scientist,314400,USD,314400,US,0,US,M
2024,SE,FT,Data Scientist,161600,USD,161600,US,0,US,M
2024,SE,FT,Data Scientist,286000,USD,286000,US,0,US,M
2024,SE,FT,Data Scientist,143000,USD,143000,US,0,US,M
2024,SE,FT,Data Scientist,234000,USD,234000,US,0,US,M
2024,SE,FT,Data Scientist,117000,USD,117000,US,0,US,M
2024,SE,FT,Data Scientist,216000,USD,216000,US,0,US,M
2024,SE,FT,Data Scientist,90000,USD,90000,US,0,US,M
2024,SE,FT,Data Scientist,180000,USD,180000,US,0,US,M
2024,SE,FT,Data Scientist,90000,USD,90000,US,0,US,M
2024,SE,FT,Applied Scientist,294000,USD,294000,US,0,US,M
2024,SE,FT,Applied Scientist,137600,USD,137600,US,0,US,M
2024,EN,FT,Data Quality Analyst,84700,USD,84700,US,0,US,M
2024,EN,FT,Data Quality Analyst,59500,USD,59500,US,0,US,M
2024,EN,FT,Data Analyst,95450,USD,95450,US,0,US,M
2024,EN,FT,Data Analyst,62400,USD,62400,US,0,US,M
2024,MI,FT,Data Analytics Consultant,123900,USD,123900,US,0,US,M
2024,MI,FT,Data Analytics Consultant,66100,USD,66100,US,0,US,M
2024,EN,FT,Data Analyst,80080,USD,80080,US,0,US,M
2024,EN,FT,Data Analyst,46000,USD,46000,US,0,US,M
2024,MI,FT,Data Analytics Consultant,123900,USD,123900,US,0,US,M
2024,MI,FT,Data Analytics Consultant,66100,USD,66100,US,0,US,M
2024,SE,FT,Data Analyst,155000,USD,155000,US,0,US,M
2024,SE,FT,Data Analyst,80000,USD,80000,US,0,US,M
2024,MI,FT,Data Scientist,154660,USD,154660,US,100,US,M
2024,MI,FT,Data Scientist,125270,USD,125270,US,100,US,M
2024,SE,FT,Data Scientist,196900,USD,196900,US,0,US,M
2024,SE,FT,Data Scientist,178418,USD,178418,US,0,US,M
2024,SE,FT,Data Engineer,160000,USD,160000,US,0,US,M
2024,SE,FT,Data Engineer,125000,USD,125000,US,0,US,M
2024,MI,FT,Data Analyst,96800,USD,96800,US,0,US,M
2024,MI,FT,Data Analyst,60600,USD,60600,US,0,US,M
2024,SE,FT,Research Scientist,290180,USD,290180,US,100,US,M
2024,SE,FT,Research Scientist,258524,USD,258524,US,100,US,M
2024,SE,FT,Research Scientist,290180,USD,290180,US,0,US,M
2024,SE,FT,Research Scientist,258524,USD,258524,US,0,US,M
2024,MI,FT,Business Intelligence,204600,USD,204600,US,0,US,M
2024,MI,FT,Business Intelligence,109400,USD,109400,US,0,US,M
2024,SE,FT,Data Scientist,188500,USD,188500,US,0,US,M
2024,SE,FT,Data Scientist,165100,USD,165100,US,0,US,M
2024,MI,FT,Data Analyst,84400,USD,84400,US,100,US,M
2024,MI,FT,Data Analyst,84400,USD,84400,US,100,US,M
2024,SE,FT,Machine Learning Engineer,243500,USD,243500,US,0,US,M
2024,SE,FT,Machine Learning Engineer,201400,USD,201400,US,0,US,M
2024,SE,FT,Machine Learning Engineer,267900,USD,267900,US,0,US,M
2024,SE,FT,Machine Learning Engineer,234700,USD,234700,US,0,US,M
2024,SE,FT,Data Engineer,188500,USD,188500,US,0,US,M
2024,SE,FT,Data Engineer,165100,USD,165100,US,0,US,M
2024,SE,FT,Data Engineer,243500,USD,243500,US,0,US,M
2024,SE,FT,Data Engineer,213400,USD,213400,US,0,US,M
2024,SE,FT,Data Scientist,188500,USD,188500,US,0,US,M
2024,SE,FT,Data Scientist,165100,USD,165100,US,0,US,M
2024,SE,FT,Data Engineer,720000,USD,720000,US,0,US,M
2024,SE,FT,Data Engineer,100000,USD,100000,US,0,US,M
2024,SE,FT,Data Engineer,200000,USD,200000,US,100,US,M
2024,SE,FT,Data Engineer,180000,USD,180000,US,100,US,M
2024,SE,FT,Data Engineer,187000,USD,187000,US,100,US,M
2024,SE,FT,Data Engineer,122400,USD,122400,US,100,US,M
2024,MI,FT,Data Engineer,95000,USD,95000,CA,100,CA,M
2024,MI,FT,Data Engineer,85000,USD,85000,CA,100,CA,M
2024,MI,FT,Data Engineer,80000,USD,80000,US,100,US,M
2024,MI,FT,Data Engineer,75000,USD,75000,US,100,US,M
2024,MI,FT,Data Engineer,80000,USD,80000,US,100,US,M
2024,MI,FT,Data Engineer,75000,USD,75000,US,100,US,M
2024,SE,FT,Data Engineer,259000,USD,259000,US,0,US,M
2024,SE,FT,Data Engineer,204000,USD,204000,US,0,US,M
2024,MI,FT,Data Engineer,85000,EUR,94444,NL,0,NL,M
2024,MI,FT,Data Engineer,52500,EUR,58333,NL,0,NL,M
2024,EN,FT,Data Engineer,115000,USD,115000,US,0,US,M
2024,EN,FT,Data Engineer,78000,USD,78000,US,0,US,M
2024,MI,FT,Data Engineer,45000,GBP,56250,GB,100,GB,M
2024,MI,FT,Data Engineer,38000,GBP,47500,GB,100,GB,M
2024,SE,FT,Data Modeler,140000,USD,140000,US,100,US,M
2024,SE,FT,Data Modeler,130000,USD,130000,US,100,US,M
2024,SE,FT,Research Scientist,258100,USD,258100,US,0,US,M
2024,SE,FT,Research Scientist,151900,USD,151900,US,0,US,M
2024,SE,FT,Machine Learning Engineer,250000,USD,250000,US,0,US,M
2024,SE,FT,Machine Learning Engineer,173400,USD,173400,US,0,US,M
2024,SE,FT,Data Scientist,272290,USD,272290,US,100,US,M
2024,SE,FT,Data Scientist,169400,USD,169400,US,100,US,M
2024,SE,FT,Data Scientist,257600,USD,257600,US,0,US,M
2024,SE,FT,Data Scientist,146000,USD,146000,US,0,US,M
2024,SE,FT,Data Scientist,123300,USD,123300,US,0,US,M
2024,SE,FT,Data Scientist,104800,USD,104800,US,0,US,M
2024,EN,FT,Data Specialist,34000,USD,34000,US,100,US,M
2024,EN,FT,Data Specialist,31000,USD,31000,US,100,US,M
2024,SE,FT,Research Engineer,240000,USD,240000,US,0,US,M
2024,SE,FT,Research Engineer,133000,USD,133000,US,0,US,M
2024,MI,FT,Business Intelligence Developer,89341,USD,89341,US,100,US,M
2024,MI,FT,Business Intelligence Developer,72813,USD,72813,US,100,US,M
2024,EN,FT,Data Analyst,105000,USD,105000,US,0,US,M
2024,EN,FT,Data Analyst,70000,USD,70000,US,0,US,M
2024,EN,FT,Data Analyst,80000,USD,80000,US,0,US,M
2024,EN,FT,Data Analyst,65000,USD,65000,US,0,US,M
2024,EN,FT,Data Analyst,90000,USD,90000,US,100,US,M
2024,EN,FT,Data Analyst,70000,USD,70000,US,100,US,M
2024,MI,FT,Data Operations Associate,80000,USD,80000,US,100,US,M
2024,MI,FT,Data Operations Associate,80000,USD,80000,US,100,US,M
2024,EN,FT,AI Data Scientist,60000,USD,60000,US,100,US,M
2024,MI,FT,Data Analyst,176000,USD,176000,US,0,US,M
2024,MI,FT,Data Analyst,124000,USD,124000,US,0,US,M
2024,MI,FT,Data Analytics Consultant,96938,USD,96938,US,100,US,M
2024,MI,FT,Data Analytics Consultant,59250,USD,59250,US,100,US,M
2024,SE,FT,Applied Scientist,250200,USD,250200,US,0,US,M
2024,SE,FT,Applied Scientist,117200,USD,117200,US,0,US,M
2024,EN,FT,Applied Scientist,208800,USD,208800,US,0,US,M
2024,EN,FT,Applied Scientist,98300,USD,98300,US,0,US,M
2024,SE,FT,Applied Scientist,250200,USD,250200,US,0,US,M
2024,SE,FT,Applied Scientist,117200,USD,117200,US,0,US,M
2024,SE,FT,Applied Scientist,252800,USD,252800,US,0,US,M
2024,SE,FT,Applied Scientist,130800,USD,130800,US,0,US,M
2024,MI,FT,Machine Learning Developer,130000,USD,130000,CA,0,CA,M
2024,MI,FT,Machine Learning Developer,95000,USD,95000,CA,0,CA,M
2024,SE,FT,Machine Learning Engineer,233700,USD,233700,US,0,US,M
2024,SE,FT,Machine Learning Engineer,120900,USD,120900,US,0,US,M
2024,SE,FT,Data Engineer,140000,USD,140000,US,100,US,M
2024,SE,FT,Data Engineer,120000,USD,120000,US,100,US,M
2024,SE,FT,Data Engineer,250200,USD,250200,US,0,US,M
2024,SE,FT,Data Engineer,117200,USD,117200,US,0,US,M
2024,SE,FT,Data Engineer,193200,USD,193200,CA,0,CA,M
2024,SE,FT,Data Engineer,104000,USD,104000,CA,0,CA,M
2024,EX,FT,Data Engineer,160000,USD,160000,US,0,US,M
2024,EX,FT,Data Engineer,100000,USD,100000,US,0,US,M
2024,MI,FT,Data Engineer,252800,USD,252800,US,100,US,M
2024,MI,FT,Data Engineer,130800,USD,130800,US,100,US,M
2024,SE,FT,Data Engineer,197400,USD,197400,US,100,US,M
2024,SE,FT,Data Engineer,105500,USD,105500,US,100,US,M
2024,SE,FT,Research Scientist,251000,USD,251000,US,0,US,M
2024,SE,FT,Research Scientist,177000,USD,177000,US,0,US,M
2024,MI,FT,Research Scientist,138000,USD,138000,US,0,US,M
2024,MI,FT,Research Scientist,86000,USD,86000,US,0,US,M
2024,SE,FT,Data Scientist,242000,USD,242000,US,0,US,M
2024,SE,FT,Data Scientist,173000,USD,173000,US,0,US,M
2024,MI,FT,Data Scientist,196900,USD,196900,US,0,US,M
2024,MI,FT,Data Scientist,175420,USD,175420,US,0,US,M
2024,MI,FT,Data Scientist,116259,USD,116259,AU,0,AU,M
2024,MI,FT,Data Scientist,88995,USD,88995,AU,0,AU,M
2024,SE,FT,Data Scientist,238600,USD,238600,US,0,US,M
2024,SE,FT,Data Scientist,112000,USD,112000,US,0,US,M
2024,SE,FT,Data Scientist,210000,USD,210000,US,0,US,M
2024,SE,FT,Data Scientist,177600,USD,177600,US,0,US,M
2024,MI,FT,Decision Scientist,185000,USD,185000,US,0,US,M
2024,MI,FT,Decision Scientist,133000,USD,133000,US,0,US,M
2024,MI,FT,Data Scientist,202000,USD,202000,US,0,US,M
2024,MI,FT,Data Scientist,115400,USD,115400,US,0,US,M
2024,SE,FT,Data Engineer,166000,USD,166000,US,0,US,M
2024,SE,FT,Data Engineer,82000,USD,82000,US,0,US,M
2024,SE,FT,Data Engineer,198000,USD,198000,US,0,US,M
2024,SE,FT,Data Engineer,94000,USD,94000,US,0,US,M
2024,SE,FT,Data Engineer,182400,USD,182400,US,0,US,M
2024,SE,FT,Data Engineer,136100,USD,136100,US,0,US,M
2024,SE,FT,Data Engineer,200200,USD,200200,US,0,US,M
2024,SE,FT,Data Engineer,149300,USD,149300,US,0,US,M
2024,MI,FT,Research Scientist,96200,USD,96200,US,100,US,M
2024,MI,FT,Research Scientist,69800,USD,69800,US,100,US,M
2024,MI,FT,Applied Scientist,173233,USD,173233,CA,0,CA,M
2024,MI,FT,Applied Scientist,148700,USD,148700,CA,0,CA,M
2024,SE,FT,Data Scientist,145000,USD,145000,US,0,US,M
2024,SE,FT,Data Scientist,104000,USD,104000,US,0,US,M
2024,SE,FT,Data Scientist,130000,USD,130000,US,0,US,M
2024,SE,FT,Data Scientist,104000,USD,104000,US,0,US,M
2024,SE,FT,Data Scientist,368400,USD,368400,US,0,US,M
2024,SE,FT,Data Scientist,331066,USD,331066,US,0,US,M
2024,SE,FT,Data Scientist,227000,USD,227000,US,0,US,M
2024,SE,FT,Data Scientist,198000,USD,198000,US,0,US,M
2024,MI,FT,Data Scientist,158200,USD,158200,US,0,US,M
2024,MI,FT,Data Scientist,65600,USD,65600,US,0,US,M
2024,SE,FT,Data Scientist,234000,USD,234000,US,0,US,M
2024,SE,FT,Data Scientist,117000,USD,117000,US,0,US,M
2024,SE,FT,Business Intelligence Specialist,235000,USD,235000,US,0,US,M
2024,SE,FT,Business Intelligence Specialist,100000,USD,100000,US,0,US,M
2024,EN,FT,Business Intelligence Analyst,100000,USD,100000,US,0,US,M
2024,EN,FT,Business Intelligence Analyst,49300,USD,49300,US,0,US,M
2024,MI,FT,Machine Learning Engineer,174000,USD,174000,US,100,US,M
2024,MI,FT,Machine Learning Engineer,147900,USD,147900,US,100,US,M
2024,SE,FT,Data Analyst,179820,USD,179820,US,0,US,M
2024,SE,FT,Data Analyst,143860,USD,143860,US,0,US,M
2024,SE,FT,Data Analyst,179820,USD,179820,US,0,US,M
2024,SE,FT,Data Analyst,143860,USD,143860,US,0,US,M
2024,SE,FT,Data Analyst,179820,USD,179820,US,0,US,M
2024,SE,FT,Data Analyst,143860,USD,143860,US,0,US,M
2024,MI,FT,Data Analytics Manager,93000,USD,93000,US,0,US,M
2024,MI,FT,Data Analytics Manager,93000,USD,93000,US,0,US,M
2024,EN,FT,Data Analyst,112800,USD,112800,CA,0,CA,M
2024,EN,FT,Data Analyst,75200,USD,75200,CA,0,CA,M
2024,SE,FT,Data Analyst,120000,USD,120000,US,100,US,M
2024,SE,FT,Data Analyst,110000,USD,110000,US,100,US,M
2024,MI,FT,AI Engineer,275000,USD,275000,US,0,US,M
2024,MI,FT,AI Engineer,175000,USD,175000,US,0,US,M
2024,SE,FT,AI Researcher,198000,USD,198000,US,0,US,M
2024,SE,FT,AI Researcher,132000,USD,132000,US,0,US,M
2024,SE,FT,Applied Scientist,260000,USD,260000,US,0,US,L
2024,SE,FT,Applied Scientist,150400,USD,150400,US,0,US,L
2024,SE,FT,BI Developer,110000,USD,110000,US,0,US,M
2024,SE,FT,BI Developer,95000,USD,95000,US,0,US,M
2024,SE,FT,Data Engineer,110000,USD,110000,US,0,US,M
2024,SE,FT,Data Engineer,95000,USD,95000,US,0,US,M
2024,SE,FT,Data Engineer,110000,USD,110000,US,0,US,M
2024,SE,FT,Data Engineer,110000,USD,110000,US,0,US,M
2024,SE,FT,Data Engineer,233000,USD,233000,US,0,US,M
2024,SE,FT,Data Engineer,137000,USD,137000,US,0,US,M
2024,SE,FT,Data Engineer,65000,GBP,81250,GB,0,GB,M
2024,SE,FT,Data Engineer,60000,GBP,75000,GB,0,GB,M
2024,MI,FT,Data Engineer,205600,USD,205600,US,0,US,L
2024,MI,FT,Data Engineer,118900,USD,118900,US,0,US,L
2024,MI,FT,Business Intelligence,84021,USD,84021,CA,0,CA,M
2024,MI,FT,Business Intelligence,69000,USD,69000,CA,0,CA,M
2024,SE,FT,BI Developer,241600,USD,241600,US,0,US,M
2024,SE,FT,BI Developer,109800,USD,109800,US,0,US,M
2024,SE,FT,Machine Learning Modeler,245400,USD,245400,US,100,US,M
2024,SE,FT,Machine Learning Modeler,139000,USD,139000,US,100,US,M
2024,MI,FT,Business Intelligence,115000,USD,115000,US,0,US,M
2024,MI,FT,Business Intelligence,93000,USD,93000,US,0,US,M
2024,EN,FT,Data Analyst,62000,USD,62000,US,100,US,M
2024,EN,FT,Data Analyst,55000,USD,55000,US,100,US,M
2024,SE,FT,Machine Learning Engineer,181600,USD,181600,US,0,US,M
2024,SE,FT,Machine Learning Engineer,125100,USD,125100,US,0,US,M
2024,MI,FT,Research Engineer,203000,USD,203000,US,0,US,M
2024,MI,FT,Research Engineer,133000,USD,133000,US,0,US,M
2024,SE,FT,Research Engineer,235680,USD,235680,US,0,US,M
2024,SE,FT,Research Engineer,153040,USD,153040,US,0,US,M
2024,SE,FT,Research Engineer,440000,USD,440000,US,0,US,M
2024,SE,FT,Research Engineer,295000,USD,295000,US,0,US,M
2024,SE,FT,Research Scientist,260000,USD,260000,US,0,US,M
2024,SE,FT,Research Scientist,192000,USD,192000,US,0,US,M
2024,SE,FT,Research Scientist,260000,USD,260000,US,0,US,M
2024,SE,FT,Research Scientist,192000,USD,192000,US,0,US,M
2024,SE,FT,Research Scientist,260000,USD,260000,US,0,US,M
2024,SE,FT,Research Scientist,192000,USD,192000,US,0,US,M
2024,SE,FT,Research Scientist,225000,USD,225000,US,0,US,M
2024,SE,FT,Research Scientist,166000,USD,166000,US,0,US,M
2024,EX,FT,Head of Data,232000,USD,232000,US,0,US,M
2024,EX,FT,Head of Data,172000,USD,172000,US,0,US,M
2024,SE,FT,Data Scientist,213500,USD,213500,US,0,US,M
2024,SE,FT,Data Scientist,174000,USD,174000,US,0,US,M
2024,SE,FT,Data Scientist,190000,USD,190000,US,0,US,M
2024,SE,FT,Data Scientist,167000,USD,167000,US,0,US,M
2024,SE,FT,Data Scientist,180000,USD,180000,US,100,US,M
2024,SE,FT,Data Scientist,150000,USD,150000,US,100,US,M
2024,MI,FT,Data Scientist,385000,USD,385000,US,0,US,M
2024,MI,FT,Data Scientist,245000,USD,245000,US,0,US,M
2024,MI,FT,Data Scientist,63600,EUR,70666,NL,0,NL,M
2024,MI,FT,Data Scientist,45600,EUR,50666,NL,0,NL,M
2024,SE,FT,Data Scientist,105000,USD,105000,US,0,US,M
2024,SE,FT,Data Scientist,70000,USD,70000,US,0,US,M
2024,SE,FT,Data Scientist,212800,USD,212800,US,0,US,L
2024,SE,FT,Data Scientist,125500,USD,125500,US,0,US,L
2024,MI,FT,Data Scientist,178400,USD,178400,US,0,US,L
2024,MI,FT,Data Scientist,163238,USD,163238,US,0,US,L
2024,SE,FT,Data Scientist,270000,USD,270000,US,0,US,M
2024,SE,FT,Data Scientist,190000,USD,190000,US,0,US,M
2024,SE,FT,Research Scientist,211500,USD,211500,US,0,US,M
2024,SE,FT,Research Scientist,136500,USD,136500,US,0,US,M
2024,MI,FT,AI Engineer,300000,USD,300000,US,0,US,M
2024,MI,FT,AI Engineer,250000,USD,250000,US,0,US,M
2024,SE,FT,Research Analyst,170000,USD,170000,US,0,US,M
2024,SE,FT,Research Analyst,130000,USD,130000,US,0,US,M
2024,SE,FT,Applied Scientist,260000,USD,260000,US,0,US,L
2024,SE,FT,Applied Scientist,150400,USD,150400,US,0,US,L
2024,MI,FT,Data Engineer,180000,USD,180000,US,100,US,M
2024,MI,FT,Data Engineer,150000,USD,150000,US,100,US,M
2024,MI,FT,Applied Scientist,260000,USD,260000,US,0,US,L
2024,MI,FT,Applied Scientist,150400,USD,150400,US,0,US,L
2024,EN,FT,Data Analyst,117363,USD,117363,AU,0,AU,M
2024,EN,FT,Data Analyst,106025,USD,106025,AU,0,AU,M
2024,EN,FT,Data Scientist,110000,USD,110000,US,0,US,M
2024,EN,FT,Data Scientist,110000,USD,110000,US,0,US,M
2024,SE,FT,Data Scientist,206000,USD,206000,US,0,US,M
2024,SE,FT,Data Scientist,106605,USD,106605,US,0,US,M
2024,SE,FT,Data Scientist,206000,USD,206000,US,0,US,M
2024,SE,FT,Data Scientist,97335,USD,97335,US,0,US,M
2024,SE,FT,Data Manager,95000,USD,95000,US,0,US,M
2024,SE,FT,Data Manager,66503,USD,66503,US,0,US,M
2024,EN,FT,Data Engineer,175100,USD,175100,US,0,US,M
2024,EN,FT,Data Engineer,72100,USD,72100,US,0,US,M
2024,MI,FT,Data Engineer,154500,USD,154500,US,0,US,M
2024,MI,FT,Data Engineer,55620,USD,55620,US,0,US,M
2024,SE,FT,Data Architect,114000,USD,114000,GB,0,GB,M
2024,SE,FT,Data Architect,61000,USD,61000,GB,0,GB,M
2024,SE,PT,Data Analyst,39000,GBP,48750,GB,0,GB,M
2024,SE,PT,Data Analyst,35000,GBP,43750,GB,0,GB,M
2024,SE,FT,Business Intelligence,190000,USD,190000,US,0,US,M
2024,SE,FT,Business Intelligence,190000,USD,190000,US,0,US,M
2024,MI,FT,Data Scientist,187000,USD,187000,US,0,US,M
2024,MI,FT,Data Scientist,127000,USD,127000,US,0,US,M
2024,SE,FT,Data Scientist,122900,USD,122900,US,0,US,M
2024,SE,FT,Data Scientist,122900,USD,122900,US,0,US,M
2024,SE,FT,Applied Scientist,200200,USD,200200,US,0,US,M
2024,SE,FT,Applied Scientist,194098,USD,194098,US,0,US,M
2024,SE,FT,Data Engineer,196900,USD,196900,US,0,US,M
2024,SE,FT,Data Engineer,175654,USD,175654,US,0,US,M
2024,SE,FT,ETL Developer,140000,USD,140000,US,0,US,M
2024,SE,FT,ETL Developer,130000,USD,130000,US,0,US,M
2024,SE,FT,Research Engineer,179000,USD,179000,US,0,US,M
2024,SE,FT,Research Engineer,85000,USD,85000,US,0,US,M
2024,MI,FT,Business Intelligence Analyst,126500,USD,126500,US,0,US,M
2024,MI,FT,Business Intelligence Analyst,75650,USD,75650,US,0,US,M
2024,EN,FT,Business Intelligence Analyst,127650,USD,127650,US,0,US,M
2024,EN,FT,Business Intelligence Analyst,94350,USD,94350,US,0,US,M
2024,SE,FT,Business Intelligence Engineer,108500,USD,108500,US,100,US,M
2024,SE,FT,Business Intelligence Engineer,78800,USD,78800,US,100,US,M
2024,MI,FT,Business Intelligence Engineer,172000,USD,172000,US,0,US,M
2024,MI,FT,Business Intelligence Engineer,75600,USD,75600,US,0,US,M
2024,EN,FT,Business Intelligence Analyst,147066,USD,147066,US,100,US,M
2024,EN,FT,Business Intelligence Analyst,133697,USD,133697,US,100,US,M
2024,SE,FT,Data Scientist,220000,USD,220000,US,0,US,M
2024,SE,FT,Data Scientist,96600,USD,96600,US,0,US,M
2024,SE,FT,Data Scientist,172000,USD,172000,US,0,US,M
2024,SE,FT,Data Scientist,75600,USD,75600,US,0,US,M
2024,MI,FT,Data Scientist,220000,USD,220000,US,0,US,M
2024,MI,FT,Data Scientist,96600,USD,96600,US,0,US,M
2024,EN,FT,Data Scientist,172000,USD,172000,US,0,US,M
2024,EN,FT,Data Scientist,75600,USD,75600,US,0,US,M
2024,SE,FT,Data Engineer,204200,USD,204200,US,0,US,M
2024,SE,FT,Data Engineer,122600,USD,122600,US,0,US,M
2024,EN,FT,Research Analyst,123000,USD,123000,US,0,US,M
2024,EN,FT,Research Analyst,54000,USD,54000,US,0,US,M
2024,EN,FT,Research Analyst,83300,USD,83300,US,0,US,M
2024,EN,FT,Research Analyst,47500,USD,47500,US,0,US,M
2024,EN,FT,Research Analyst,68500,USD,68500,US,0,US,M
2024,EN,FT,Research Analyst,39200,USD,39200,US,0,US,M
2024,SE,FT,Machine Learning Engineer,292200,USD,292200,US,0,US,M
2024,SE,FT,Machine Learning Engineer,199000,USD,199000,US,0,US,M
2024,SE,FT,Data Engineer,195000,USD,195000,US,0,US,M
2024,SE,FT,Data Engineer,175000,USD,175000,US,0,US,M
2024,MI,FT,Data Engineer,137000,USD,137000,US,0,US,M
2024,MI,FT,Data Engineer,60300,USD,60300,US,0,US,M
2024,SE,FT,Data Analyst,109800,USD,109800,US,0,US,M
2024,SE,FT,Data Analyst,65000,USD,65000,US,0,US,M
2024,SE,FT,Data Analyst,128000,USD,128000,US,100,US,M
2024,SE,FT,Data Analyst,64000,USD,64000,US,100,US,M
2024,SE,FT,Data Architect,155000,USD,155000,US,0,US,M
2024,SE,FT,Data Architect,120000,USD,120000,US,0,US,M
2024,SE,FT,Data Architect,220000,USD,220000,US,0,US,M
2024,SE,FT,Data Architect,96600,USD,96600,US,0,US,M
2024,MI,FT,Research Engineer,237600,USD,237600,US,0,US,M
2024,MI,FT,Research Engineer,146900,USD,146900,US,0,US,M
2024,MI,FT,Business Intelligence Analyst,149414,USD,149414,US,0,US,M
2024,MI,FT,Business Intelligence Analyst,93384,USD,93384,US,0,US,M
2024,SE,FT,Business Intelligence Analyst,185000,USD,185000,US,100,US,M
2024,SE,FT,Business Intelligence Analyst,115000,USD,115000,US,100,US,M
2024,SE,FT,Data Scientist,185000,USD,185000,US,0,US,M
2024,SE,FT,Data Scientist,100000,USD,100000,US,0,US,M
2024,SE,FT,AI Engineer,1100000,ZAR,58823,ZA,0,ZA,M
2024,SE,FT,AI Engineer,900000,ZAR,48128,ZA,0,ZA,M
2024,SE,FT,Data Management Analyst,172000,USD,172000,US,0,US,M
2024,SE,FT,Data Management Analyst,75600,USD,75600,US,0,US,M
2024,MI,FT,Data Management Manager,193000,USD,193000,US,0,US,M
2024,MI,FT,Data Management Manager,84600,USD,84600,US,0,US,M
2024,MI,FT,Data Management Specialist,123000,USD,123000,US,0,US,M
2024,MI,FT,Data Management Specialist,54000,USD,54000,US,0,US,M
2024,MI,FT,Data Manager,83300,USD,83300,US,0,US,M
2024,MI,FT,Data Manager,47500,USD,47500,US,0,US,M
2024,SE,FT,Research Engineer,234000,USD,234000,US,0,US,M
2024,SE,FT,Research Engineer,146000,USD,146000,US,0,US,M
2024,SE,FT,Data Engineer,147430,USD,147430,US,0,US,M
2024,SE,FT,Data Engineer,88275,USD,88275,US,0,US,M
2024,MI,FT,Data Engineer,173300,USD,173300,US,0,US,M
2024,MI,FT,Data Engineer,95000,USD,95000,US,0,US,M
2024,MI,FT,Data Engineer,137000,USD,137000,US,0,US,M
2024,MI,FT,Data Engineer,60300,USD,60300,US,0,US,M
2024,SE,FT,Data Engineer,220000,USD,220000,US,0,US,M
2024,SE,FT,Data Engineer,96600,USD,96600,US,0,US,M
2024,MI,FT,Data Engineer,172000,USD,172000,US,0,US,M
2024,MI,FT,Data Engineer,75600,USD,75600,US,0,US,M
2024,MI,FT,ETL Engineer,172000,USD,172000,US,0,US,M
2024,MI,FT,ETL Engineer,75600,USD,75600,US,0,US,M
2024,EN,FT,Data Analyst,46974,GBP,58717,GB,0,GB,M
2024,EN,FT,Data Analyst,39347,GBP,49183,GB,0,GB,M
2024,EN,FT,Data Analyst,62000,USD,62000,US,0,US,M
2024,EN,FT,Data Analyst,39000,USD,39000,US,0,US,M
2024,EN,FT,Data Analyst,123625,USD,123625,US,0,US,M
2024,EN,FT,Data Analyst,77265,USD,77265,US,0,US,M
2024,MI,FT,Data Analyst,93000,USD,93000,US,0,US,M
2024,MI,FT,Data Analyst,63000,USD,63000,US,0,US,M
2024,SE,FT,Data Analyst,115000,USD,115000,US,0,US,M
2024,SE,FT,Data Analyst,80000,USD,80000,US,0,US,M
2024,EN,FT,Data Analyst,137000,USD,137000,US,0,US,M
2024,EN,FT,Data Analyst,60400,USD,60400,US,0,US,M
2024,SE,FT,Data Architect,193000,USD,193000,US,0,US,M
2024,SE,FT,Data Architect,84600,USD,84600,US,0,US,M
2024,SE,FT,BI Developer,62242,GBP,77802,GB,0,GB,M
2024,SE,FT,BI Developer,49793,GBP,62241,GB,0,GB,M
2024,SE,FT,Applied Scientist,251600,USD,251600,US,0,US,M
2024,SE,FT,Applied Scientist,120100,USD,120100,US,0,US,M
2024,MI,FT,Data Visualization Engineer,172000,USD,172000,US,0,US,M
2024,MI,FT,Data Visualization Engineer,75600,USD,75600,US,0,US,M
2024,MI,FT,Data Visualization Specialist,137000,USD,137000,US,0,US,M
2024,MI,FT,Data Visualization Specialist,60400,USD,60400,US,0,US,M
2024,MI,FT,Machine Learning Engineer,172000,USD,172000,US,0,US,M
2024,MI,FT,Machine Learning Engineer,75600,USD,75600,US,0,US,M
2024,SE,FT,AI Engineer,285000,USD,285000,US,0,US,M
2024,SE,FT,AI Engineer,125600,USD,125600,US,0,US,M
2024,SE,FT,Data Architect,149925,USD,149925,US,0,US,M
2024,SE,FT,Data Architect,91260,USD,91260,US,0,US,M
2024,SE,FT,Data Scientist,150000,USD,150000,US,0,US,M
2024,SE,FT,Data Scientist,120000,USD,120000,US,0,US,M
2024,MI,FT,Data Scientist,175275,USD,175275,US,0,US,M
2024,MI,FT,Data Scientist,93374,USD,93374,US,0,US,M
2024,EN,FT,Data Scientist,172000,USD,172000,US,0,US,M
2024,EN,FT,Data Scientist,75600,USD,75600,US,0,US,M
2024,MI,FT,Data Scientist,202800,USD,202800,US,0,US,M
2024,MI,FT,Data Scientist,109200,USD,109200,US,0,US,M
2024,MI,FT,Data Scientist,106890,USD,106890,CA,0,CA,M
2024,MI,FT,Data Scientist,88566,USD,88566,CA,0,CA,M
2024,SE,FT,Data Scientist,100000,USD,100000,US,100,US,M
2024,SE,FT,Data Scientist,100000,USD,100000,US,100,US,M
2024,EN,FT,Data Scientist,172000,USD,172000,US,0,US,M
2024,EN,FT,Data Scientist,75600,USD,75600,US,0,US,M
2024,EN,FT,Data Scientist,172000,USD,172000,US,0,US,M
2024,EN,FT,Data Scientist,75600,USD,75600,US,0,US,M
2024,MI,FT,Research Engineer,159850,USD,159850,US,0,US,M
2024,MI,FT,Research Engineer,79900,USD,79900,US,0,US,M
2024,SE,FT,Data Specialist,139200,USD,139200,US,0,US,M
2024,SE,FT,Data Specialist,87100,USD,87100,US,0,US,M
2024,MI,FT,Data Specialist,82800,USD,82800,US,0,US,M
2024,MI,FT,Data Specialist,61200,USD,61200,US,0,US,M
2024,SE,FT,Business Intelligence,144300,USD,144300,US,100,US,M
2024,SE,FT,Business Intelligence,104800,USD,104800,US,100,US,M
2024,SE,FT,Business Intelligence Analyst,112200,USD,112200,US,0,US,M
2024,SE,FT,Business Intelligence Analyst,88400,USD,88400,US,0,US,M
2024,SE,FT,Data Scientist,229300,USD,229300,US,0,US,M
2024,SE,FT,Data Scientist,127300,USD,127300,US,0,US,M
2024,SE,FT,Research Scientist,96643,USD,96643,CA,0,CA,M
2024,SE,FT,Research Scientist,51543,USD,51543,CA,0,CA,M
2024,SE,FT,Data Scientist,227900,USD,227900,US,0,US,M
2024,SE,FT,Data Scientist,126600,USD,126600,US,0,US,M
2024,MI,FT,Machine Learning Engineer,137930,USD,137930,CA,0,CA,M
2024,MI,FT,Machine Learning Engineer,74270,USD,74270,CA,0,CA,M
2024,MI,FT,Data Scientist,279400,USD,279400,US,0,US,M
2024,MI,FT,Data Scientist,250553,USD,250553,US,0,US,M
2024,SE,FT,Data Scientist,211000,USD,211000,US,0,US,M
2024,SE,FT,Data Scientist,142000,USD,142000,US,0,US,M
2024,MI,FT,Data Scientist,174600,USD,174600,US,0,US,M
2024,MI,FT,Data Scientist,81900,USD,81900,US,0,US,M
2024,EN,FT,Data Scientist,206800,USD,206800,US,0,US,L
2024,EN,FT,Data Scientist,97500,USD,97500,US,0,US,L
2024,MI,FT,Business Intelligence Engineer,174000,USD,174000,US,0,US,M
2024,MI,FT,Business Intelligence Engineer,132000,USD,132000,US,0,US,M
2024,MI,FT,Business Intelligence Engineer,174000,USD,174000,US,0,US,M
2024,MI,FT,Business Intelligence Engineer,132000,USD,132000,US,0,US,M
2024,SE,FT,Business Intelligence Engineer,185000,USD,185000,US,0,US,L
2024,SE,FT,Business Intelligence Engineer,89600,USD,89600,US,0,US,L
2024,MI,FT,Analytics Engineer,720000,USD,720000,US,0,US,M
2024,MI,FT,Analytics Engineer,170000,USD,170000,US,0,US,M
2024,MI,FT,Research Scientist,240240,USD,240240,US,0,US,M
2024,MI,FT,Research Scientist,221596,USD,221596,US,0,US,M
2024,SE,FT,Research Scientist,250200,USD,250200,US,0,US,M
2024,SE,FT,Research Scientist,117200,USD,117200,US,0,US,M
2024,EN,FT,Data Analyst,140000,USD,140000,US,100,US,M
2024,EN,FT,Data Analyst,115000,USD,115000,US,100,US,M
2024,SE,FT,Machine Learning Engineer,232000,USD,232000,US,100,US,M
2024,SE,FT,Machine Learning Engineer,208000,USD,208000,US,100,US,M
2024,EX,FT,Machine Learning Engineer,200000,USD,200000,CA,0,CA,M
2024,EX,FT,Machine Learning Engineer,160000,USD,160000,CA,0,CA,M
2024,SE,FT,Machine Learning Engineer,250200,USD,250200,US,0,US,M
2024,SE,FT,Machine Learning Engineer,117200,USD,117200,US,0,US,M
2024,SE,FT,Data Architect,170000,USD,170000,US,0,US,M
2024,SE,FT,Data Architect,150000,USD,150000,US,0,US,M
2024,SE,FT,Data Manager,127000,USD,127000,US,0,US,M
2024,SE,FT,Data Manager,85000,USD,85000,US,0,US,M
2024,SE,FT,Data Analyst,120000,USD,120000,US,100,US,M
2024,SE,FT,Data Analyst,100000,USD,100000,US,100,US,M
2024,MI,FT,Data Analyst,164000,USD,164000,US,100,US,M
2024,MI,FT,Data Analyst,101000,USD,101000,US,100,US,M
2024,SE,FT,Data Analyst,207300,USD,207300,US,100,US,M
2024,SE,FT,Data Analyst,133300,USD,133300,US,100,US,M
2024,MI,FT,Data Analyst,155000,USD,155000,US,100,US,M
2024,MI,FT,Data Analyst,140000,USD,140000,US,100,US,M
2024,SE,FT,Data Analytics Lead,150000,USD,150000,US,100,US,M
2024,SE,FT,Data Analytics Lead,105000,USD,105000,US,100,US,M
2024,EN,FT,Data Analyst,70000,USD,70000,US,100,US,M
2024,EN,FT,Data Analyst,60000,USD,60000,US,100,US,M
2024,SE,FT,Applied Scientist,199700,USD,199700,CA,0,CA,M
2024,SE,FT,Applied Scientist,108100,USD,108100,CA,0,CA,M
2024,SE,FT,Data Engineer,259000,USD,259000,US,100,US,M
2024,SE,FT,Data Engineer,204000,USD,204000,US,100,US,M
2024,MI,FT,Data Engineer,120000,USD,120000,US,0,US,M
2024,MI,FT,Data Engineer,80000,USD,80000,US,0,US,M
2024,MI,FT,Research Analyst,78000,USD,78000,US,100,US,M
2024,MI,FT,Research Analyst,52000,USD,52000,US,100,US,M
2024,MI,FT,Data Scientist,149800,USD,149800,US,0,US,M
2024,MI,FT,Data Scientist,70800,USD,70800,US,0,US,M
2024,SE,FT,Data Scientist,220000,USD,220000,US,0,US,M
2024,SE,FT,Data Scientist,137500,USD,137500,US,0,US,M
2024,SE,FT,Data Scientist,144300,USD,144300,US,100,US,M
2024,SE,FT,Data Scientist,104800,USD,104800,US,100,US,M
2024,SE,FT,Research Analyst,175000,USD,175000,US,0,US,M
2024,SE,FT,Research Analyst,130000,USD,130000,US,0,US,M
2024,SE,FT,Data Engineer,186000,USD,186000,US,0,US,M
2024,SE,FT,Data Engineer,100000,USD,100000,US,0,US,M
2024,MI,FT,Data Engineer,90000,USD,90000,US,0,US,M
2024,MI,FT,Data Engineer,50000,USD,50000,US,0,US,M
2024,MI,FT,Data Engineer,128000,USD,128000,US,0,US,M
2024,MI,FT,Data Engineer,81500,USD,81500,US,0,US,M
2024,MI,FT,Data Engineer,117000,USD,117000,US,0,US,M
2024,MI,FT,Data Engineer,81500,USD,81500,US,0,US,M
2024,MI,FT,Data Engineer,111500,USD,111500,US,0,US,M
2024,MI,FT,Data Engineer,81500,USD,81500,US,0,US,M
2024,SE,FT,Data Engineer,275000,USD,275000,US,0,US,M
2024,SE,FT,Data Engineer,225000,USD,225000,US,0,US,M
2024,SE,FT,Data Analyst,193000,USD,193000,US,0,US,M
2024,SE,FT,Data Analyst,84600,USD,84600,US,0,US,M
2024,EN,FT,Business Intelligence Analyst,134100,USD,134100,US,0,US,M
2024,EN,FT,Business Intelligence Analyst,59700,USD,59700,US,0,US,M
2024,SE,FT,Data Scientist,151200,USD,151200,CA,0,CA,M
2024,SE,FT,Data Scientist,81600,USD,81600,CA,0,CA,M
2024,SE,FT,Data Scientist,267900,USD,267900,US,0,US,M
2024,SE,FT,Data Scientist,234700,USD,234700,US,0,US,M
2024,SE,FT,Data Scientist,229300,USD,229300,US,0,US,M
2024,SE,FT,Data Scientist,127300,USD,127300,US,0,US,M
2024,MI,FT,Data Strategist,185000,USD,185000,US,100,US,M
2024,MI,FT,Data Strategist,150000,USD,150000,US,100,US,M
2024,MI,FT,Data Specialist,124800,USD,124800,US,0,US,M
2024,MI,FT,Data Specialist,74900,USD,74900,US,0,US,M
2024,SE,FT,Data Engineer,60000,GBP,75000,GB,0,GB,M
2024,SE,FT,Data Engineer,50000,GBP,62500,GB,0,GB,M
2024,MI,FT,Data Engineer,150000,USD,150000,US,0,US,M
2024,MI,FT,Data Engineer,130000,USD,130000,US,0,US,M
2024,SE,FT,Analytics Engineer,193000,USD,193000,US,0,US,M
2024,SE,FT,Analytics Engineer,164050,USD,164050,US,0,US,M
2024,MI,FT,Analytics Engineer,176000,USD,176000,US,100,US,M
2024,MI,FT,Analytics Engineer,117000,USD,117000,US,100,US,M
2024,MI,FT,Machine Learning Engineer,256500,USD,256500,US,0,US,M
2024,MI,FT,Machine Learning Engineer,170700,USD,170700,US,0,US,M
2024,SE,FT,Business Intelligence Engineer,156476,USD,156476,US,100,US,M
2024,SE,FT,Business Intelligence Engineer,104981,USD,104981,US,100,US,M
2024,SE,FT,Business Intelligence Engineer,250200,USD,250200,US,0,US,M
2024,SE,FT,Business Intelligence Engineer,117200,USD,117200,US,0,US,M
2024,MI,FT,Research Engineer,340000,USD,340000,US,0,US,M
2024,MI,FT,Research Engineer,295000,USD,295000,US,0,US,M
2024,SE,FT,Business Intelligence Analyst,163000,USD,163000,US,100,US,M
2024,SE,FT,Business Intelligence Analyst,135000,USD,135000,US,100,US,M
2024,SE,FT,Data Engineer,110000,USD,110000,US,0,US,M
2024,SE,FT,Data Engineer,76500,USD,76500,US,0,US,M
2024,MI,FT,Data Scientist,196900,USD,196900,US,0,US,M
2024,MI,FT,Data Scientist,184216,USD,184216,US,0,US,M
2024,SE,FT,Data Scientist,266000,USD,266000,US,0,US,M
2024,SE,FT,Data Scientist,177000,USD,177000,US,0,US,M
2024,SE,FT,Data Scientist,145000,USD,145000,US,0,US,M
2024,SE,FT,Data Scientist,145000,USD,145000,US,0,US,M
2024,SE,FT,Data Scientist,158400,USD,158400,US,100,US,M
2024,SE,FT,Data Scientist,105000,USD,105000,US,100,US,M
2024,MI,FT,Data Scientist,106700,USD,106700,US,0,US,M
2024,MI,FT,Data Scientist,106700,USD,106700,US,0,US,M
2024,SE,FT,Data Scientist,250200,USD,250200,US,0,US,M
2024,SE,FT,Data Scientist,117200,USD,117200,US,0,US,M
2024,MI,FT,Data Engineer,279400,USD,279400,US,0,US,M
2024,MI,FT,Data Engineer,248920,USD,248920,US,0,US,M
2024,EX,FT,Data Engineer,314000,USD,314000,US,0,US,M
2024,EX,FT,Data Engineer,253000,USD,253000,US,0,US,M
2024,MI,FT,Data Engineer,196900,USD,196900,US,0,US,M
2024,MI,FT,Data Engineer,185586,USD,185586,US,0,US,M
2024,SE,FT,Data Engineer,304000,USD,304000,US,100,US,M
2024,SE,FT,Data Engineer,244000,USD,244000,US,100,US,M
2024,SE,FT,Data Engineer,180000,USD,180000,US,0,US,M
2024,SE,FT,Data Engineer,140000,USD,140000,US,0,US,M
2024,SE,FT,Data Engineer,209000,USD,209000,US,100,US,M
2024,SE,FT,Data Engineer,145000,USD,145000,US,100,US,M
2024,SE,FT,Data Engineer,167500,USD,167500,US,0,US,M
2024,SE,FT,Data Engineer,106500,USD,106500,US,0,US,M
2024,SE,FT,Data Engineer,128000,USD,128000,US,0,US,M
2024,SE,FT,Data Engineer,81500,USD,81500,US,0,US,M
2024,MI,FT,Data Engineer,208800,USD,208800,US,0,US,M
2024,MI,FT,Data Engineer,98300,USD,98300,US,0,US,M
2024,MI,FT,Data Engineer,100000,GBP,125000,GB,0,GB,M
2024,MI,FT,Data Engineer,85000,GBP,106250,GB,0,GB,M
2024,MI,FT,Data Engineer,205600,USD,205600,US,0,US,L
2024,MI,FT,Data Engineer,118900,USD,118900,US,0,US,L
2024,SE,FT,Data Analyst,174400,USD,174400,US,100,US,M
2024,SE,FT,Data Analyst,116300,USD,116300,US,100,US,M
2024,SE,FT,Data Analyst,268400,USD,268400,US,100,US,M
2024,SE,FT,Data Analyst,179000,USD,179000,US,100,US,M
2024,SE,FT,Data Analytics Manager,180400,USD,180400,US,0,US,M
2024,SE,FT,Data Analytics Manager,138800,USD,138800,US,0,US,M
2024,SE,FT,Data Analyst,207000,USD,207000,US,0,US,M
2024,SE,FT,Data Analyst,153000,USD,153000,US,0,US,M
2024,MI,FT,Data Analyst,70000,USD,70000,US,100,US,M
2024,MI,FT,Data Analyst,51000,USD,51000,US,100,US,M
2024,EN,FT,Data Analyst,97500,USD,97500,US,0,US,M
2024,EN,FT,Data Analyst,80000,USD,80000,US,0,US,M
2024,EN,FT,Data Analyst,97500,USD,97500,US,0,US,M
2024,EN,FT,Data Analyst,80000,USD,80000,US,0,US,M
2024,SE,FT,Machine Learning Engineer,200200,USD,200200,US,0,US,M
2024,SE,FT,Machine Learning Engineer,186248,USD,186248,US,0,US,M
2024,MI,FT,Machine Learning Quality Engineer,188400,USD,188400,US,0,US,M
2024,MI,FT,Machine Learning Quality Engineer,121600,USD,121600,US,0,US,M
2024,SE,FT,Machine Learning Engineer,304000,USD,304000,US,100,US,M
2024,SE,FT,Machine Learning Engineer,244000,USD,244000,US,100,US,M
2024,SE,FT,Machine Learning Engineer,220000,USD,220000,US,100,US,M
2024,SE,FT,Machine Learning Engineer,183000,USD,183000,US,100,US,M
2024,SE,FT,Machine Learning Engineer,157476,USD,157476,US,100,US,M
2024,SE,FT,Machine Learning Engineer,104981,USD,104981,US,100,US,M
2024,MI,FT,Machine Learning Engineer,150000,USD,150000,US,0,US,M
2024,MI,FT,Machine Learning Engineer,130000,USD,130000,US,0,US,M
2024,MI,FT,Machine Learning Engineer,135000,USD,135000,US,0,US,M
2024,MI,FT,Machine Learning Engineer,95000,USD,95000,US,0,US,M
2024,SE,FT,Research Scientist,200200,USD,200200,US,0,US,M
2024,SE,FT,Research Scientist,183523,USD,183523,US,0,US,M
2024,SE,FT,Research Scientist,337000,USD,337000,US,0,US,M
2024,SE,FT,Research Scientist,237000,USD,237000,US,0,US,M
2024,SE,FT,Research Scientist,200000,USD,200000,US,0,US,M
2024,SE,FT,Research Scientist,136000,USD,136000,US,0,US,M
2024,SE,FT,Research Scientist,294700,USD,294700,US,0,US,L
2024,SE,FT,Research Scientist,170500,USD,170500,US,0,US,L
2024,SE,FT,Research Scientist,145000,USD,145000,US,0,US,M
2024,SE,FT,Research Scientist,103000,USD,103000,US,0,US,M
2024,SE,FT,Data Architect,200000,USD,200000,US,0,US,M
2024,SE,FT,Data Architect,147000,USD,147000,US,0,US,M
2024,SE,FT,Data Architect,150000,USD,150000,US,100,US,M
2024,SE,FT,Data Architect,100000,USD,100000,US,100,US,M
2024,SE,FT,Data Architect,193000,USD,193000,US,0,US,M
2024,SE,FT,Data Architect,84600,USD,84600,US,0,US,M
2024,MI,FT,Machine Learning Engineer,172000,USD,172000,US,0,US,M
2024,MI,FT,Machine Learning Engineer,75600,USD,75600,US,0,US,M
2024,MI,FT,Data Scientist,138000,USD,138000,US,0,US,M
2024,MI,FT,Data Scientist,86000,USD,86000,US,0,US,M
2024,MI,FT,Data Scientist,199700,USD,199700,US,0,US,M
2024,MI,FT,Data Scientist,70800,USD,70800,US,0,US,M
2024,SE,FT,Data Scientist,132300,USD,132300,US,0,US,M
2024,SE,FT,Data Scientist,70600,USD,70600,US,0,US,M
2024,SE,FT,Data Scientist,220000,USD,220000,US,0,US,M
2024,SE,FT,Data Scientist,96600,USD,96600,US,0,US,M
2024,SE,FT,Data Scientist,173900,USD,173900,US,0,US,M
2024,SE,FT,Data Scientist,71000,USD,71000,US,0,US,M
2024,MI,FT,Data Scientist,172000,USD,172000,US,0,US,M
2024,MI,FT,Data Scientist,75600,USD,75600,US,0,US,M
2024,EN,FT,Data Scientist,223500,USD,223500,US,0,US,M
2024,EN,FT,Data Scientist,109100,USD,109100,US,0,US,M
2024,MI,FT,Data Scientist,172000,USD,172000,US,0,US,M
2024,MI,FT,Data Scientist,75600,USD,75600,US,0,US,M
2024,SE,FT,Research Analyst,180000,USD,180000,US,0,US,M
2024,SE,FT,Research Analyst,140000,USD,140000,US,0,US,M
2024,EN,FT,Research Analyst,80000,USD,80000,US,0,US,M
2024,EN,FT,Research Analyst,60000,USD,60000,US,0,US,M
2024,EN,FT,Research Analyst,137000,USD,137000,US,0,US,M
2024,EN,FT,Research Analyst,60400,USD,60400,US,0,US,M
2024,EN,FT,Business Intelligence Developer,137000,USD,137000,US,0,US,M
2024,EN,FT,Business Intelligence Developer,60400,USD,60400,US,0,US,M
2024,SE,FT,AI Engineer,200000,USD,200000,US,100,US,M
2024,SE,FT,AI Engineer,160000,USD,160000,US,100,US,M
2024,MI,FT,Data Quality Engineer,137000,USD,137000,US,0,US,M
2024,MI,FT,Data Quality Engineer,60400,USD,60400,US,0,US,M
2024,SE,FT,Research Engineer,179000,USD,179000,US,0,US,M
2024,SE,FT,Research Engineer,112000,USD,112000,US,0,US,M
2024,SE,FT,Data Product Manager,170400,USD,170400,US,0,US,M
2024,SE,FT,Data Product Manager,123800,USD,123800,US,0,US,M
2024,SE,FT,Data Engineer,186000,USD,186000,US,0,US,M
2024,SE,FT,Data Engineer,100000,USD,100000,US,0,US,M
2024,SE,FT,Data Engineer,186000,USD,186000,US,0,US,M
2024,SE,FT,Data Engineer,100000,USD,100000,US,0,US,M
2024,SE,FT,Data Engineer,186000,USD,186000,US,0,US,M
2024,SE,FT,Data Engineer,100000,USD,100000,US,0,US,M
2024,SE,FT,Data Engineer,186000,USD,186000,US,0,US,M
2024,SE,FT,Data Engineer,100000,USD,100000,US,0,US,M
2024,MI,FT,Data Engineer,121586,USD,121586,US,0,US,M
2024,MI,FT,Data Engineer,76115,USD,76115,US,0,US,M
2024,SE,FT,Data Engineer,172000,USD,172000,US,0,US,M
2024,SE,FT,Data Engineer,75600,USD,75600,US,0,US,M
2024,SE,FT,Data Engineer,275000,USD,275000,US,0,US,M
2024,SE,FT,Data Engineer,225000,USD,225000,US,0,US,M
2024,MI,FT,Data Analyst,137000,USD,137000,US,0,US,M
2024,MI,FT,Data Analyst,60300,USD,60300,US,0,US,M
2024,EN,FT,Data Analyst,123000,USD,123000,US,0,US,M
2024,EN,FT,Data Analyst,54000,USD,54000,US,0,US,M
2024,SE,FT,Principal Statistical Programmer,218000,USD,218000,US,0,US,M
2024,SE,FT,Principal Statistical Programmer,106200,USD,106200,US,0,US,M
2024,SE,FT,Data Scientist,60000,GBP,75000,GB,0,GB,M
2024,SE,FT,Data Scientist,60000,GBP,75000,GB,0,GB,M
2024,SE,FT,Data Engineer,288400,USD,288400,US,0,US,M
2024,SE,FT,Data Engineer,144200,USD,144200,US,0,US,M
2024,SE,FT,Data Engineer,156200,USD,156200,US,0,US,M
2024,SE,FT,Data Engineer,82400,USD,82400,US,0,US,M
2024,MI,FT,Data Engineer,147400,USD,147400,US,100,US,M
2024,MI,FT,Data Engineer,60900,USD,60900,US,100,US,M
2024,EN,FT,Data Engineer,53100,USD,53100,US,100,US,M
2024,EN,FT,Data Engineer,31900,USD,31900,US,100,US,M
2024,SE,FT,BI Developer,60000,GBP,75000,GB,0,GB,M
2024,SE,FT,BI Developer,40000,GBP,50000,GB,0,GB,M
2024,SE,FT,Machine Learning Modeler,245400,USD,245400,US,0,US,M
2024,SE,FT,Machine Learning Modeler,139000,USD,139000,US,0,US,M
2024,SE,FT,Business Intelligence Analyst,166363,USD,166363,US,0,US,M
2024,SE,FT,Business Intelligence Analyst,103977,USD,103977,US,0,US,M
2024,MI,FT,Business Intelligence Analyst,110679,USD,110679,US,0,US,M
2024,MI,FT,Business Intelligence Analyst,73786,USD,73786,US,0,US,M
2024,SE,FT,Data Analyst,125000,USD,125000,US,0,US,M
2024,SE,FT,Data Analyst,110000,USD,110000,US,0,US,M
2024,SE,FT,Data Scientist,177500,USD,177500,US,100,US,M
2024,SE,FT,Data Scientist,117500,USD,117500,US,100,US,M
2024,SE,FT,Data Scientist,297000,USD,297000,US,0,US,M
2024,SE,FT,Data Scientist,138000,USD,138000,US,0,US,M
2024,SE,FT,Data Scientist,90000,GBP,112500,GB,0,GB,M
2024,SE,FT,Data Scientist,70000,GBP,87500,GB,0,GB,M
2024,MI,FT,Data Scientist,90000,GBP,112500,GB,0,GB,M
2024,MI,FT,Data Scientist,70000,GBP,87500,GB,0,GB,M
2024,SE,FT,Data Scientist,195000,USD,195000,US,100,US,M
2024,SE,FT,Data Scientist,147500,USD,147500,US,100,US,M
2024,SE,FT,Data Scientist,195000,USD,195000,US,100,US,M
2024,SE,FT,Data Scientist,147500,USD,147500,US,100,US,M
2024,SE,FT,Data Scientist,195000,USD,195000,US,100,US,M
2024,SE,FT,Data Scientist,147500,USD,147500,US,100,US,M
2024,SE,FT,Data Scientist,195000,USD,195000,US,100,US,M
2024,SE,FT,Data Scientist,147500,USD,147500,US,100,US,M
2024,SE,FT,Data Scientist,195000,USD,195000,US,100,US,M
2024,SE,FT,Data Scientist,147500,USD,147500,US,100,US,M
2024,SE,FT,Data Scientist,195000,USD,195000,US,100,US,M
2024,SE,FT,Data Scientist,147500,USD,147500,US,100,US,M
2024,SE,FT,Data Scientist,195000,USD,195000,US,100,US,M
2024,SE,FT,Data Scientist,147500,USD,147500,US,100,US,M
2024,SE,FT,Data Scientist,195000,USD,195000,US,100,US,M
2024,SE,FT,Data Scientist,147500,USD,147500,US,100,US,M
2024,SE,FT,Data Scientist,195000,USD,195000,US,100,US,M
2024,SE,FT,Data Scientist,147500,USD,147500,US,100,US,M
2024,SE,FT,Data Scientist,195000,USD,195000,US,100,US,M
2024,SE,FT,Data Scientist,147500,USD,147500,US,100,US,M
2024,SE,FT,Data Scientist,195000,USD,195000,US,100,US,M
2024,SE,FT,Data Scientist,147500,USD,147500,US,100,US,M
2024,SE,FT,Data Scientist,195000,USD,195000,US,100,US,M
2024,SE,FT,Data Scientist,147500,USD,147500,US,100,US,M
2024,MI,FT,Data Scientist,212800,USD,212800,US,0,US,L
2024,MI,FT,Data Scientist,125500,USD,125500,US,0,US,L
2024,SE,FT,Data Scientist,247600,USD,247600,US,0,US,L
2024,SE,FT,Data Scientist,143300,USD,143300,US,0,US,L
2024,SE,FT,Data Engineer,200000,USD,200000,US,0,US,M
2024,SE,FT,Data Engineer,147000,USD,147000,US,0,US,M
2024,MI,FT,Data Engineer,117000,USD,117000,US,0,US,M
2024,MI,FT,Data Engineer,81500,USD,81500,US,0,US,M
2024,MI,FT,Data Engineer,90000,USD,90000,US,0,US,M
2024,MI,FT,Data Engineer,70000,USD,70000,US,0,US,M
2024,MI,FT,Data Engineer,207000,USD,207000,CA,0,CA,M
2024,MI,FT,Data Engineer,138000,USD,138000,CA,0,CA,M
2024,MI,FT,Data Engineer,205600,USD,205600,US,0,US,L
2024,MI,FT,Data Engineer,118900,USD,118900,US,0,US,L
2024,SE,FT,Research Scientist,241500,USD,241500,US,0,US,M
2024,SE,FT,Research Scientist,132300,USD,132300,US,0,US,M
2024,MI,FT,Data Analyst,223043,USD,223043,US,0,US,M
2024,MI,FT,Data Analyst,214464,USD,214464,US,0,US,M
2024,EN,FT,Data Analyst,97500,USD,97500,US,0,US,M
2024,EN,FT,Data Analyst,80000,USD,80000,US,0,US,M
2024,SE,FT,Data Analyst,155000,USD,155000,IE,0,IE,M
2024,SE,FT,Data Analyst,105000,USD,105000,IE,0,IE,M
2024,SE,FT,Data Analyst,155000,USD,155000,GB,0,GB,M
2024,SE,FT,Data Analyst,105000,USD,105000,GB,0,GB,M
2024,SE,FT,Data Analyst,155000,USD,155000,TR,0,TR,M
2024,SE,FT,Data Analyst,105000,USD,105000,TR,0,TR,M
2024,SE,FT,Data Analyst,155000,USD,155000,IL,0,IL,M
2024,SE,FT,Data Analyst,105000,USD,105000,IL,0,IL,M
2024,SE,FT,Data Analyst,155000,USD,155000,IN,0,IN,M
2024,SE,FT,Data Analyst,105000,USD,105000,IN,0,IN,M
2024,SE,FT,Data Analyst,155000,USD,155000,FI,0,FI,M
2024,SE,FT,Data Analyst,105000,USD,105000,FI,0,FI,M
2024,EN,FT,Data Analyst,110000,USD,110000,US,0,US,M
2024,EN,FT,Data Analyst,110000,USD,110000,US,0,US,M
2024,MI,FT,Data Analyst,110000,USD,110000,US,0,US,M
2024,MI,FT,Data Analyst,78000,USD,78000,US,0,US,M
2024,EN,FT,Data Analyst,110000,USD,110000,US,0,US,M
2024,EN,FT,Data Analyst,85000,USD,85000,US,0,US,M
2024,SE,FT,Data Analyst,185000,USD,185000,US,0,US,L
2024,SE,FT,Data Analyst,106400,USD,106400,US,0,US,L
2024,SE,FT,Applied Scientist,251600,USD,251600,US,0,US,M
2024,SE,FT,Applied Scientist,120100,USD,120100,US,0,US,M
2024,SE,FT,Machine Learning Engineer,220800,USD,220800,US,0,US,M
2024,SE,FT,Machine Learning Engineer,124800,USD,124800,US,0,US,M
2024,EN,FT,Business Intelligence Analyst,208800,USD,208800,US,0,US,M
2024,EN,FT,Business Intelligence Analyst,98300,USD,98300,US,0,US,M
2024,SE,FT,Business Intelligence Lead,202800,USD,202800,US,0,US,L
2024,SE,FT,Business Intelligence Lead,117300,USD,117300,US,0,US,L
2024,SE,FT,Machine Learning Engineer,297000,USD,297000,US,0,US,M
2024,SE,FT,Machine Learning Engineer,138000,USD,138000,US,0,US,M
2024,SE,FT,Machine Learning Engineer,324000,USD,324000,US,0,US,M
2024,SE,FT,Machine Learning Engineer,159000,USD,159000,US,0,US,M
2024,SE,FT,Machine Learning Engineer,237000,USD,237000,US,0,US,M
2024,SE,FT,Machine Learning Engineer,161200,USD,161200,US,0,US,M
2024,SE,FT,Applied Scientist,251600,USD,251600,US,0,US,M
2024,SE,FT,Applied Scientist,120100,USD,120100,US,0,US,M
2024,SE,FT,Applied Scientist,212800,USD,212800,US,0,US,L
2024,SE,FT,Applied Scientist,129400,USD,129400,US,0,US,L
2024,SE,FT,Data Scientist,231400,USD,231400,US,0,US,M
2024,SE,FT,Data Scientist,186846,USD,186846,US,0,US,M
2024,SE,FT,Data Scientist,230000,USD,230000,US,0,US,M
2024,SE,FT,Data Scientist,135000,USD,135000,US,0,US,M
2024,SE,FT,Data Scientist,230000,USD,230000,US,0,US,M
2024,SE,FT,Data Scientist,135000,USD,135000,US,0,US,M
2024,SE,FT,Data Scientist,230000,USD,230000,US,0,US,M
2024,SE,FT,Data Scientist,135000,USD,135000,US,0,US,M
2024,SE,FT,Data Scientist,230000,USD,230000,US,0,US,M
2024,SE,FT,Data Scientist,135000,USD,135000,US,0,US,M
2024,MI,FT,Data Scientist,202800,USD,202800,US,0,US,M
2024,MI,FT,Data Scientist,109200,USD,109200,US,0,US,M
2024,EN,FT,Business Intelligence,82898,USD,82898,US,0,US,M
2024,EN,FT,Business Intelligence,73424,USD,73424,US,0,US,M
2024,EN,FT,Business Intelligence Engineer,74100,USD,74100,US,0,US,M
2024,EN,FT,Business Intelligence Engineer,53700,USD,53700,US,0,US,M
2024,EN,FT,Data Analyst,137000,USD,137000,US,0,US,M
2024,EN,FT,Data Analyst,60300,USD,60300,US,0,US,M
2024,SE,FT,Data Engineer,115000,USD,115000,US,0,US,M
2024,SE,FT,Data Engineer,80000,USD,80000,US,0,US,M
2024,SE,FT,Research Scientist,234000,USD,234000,US,0,US,M
2024,SE,FT,Research Scientist,146000,USD,146000,US,0,US,M
2024,SE,FT,Research Scientist,200000,USD,200000,US,0,US,M
2024,SE,FT,Research Scientist,96000,USD,96000,US,0,US,M
2024,SE,FT,Research Scientist,246000,USD,246000,US,0,US,M
2024,SE,FT,Research Scientist,118000,USD,118000,US,0,US,M
2024,MI,FT,Data Product Owner,85508,GBP,106885,US,0,US,M
2024,MI,FT,Data Product Owner,55000,GBP,68750,US,0,US,M
2024,EX,FT,Head of Data,252500,USD,252500,US,0,US,M
2024,EX,FT,Head of Data,151500,USD,151500,US,0,US,M
2024,SE,FT,Business Intelligence Analyst,109700,USD,109700,US,0,US,M
2024,SE,FT,Business Intelligence Analyst,97300,USD,97300,US,0,US,M
2024,SE,FT,Data Scientist,338000,USD,338000,US,0,US,M
2024,SE,FT,Data Scientist,169000,USD,169000,US,0,US,M
2024,SE,FT,Data Scientist,223000,USD,223000,US,100,US,M
2024,SE,FT,Data Scientist,134000,USD,134000,US,100,US,M
2024,MI,FT,Data Manager,77000,USD,77000,US,0,US,M
2024,MI,FT,Data Manager,49000,USD,49000,US,0,US,M
2024,MI,FT,Data Engineer,60000,GBP,75000,GB,0,GB,M
2024,MI,FT,Data Engineer,40000,GBP,50000,GB,0,GB,M
2024,SE,FT,Data Engineer,175888,USD,175888,US,0,US,M
2024,SE,FT,Data Engineer,125634,USD,125634,US,0,US,M
2024,SE,FT,Data Engineer,184920,USD,184920,US,0,US,M
2024,SE,FT,Data Engineer,149469,USD,149469,US,0,US,M
2024,SE,FT,Data Engineer,149750,USD,149750,US,100,US,M
2024,SE,FT,Data Engineer,84500,USD,84500,US,100,US,M
2024,SE,FT,Data Analyst,121000,USD,121000,US,0,US,M
2024,SE,FT,Data Analyst,103000,USD,103000,US,0,US,M
2024,SE,FT,Data Analyst,159000,USD,159000,US,0,US,M
2024,SE,FT,Data Analyst,92000,USD,92000,US,0,US,M
2024,SE,FT,Research Engineer,200000,USD,200000,US,0,US,M
2024,SE,FT,Research Engineer,160000,USD,160000,US,0,US,M
2024,MI,FT,Research Engineer,140000,USD,140000,US,0,US,M
2024,MI,FT,Research Engineer,100000,USD,100000,US,0,US,M
2024,MI,FT,Research Scientist,171000,USD,171000,US,0,US,M
2024,MI,FT,Research Scientist,109000,USD,109000,US,0,US,M
2024,MI,FT,Data Engineer,158000,USD,158000,US,0,US,M
2024,MI,FT,Data Engineer,137000,USD,137000,US,0,US,M
2024,MI,FT,Data Engineer,158000,USD,158000,US,0,US,M
2024,MI,FT,Data Engineer,137000,USD,137000,US,0,US,M
2024,MI,FT,Data Engineer,158000,USD,158000,US,0,US,M
2024,MI,FT,Data Engineer,137000,USD,137000,US,0,US,M
2024,SE,FT,Data Engineer,186000,USD,186000,US,0,US,M
2024,SE,FT,Data Engineer,100000,USD,100000,US,0,US,M
2024,SE,FT,Data Engineer,194500,USD,194500,CA,100,CA,M
2024,SE,FT,Data Engineer,141500,USD,141500,CA,100,CA,M
2024,SE,FT,Data Engineer,244000,USD,244000,US,100,US,M
2024,SE,FT,Data Engineer,160000,USD,160000,US,100,US,M
2024,MI,FT,Data Engineer,159000,USD,159000,US,0,US,M
2024,MI,FT,Data Engineer,123000,USD,123000,US,0,US,M
2024,SE,FT,Data Engineer,197000,USD,197000,US,0,US,M
2024,SE,FT,Data Engineer,99000,USD,99000,US,0,US,M
2024,SE,FT,Machine Learning Engineer,211500,USD,211500,US,0,US,M
2024,SE,FT,Machine Learning Engineer,136500,USD,136500,US,0,US,M
2024,SE,FT,Machine Learning Engineer,240500,USD,240500,US,0,US,M
2024,SE,FT,Machine Learning Engineer,192500,USD,192500,US,0,US,M
2024,SE,FT,Machine Learning Engineer,240000,USD,240000,US,0,US,M
2024,SE,FT,Machine Learning Engineer,220000,USD,220000,US,0,US,M
2024,SE,FT,Analytics Engineer,127905,USD,127905,US,0,US,M
2024,SE,FT,Analytics Engineer,115800,USD,115800,US,0,US,M
2024,SE,FT,Data Scientist,235400,USD,235400,US,0,US,M
2024,SE,FT,Data Scientist,201681,USD,201681,US,0,US,M
2024,SE,FT,Data Scientist,230000,USD,230000,CA,100,CA,M
2024,SE,FT,Data Scientist,167000,USD,167000,CA,100,CA,M
2024,SE,FT,Data Scientist,288000,USD,288000,US,100,US,M
2024,SE,FT,Data Scientist,189000,USD,189000,US,100,US,M
2024,MI,FT,Data Scientist,130000,USD,130000,US,100,US,M
2024,MI,FT,Data Scientist,130000,USD,130000,US,100,US,M
2024,SE,FT,Data Scientist,165000,USD,165000,US,0,US,M
2024,SE,FT,Data Scientist,165000,USD,165000,US,0,US,M
2024,SE,FT,Data Scientist,247600,USD,247600,US,0,US,L
2024,SE,FT,Data Scientist,143300,USD,143300,US,0,US,L
2024,MI,FT,Data Analyst,176000,USD,176000,US,0,US,M
2024,MI,FT,Data Analyst,124000,USD,124000,US,0,US,M
2024,SE,FT,Data Analyst,93918,USD,93918,US,0,US,M
2024,SE,FT,Data Analyst,51962,USD,51962,US,0,US,M
2024,SE,FT,Data Analyst,93918,USD,93918,US,0,US,M
2024,SE,FT,Data Analyst,51962,USD,51962,US,0,US,M
2024,MI,FT,Data Analyst,59000,USD,59000,US,100,US,M
2024,MI,FT,Data Analyst,59000,USD,59000,US,100,US,M
2024,MI,FT,Data Analyst,80000,USD,80000,US,0,US,M
2024,MI,FT,Data Analyst,80000,USD,80000,US,0,US,M
2024,EN,FT,Data Analyst,103440,USD,103440,US,0,US,M
2024,EN,FT,Data Analyst,69900,USD,69900,US,0,US,M
2024,SE,FT,Data Analyst,169000,USD,169000,US,0,US,M
2024,SE,FT,Data Analyst,155000,USD,155000,US,0,US,M
2024,SE,FT,Analytics Engineer,171814,USD,171814,US,0,US,M
2024,SE,FT,Analytics Engineer,92920,USD,92920,US,0,US,M
2024,SE,FT,Data Scientist,235400,USD,235400,US,100,US,M
2024,SE,FT,Data Scientist,207578,USD,207578,US,100,US,M
2024,SE,FT,Data Scientist,196900,USD,196900,US,0,US,M
2024,SE,FT,Data Scientist,180393,USD,180393,US,0,US,M
2024,SE,FT,Data Scientist,188000,USD,188000,US,0,US,M
2024,SE,FT,Data Scientist,89500,USD,89500,US,0,US,M
2024,SE,FT,Data Scientist,294000,USD,294000,US,0,US,M
2024,SE,FT,Data Scientist,144500,USD,144500,US,0,US,M
2024,MI,FT,Computer Vision Engineer,240240,USD,240240,US,0,US,M
2024,MI,FT,Computer Vision Engineer,214032,USD,214032,US,0,US,M
2024,MI,FT,Data Developer,120000,USD,120000,US,0,US,M
2024,MI,FT,Data Developer,75000,USD,75000,US,0,US,M
2024,SE,FT,Data Management Analyst,163000,USD,163000,US,0,US,M
2024,SE,FT,Data Management Analyst,77000,USD,77000,US,0,US,M
2024,SE,FT,Research Scientist,240240,USD,240240,US,0,US,M
2024,SE,FT,Research Scientist,234062,USD,234062,US,0,US,M
2024,SE,FT,Research Scientist,200200,USD,200200,US,0,US,M
2024,SE,FT,Research Scientist,190180,USD,190180,US,0,US,M
2024,SE,FT,Research Scientist,290180,USD,290180,US,100,US,M
2024,SE,FT,Research Scientist,223350,USD,223350,US,100,US,M
2024,MI,FT,Research Scientist,173000,USD,173000,US,0,US,M
2024,MI,FT,Research Scientist,117000,USD,117000,US,0,US,M
2024,SE,FT,AI Developer,316900,USD,316900,US,0,US,M
2024,SE,FT,AI Developer,181100,USD,181100,US,0,US,M
2024,SE,FT,AI Developer,316900,USD,316900,US,0,US,M
2024,SE,FT,AI Developer,181100,USD,181100,US,0,US,M
2024,SE,FT,AI Developer,285200,USD,285200,US,0,US,M
2024,SE,FT,AI Developer,163000,USD,163000,US,0,US,M
2024,MI,FT,Data Analyst,128300,USD,128300,CA,0,CA,M
2024,MI,FT,Data Analyst,66500,USD,66500,CA,0,CA,M
2024,SE,FT,Data Analyst,192500,USD,192500,US,100,US,M
2024,SE,FT,Data Analyst,122500,USD,122500,US,100,US,M
2024,SE,FT,Data Analyst,192500,USD,192500,US,100,US,M
2024,SE,FT,Data Analyst,122500,USD,122500,US,100,US,M
2024,SE,FT,Data Analyst,192500,USD,192500,US,100,US,M
2024,SE,FT,Data Analyst,122500,USD,122500,US,100,US,M
2024,SE,FT,Data Analyst,192500,USD,192500,US,100,US,M
2024,SE,FT,Data Analyst,122500,USD,122500,US,100,US,M
2024,SE,FT,Data Analyst,192500,USD,192500,US,100,US,M
2024,SE,FT,Data Analyst,122500,USD,122500,US,100,US,M
2024,SE,FT,Data Analyst,192500,USD,192500,US,100,US,M
2024,SE,FT,Data Analyst,122500,USD,122500,US,100,US,M
2024,SE,FT,Data Analyst,192500,USD,192500,US,100,US,M
2024,SE,FT,Data Analyst,122500,USD,122500,US,100,US,M
2024,SE,FT,Data Analyst,192500,USD,192500,US,100,US,M
2024,SE,FT,Data Analyst,122500,USD,122500,US,100,US,M
2024,SE,FT,Data Analyst,192500,USD,192500,US,100,US,M
2024,SE,FT,Data Analyst,122500,USD,122500,US,100,US,M
2024,SE,FT,Data Analyst,192500,USD,192500,US,100,US,M
2024,SE,FT,Data Analyst,122500,USD,122500,US,100,US,M
2024,SE,FT,Data Engineer,125000,USD,125000,US,0,US,M
2024,SE,FT,Data Engineer,90000,USD,90000,US,0,US,M
2024,MI,FT,Data Engineer,208800,USD,208800,US,0,US,M
2024,MI,FT,Data Engineer,98300,USD,98300,US,0,US,M
2024,SE,FT,Data Engineer,235400,USD,235400,US,100,US,M
2024,SE,FT,Data Engineer,188748,USD,188748,US,100,US,M
2024,MI,FT,Data Engineer,208800,USD,208800,US,0,US,M
2024,MI,FT,Data Engineer,98300,USD,98300,US,0,US,M
2024,MI,FT,BI Developer,128000,USD,128000,US,0,US,M
2024,MI,FT,BI Developer,81500,USD,81500,US,0,US,M
2024,MI,FT,Data Management Specialist,146050,USD,146050,US,0,US,M
2024,MI,FT,Data Management Specialist,68000,USD,68000,US,0,US,M
2024,SE,FT,Research Analyst,350000,USD,350000,US,0,US,M
2024,SE,FT,Research Analyst,260000,USD,260000,US,0,US,M
2024,SE,FT,Data Architect,246000,USD,246000,US,0,US,M
2024,SE,FT,Data Architect,118000,USD,118000,US,0,US,M
2024,MI,FT,Data Engineer,97000,USD,97000,US,0,US,M
2024,MI,FT,Data Engineer,62000,USD,62000,US,0,US,M
2024,SE,FT,Data Engineer,149750,USD,149750,US,100,US,M
2024,SE,FT,Data Engineer,84500,USD,84500,US,100,US,M
2024,MI,FT,Business Intelligence Analyst,122100,USD,122100,US,0,US,M
2024,MI,FT,Business Intelligence Analyst,70800,USD,70800,US,0,US,M
2024,SE,FT,Research Engineer,97000,USD,97000,US,0,US,M
2024,SE,FT,Research Engineer,62000,USD,62000,US,0,US,M
2024,MI,FT,Data Scientist,97000,USD,97000,US,0,US,M
2024,MI,FT,Data Scientist,62000,USD,62000,US,0,US,M
2024,MI,FT,Data Scientist,164450,USD,164450,US,0,US,M
2024,MI,FT,Data Scientist,113900,USD,113900,US,0,US,M
2024,SE,FT,Data Analyst,110000,USD,110000,US,0,US,M
2024,SE,FT,Data Analyst,90000,USD,90000,US,0,US,M
2024,MI,FT,Analytics Engineer,128000,USD,128000,US,100,US,M
2024,MI,FT,Analytics Engineer,64000,USD,64000,US,100,US,M
2024,SE,FT,Data Modeler,140000,USD,140000,US,100,US,M
2024,SE,FT,Data Modeler,130000,USD,130000,US,100,US,M
2024,MI,FT,Applied Scientist,256500,USD,256500,US,0,US,M
2024,MI,FT,Applied Scientist,138900,USD,138900,US,0,US,M
2024,SE,FT,Machine Learning Engineer,260500,USD,260500,US,0,US,M
2024,SE,FT,Machine Learning Engineer,173400,USD,173400,US,0,US,M
2024,SE,FT,Research Engineer,300200,USD,300200,US,0,US,M
2024,SE,FT,Research Engineer,199800,USD,199800,US,0,US,M
2024,MI,FT,Machine Learning Scientist,160000,USD,160000,US,0,US,M
2024,MI,FT,Machine Learning Scientist,160000,USD,160000,US,0,US,M
2024,SE,FT,Business Intelligence,160000,USD,160000,US,100,US,M
2024,SE,FT,Business Intelligence,145000,USD,145000,US,100,US,M
2024,EN,FT,Business Intelligence Analyst,78000,USD,78000,US,100,US,M
2024,EN,FT,Business Intelligence Analyst,70000,USD,70000,US,100,US,M
2024,SE,FT,Research Analyst,59000,USD,59000,US,100,US,M
2024,SE,FT,Research Analyst,59000,USD,59000,US,100,US,M
2024,EN,FT,Data Analyst,80000,USD,80000,US,0,US,M
2024,EN,FT,Data Analyst,62000,USD,62000,US,0,US,M
2024,SE,FT,Data Engineer,149076,USD,149076,US,0,US,M
2024,SE,FT,Data Engineer,82365,USD,82365,US,0,US,M
2024,MI,FT,Data Engineer,198000,USD,198000,US,100,US,M
2024,MI,FT,Data Engineer,132000,USD,132000,US,100,US,M
2024,SE,FT,Data Engineer,113000,USD,113000,US,0,US,M
2024,SE,FT,Data Engineer,113000,USD,113000,US,0,US,M
2024,SE,FT,Data Engineer,230000,USD,230000,US,0,US,M
2024,SE,FT,Data Engineer,185000,USD,185000,US,0,US,M
2024,SE,FT,Data Engineer,200000,USD,200000,US,100,US,M
2024,SE,FT,Data Engineer,140000,USD,140000,US,100,US,M
2024,SE,FT,Data Scientist,196900,USD,196900,US,0,US,M
2024,SE,FT,Data Scientist,186526,USD,186526,US,0,US,M
2024,SE,FT,Data Scientist,193000,USD,193000,US,0,US,M
2024,SE,FT,Data Scientist,147645,USD,147645,US,0,US,M
2024,MI,FT,Data Scientist,212500,USD,212500,US,0,US,M
2024,MI,FT,Data Scientist,121550,USD,121550,US,0,US,M
2024,SE,FT,Data Scientist,175000,USD,175000,US,0,US,M
2024,SE,FT,Data Scientist,135000,USD,135000,US,0,US,M
2024,SE,FT,Data Scientist,250200,USD,250200,US,0,US,M
2024,SE,FT,Data Scientist,117200,USD,117200,US,0,US,M
2024,EX,FT,Data Scientist,220000,USD,220000,US,0,US,M
2024,EX,FT,Data Scientist,185000,USD,185000,US,0,US,M
2024,SE,FT,Data Scientist,190000,USD,190000,US,0,US,M
2024,SE,FT,Data Scientist,165000,USD,165000,US,0,US,M
2024,SE,FT,Data Scientist,265000,USD,265000,US,0,US,M
2024,SE,FT,Data Scientist,199500,USD,199500,US,0,US,M
2024,SE,FT,Data Scientist,86700,USD,86700,US,0,US,M
2024,SE,FT,Data Scientist,190000,USD,190000,US,0,US,M
2024,SE,FT,Data Scientist,160000,USD,160000,US,0,US,M
2024,MI,FT,Research Scientist,235400,USD,235400,US,0,US,M
2024,MI,FT,Research Scientist,209720,USD,209720,US,0,US,M
2024,MI,FT,Analytics Engineer,156450,USD,156450,US,100,US,M
2024,MI,FT,Analytics Engineer,119200,USD,119200,US,100,US,M
2024,SE,FT,Decision Scientist,145000,USD,145000,US,100,US,M
2024,SE,FT,Decision Scientist,125000,USD,125000,US,100,US,M
2024,MI,FT,Decision Scientist,82500,USD,82500,US,100,US,M
2024,MI,FT,Decision Scientist,82500,USD,82500,US,100,US,M
2024,MI,FT,Data Manager,113000,USD,113000,US,0,US,M
2024,MI,FT,Data Manager,81500,USD,81500,US,0,US,M
2024,SE,FT,DataOps Engineer,175000,USD,175000,US,0,US,M
2024,SE,FT,DataOps Engineer,160000,USD,160000,US,0,US,M
2024,SE,FT,Business Intelligence Analyst,162150,USD,162150,US,0,US,M
2024,SE,FT,Business Intelligence Analyst,94350,USD,94350,US,0,US,M
2024,SE,FT,Research Scientist,240240,USD,240240,US,0,US,M
2024,SE,FT,Research Scientist,214032,USD,214032,US,0,US,M
2024,SE,FT,Research Engineer,163000,USD,163000,US,0,US,M
2024,SE,FT,Research Engineer,77000,USD,77000,US,0,US,M
2024,SE,FT,AI Research Scientist,60000,EUR,66666,DE,50,DE,L
2024,EN,FT,AI Engineer,50000,EUR,55555,LU,0,LU,M
2024,SE,FT,Applied Scientist,282200,USD,282200,US,0,US,M
2024,SE,FT,Applied Scientist,133600,USD,133600,US,0,US,M
2024,SE,FT,Machine Learning Engineer,250000,USD,250000,US,0,US,M
2024,SE,FT,Machine Learning Engineer,215000,USD,215000,US,0,US,M
2024,SE,FT,Machine Learning Engineer,240240,USD,240240,US,0,US,M
2024,SE,FT,Machine Learning Engineer,224241,USD,224241,US,0,US,M
2024,EN,FT,Data Analyst,139700,USD,139700,US,0,US,M
2024,EN,FT,Data Analyst,84600,USD,84600,US,0,US,M
2024,SE,FT,Data Engineer,138000,USD,138000,US,0,US,M
2024,SE,FT,Data Engineer,86000,USD,86000,US,0,US,M
2024,EN,FT,Applied Scientist,250200,USD,250200,US,0,US,M
2024,EN,FT,Applied Scientist,98300,USD,98300,US,0,US,M
2024,MI,FT,Data Scientist,223500,USD,223500,US,0,US,M
2024,MI,FT,Data Scientist,109100,USD,109100,US,0,US,M
2024,SE,FT,Cloud Database Engineer,230800,USD,230800,US,100,US,M
2024,SE,FT,Cloud Database Engineer,96200,USD,96200,US,100,US,M
2024,MI,FT,Machine Learning Researcher,163000,USD,163000,US,0,US,M
2024,MI,FT,Machine Learning Researcher,77000,USD,77000,US,0,US,M
2024,SE,FT,Data Engineer,191180,USD,191180,US,0,US,M
2024,SE,FT,Data Engineer,142516,USD,142516,US,0,US,M
2024,SE,FT,Data Scientist,250200,USD,250200,US,0,US,M
2024,SE,FT,Data Scientist,117200,USD,117200,US,0,US,M
2024,MI,FT,Business Intelligence Analyst,192300,USD,192300,US,0,US,M
2024,MI,FT,Business Intelligence Analyst,120200,USD,120200,US,0,US,M
2024,SE,FT,Data Analytics Lead,179000,USD,179000,US,0,US,M
2024,SE,FT,Data Analytics Lead,112000,USD,112000,US,0,US,M
2024,SE,FT,Research Scientist,110000,USD,110000,US,0,US,M
2024,SE,FT,Research Scientist,74263,USD,74263,US,0,US,M
2024,SE,FT,Machine Learning Engineer,270000,USD,270000,US,100,US,M
2024,SE,FT,Machine Learning Engineer,183600,USD,183600,US,100,US,M
2024,SE,FT,Data Scientist,35000,GBP,43750,GB,0,GB,M
2024,SE,FT,Data Scientist,35000,GBP,43750,GB,0,GB,M
2024,SE,FT,Data Engineer,233200,USD,233200,US,0,US,M
2024,SE,FT,Data Engineer,143500,USD,143500,US,0,US,M
2024,SE,FT,AI Engineer,220000,USD,220000,US,0,US,M
2024,SE,FT,AI Engineer,96600,USD,96600,US,0,US,M
2024,MI,FT,Applied Scientist,150267,USD,150267,CA,0,CA,M
2024,MI,FT,Applied Scientist,127200,USD,127200,CA,0,CA,M
2024,MI,FT,Data Manager,50865,GBP,63581,GB,0,GB,M
2024,MI,FT,Data Manager,46404,GBP,58005,GB,0,GB,M
2024,MI,FT,BI Developer,112000,USD,112000,US,100,US,M
2024,MI,FT,BI Developer,89000,USD,89000,US,100,US,M
2024,SE,FT,Data Analyst,172000,USD,172000,US,0,US,M
2024,SE,FT,Data Analyst,75600,USD,75600,US,0,US,M
2024,MI,FT,Data Analyst,176900,USD,176900,US,0,US,M
2024,MI,FT,Data Analyst,80900,USD,80900,US,0,US,M
2024,SE,FT,Machine Learning Engineer,251250,USD,251250,US,0,US,M
2024,SE,FT,Machine Learning Engineer,120750,USD,120750,US,0,US,M
2024,MI,FT,Data Scientist,179700,USD,179700,US,0,US,M
2024,MI,FT,Data Scientist,85700,USD,85700,US,0,US,M
2024,SE,FT,Data Scientist,251600,USD,251600,US,0,US,M
2024,SE,FT,Data Scientist,120100,USD,120100,US,0,US,M
2024,SE,FT,Data Engineer,179101,USD,179101,US,100,US,M
2024,SE,FT,Data Engineer,105353,USD,105353,US,100,US,M
2024,SE,FT,Data Scientist,122900,USD,122900,US,0,US,M
2024,SE,FT,Data Scientist,122900,USD,122900,US,0,US,M
2024,SE,FT,Applied Scientist,281700,USD,281700,US,0,US,M
2024,SE,FT,Applied Scientist,137900,USD,137900,US,0,US,M
2024,SE,FT,Data Architect,227000,USD,227000,US,0,US,M
2024,SE,FT,Data Architect,122200,USD,122200,US,0,US,M
2024,SE,FT,Data Scientist,223500,USD,223500,US,0,US,M
2024,SE,FT,Data Scientist,109100,USD,109100,US,0,US,M
2024,SE,FT,Applied Scientist,158200,USD,158200,US,0,US,M
2024,SE,FT,Applied Scientist,79000,USD,79000,US,0,US,M
2024,MI,FT,Data Manager,32982,GBP,41227,ZA,0,ZA,M
2024,MI,FT,Data Manager,29605,GBP,37006,ZA,0,ZA,M
2024,EN,FT,BI Analyst,162819,USD,162819,US,100,US,M
2024,EN,FT,BI Analyst,95776,USD,95776,US,100,US,M
2024,SE,FT,Machine Learning Engineer,148500,USD,148500,US,0,US,M
2024,SE,FT,Machine Learning Engineer,143000,USD,143000,US,0,US,M
2024,MI,FT,Data Scientist,230000,USD,230000,CA,0,CA,M
2024,MI,FT,Data Scientist,180000,USD,180000,CA,0,CA,M
2024,EX,FT,Head of Data,232000,USD,232000,US,0,US,M
2024,EX,FT,Head of Data,172000,USD,172000,US,0,US,M
2024,EX,FT,Analytics Engineer,255000,USD,255000,US,0,US,M
2024,EX,FT,Analytics Engineer,220000,USD,220000,US,0,US,M
2024,MI,FT,Data Manager,46974,GBP,58717,GB,0,GB,M
2024,MI,FT,Data Manager,39347,GBP,49183,GB,0,GB,M
2024,MI,FT,Data Scientist,196900,USD,196900,US,0,US,M
2024,MI,FT,Data Scientist,189745,USD,189745,US,0,US,M
2024,EN,FT,Data Analyst,131000,USD,131000,US,0,US,M
2024,EN,FT,Data Analyst,83000,USD,83000,US,0,US,M
2024,SE,FT,Data Scientist,263600,USD,263600,US,0,US,M
2024,SE,FT,Data Scientist,119800,USD,119800,US,0,US,M
2024,SE,FT,BI Developer,241600,USD,241600,US,0,US,M
2024,SE,FT,BI Developer,109800,USD,109800,US,0,US,M
2024,SE,FT,Business Intelligence,181000,USD,181000,US,0,US,M
2024,SE,FT,Business Intelligence,128050,USD,128050,US,0,US,M
2024,SE,FT,Data Scientist,140000,USD,140000,US,100,US,M
2024,SE,FT,Data Scientist,125000,USD,125000,US,100,US,M
2024,SE,FT,Data Engineer,233000,USD,233000,US,0,US,M
2024,SE,FT,Data Engineer,137000,USD,137000,US,0,US,M
2024,MI,FT,Data Engineer,90000,USD,90000,US,0,US,M
2024,MI,FT,Data Engineer,70000,USD,70000,US,0,US,M
2024,SE,FT,Data Engineer,250200,USD,250200,US,0,US,M
2024,SE,FT,Data Engineer,117200,USD,117200,US,0,US,M
2024,SE,FT,Data Scientist,234300,USD,234300,US,0,US,M
2024,SE,FT,Data Scientist,96900,USD,96900,US,0,US,M
2024,SE,FT,Data Engineer,266875,USD,266875,US,0,US,M
2024,SE,FT,Data Engineer,128250,USD,128250,US,0,US,M
2024,MI,FT,Data Analyst,150000,USD,150000,US,0,US,M
2024,MI,FT,Data Analyst,100000,USD,100000,US,0,US,M
2024,SE,FT,Data Quality Analyst,147000,USD,147000,US,0,US,M
2024,SE,FT,Data Quality Analyst,125000,USD,125000,US,0,US,M
2024,MI,FT,Applied Scientist,208800,USD,208800,US,0,US,M
2024,MI,FT,Applied Scientist,98300,USD,98300,US,0,US,M
2024,SE,FT,Data Analyst,108334,USD,108334,US,0,US,M
2024,SE,FT,Data Analyst,59923,USD,59923,US,0,US,M
2024,MI,FT,Research Engineer,150000,USD,150000,US,0,US,M
2024,MI,FT,Research Engineer,150000,USD,150000,US,0,US,M
2024,MI,FT,Data Analyst,158000,USD,158000,US,0,US,M
2024,MI,FT,Data Analyst,108000,USD,108000,US,0,US,M
2024,EX,FT,Business Intelligence,250000,USD,250000,US,0,US,M
2024,EX,FT,Business Intelligence,220000,USD,220000,US,0,US,M
2024,SE,FT,Machine Learning Engineer,256500,USD,256500,US,0,US,M
2024,SE,FT,Machine Learning Engineer,170700,USD,170700,US,0,US,M
2024,SE,FT,Applied Scientist,238600,USD,238600,US,0,US,M
2024,SE,FT,Applied Scientist,112000,USD,112000,US,0,US,M
2024,SE,FT,Research Scientist,205500,USD,205500,US,0,US,M
2024,SE,FT,Research Scientist,132500,USD,132500,US,0,US,M
2024,EN,FT,Data Scientist,50000,USD,50000,KE,50,KE,M
2024,EN,FT,AI Engineer,70000,USD,70000,US,0,US,M
2024,EN,FT,AI Engineer,55000,USD,55000,US,0,US,M
2024,SE,FT,Business Intelligence Analyst,179300,USD,179300,US,0,US,M
2024,SE,FT,Business Intelligence Analyst,69230,USD,69230,US,0,US,M
2024,SE,FT,Data Scientist,250000,USD,250000,US,0,US,M
2024,SE,FT,Data Scientist,110100,USD,110100,US,0,US,M
2024,MI,FT,Machine Learning Engineer,141000,USD,141000,US,0,US,M
2024,MI,FT,Machine Learning Engineer,91984,USD,91984,US,0,US,M
2024,SE,FT,Research Scientist,223500,USD,223500,US,0,US,M
2024,SE,FT,Research Scientist,94200,USD,94200,US,0,US,M
2024,SE,FT,Data Architect,304000,USD,304000,US,0,US,M
2024,SE,FT,Data Architect,190000,USD,190000,US,0,US,M
2024,EN,FT,Data Operations Manager,140000,USD,140000,US,100,US,M
2024,EN,FT,Data Operations Manager,105000,USD,105000,US,100,US,M
2024,MI,FT,Data Analyst,160000,USD,160000,US,0,US,M
2024,MI,FT,Data Analyst,95000,USD,95000,US,0,US,M
2024,SE,FT,Data Architect,157500,USD,157500,US,0,US,M
2024,SE,FT,Data Architect,113500,USD,113500,US,0,US,M
2024,SE,FT,Data Scientist,190000,USD,190000,US,0,US,M
2024,SE,FT,Data Scientist,144000,USD,144000,US,0,US,M
2024,MI,FT,Research Engineer,157679,USD,157679,US,0,US,M
2024,MI,FT,Research Engineer,91431,USD,91431,US,0,US,M
2024,MI,FT,Data Engineer,138000,USD,138000,US,0,US,M
2024,MI,FT,Data Engineer,86000,USD,86000,US,0,US,M
2024,MI,FT,Data Scientist,165025,USD,165025,US,100,US,M
2024,MI,FT,Data Scientist,143500,USD,143500,US,100,US,M
2024,SE,FT,Machine Learning Scientist,150000,USD,150000,US,100,US,M
2024,SE,FT,Machine Learning Scientist,60000,USD,60000,US,100,US,M
2024,MI,FT,Applied Scientist,222200,USD,222200,US,0,US,L
2024,MI,FT,Applied Scientist,136000,USD,136000,US,0,US,L
2024,SE,FT,Data Engineer,170000,USD,170000,US,0,US,M
2024,SE,FT,Data Engineer,130000,USD,130000,US,0,US,M
2024,SE,FT,Research Engineer,293000,USD,293000,US,0,US,M
2024,SE,FT,Research Engineer,157000,USD,157000,US,0,US,M
2024,SE,FT,Machine Learning Engineer,243300,USD,243300,US,0,US,M
2024,SE,FT,Machine Learning Engineer,131500,USD,131500,US,0,US,M
2024,SE,FT,Data Scientist,297000,USD,297000,US,0,US,M
2024,SE,FT,Data Scientist,138000,USD,138000,US,0,US,M
2024,EN,FT,Data Scientist,208800,USD,208800,US,0,US,M
2024,EN,FT,Data Scientist,98300,USD,98300,US,0,US,M
2024,SE,FT,Data Architect,304000,USD,304000,US,0,US,M
2024,SE,FT,Data Architect,190000,USD,190000,US,0,US,M
2024,MI,FT,Machine Learning Engineer,243300,USD,243300,US,0,US,M
2024,MI,FT,Machine Learning Engineer,131500,USD,131500,US,0,US,M
2024,MI,FT,Data Scientist,140000,USD,140000,US,0,US,M
2024,MI,FT,Data Scientist,120000,USD,120000,US,0,US,M
2024,EN,FT,Data Analyst,150000,USD,150000,US,0,US,M
2024,EN,FT,Data Analyst,100000,USD,100000,US,0,US,M
2024,SE,FT,Data Engineer,75000,USD,75000,US,100,US,M
2024,SE,FT,Data Engineer,75000,USD,75000,US,100,US,M
2024,MI,FT,Data Analyst,147896,USD,147896,US,100,US,M
2024,MI,FT,Data Analyst,128606,USD,128606,US,100,US,M
2024,EN,FT,Data Analyst,85420,USD,85420,US,0,US,M
2024,EN,FT,Data Analyst,70000,USD,70000,US,0,US,M
2024,EN,FT,Data Analyst,170000,USD,170000,US,100,US,M
2024,EN,FT,Data Analyst,150000,USD,150000,US,100,US,M
2024,SE,FT,Data Scientist,297000,USD,297000,US,0,US,M
2024,SE,FT,Data Scientist,138000,USD,138000,US,0,US,M
2024,SE,FT,Machine Learning Engineer,200000,USD,200000,US,0,US,M
2024,SE,FT,Machine Learning Engineer,170000,USD,170000,US,0,US,M
2024,SE,FT,AI Engineer,284360,USD,284360,US,100,US,M
2024,SE,FT,AI Engineer,181990,USD,181990,US,100,US,M
2024,SE,FT,Data Engineer,282500,USD,282500,US,0,US,M
2024,SE,FT,Data Engineer,188000,USD,188000,US,0,US,M
2024,SE,FT,Machine Learning Engineer,236160,USD,236160,US,100,US,M
2024,SE,FT,Machine Learning Engineer,159408,USD,159408,US,100,US,M
2024,MI,FT,Machine Learning Engineer,220000,USD,220000,US,0,US,M
2024,MI,FT,Machine Learning Engineer,186000,USD,186000,US,0,US,M
2024,MI,FT,Research Scientist,145000,USD,145000,US,0,US,M
2024,MI,FT,Research Scientist,103000,USD,103000,US,0,US,M
2024,SE,FT,Business Intelligence,190000,USD,190000,US,0,US,M
2024,SE,FT,Business Intelligence,190000,USD,190000,US,0,US,M
2024,EN,FT,Data Analyst,55000,GBP,68750,GB,0,GB,M
2024,EN,FT,Data Analyst,40000,GBP,50000,GB,0,GB,M
2024,SE,FT,Business Intelligence Analyst,120000,USD,120000,US,0,US,M
2024,SE,FT,Business Intelligence Analyst,90000,USD,90000,US,0,US,M
2024,SE,FT,Business Intelligence Lead,90000,GBP,112500,GB,0,GB,M
2024,SE,FT,Business Intelligence Lead,75000,GBP,93750,GB,0,GB,M
2024,MI,FT,Data Quality Engineer,241500,USD,241500,US,0,US,M
2024,MI,FT,Data Quality Engineer,132300,USD,132300,US,0,US,M
2024,SE,FT,Data Scientist,145000,USD,145000,US,0,US,M
2024,SE,FT,Data Scientist,95000,USD,95000,US,0,US,M
2024,MI,FT,Research Scientist,250000,USD,250000,US,0,US,M
2024,MI,FT,Research Scientist,190000,USD,190000,US,0,US,M
2024,MI,FT,Business Intelligence Analyst,163000,USD,163000,US,0,US,M
2024,MI,FT,Business Intelligence Analyst,111000,USD,111000,US,0,US,M
2024,MI,FT,Data Engineer,115000,USD,115000,US,100,US,M
2024,MI,FT,Data Engineer,98000,USD,98000,US,100,US,M
2023,MI,CT,Data Engineer,42000,USD,42000,IN,100,US,M
2024,MI,FT,Data Scientist,119200,USD,119200,US,100,US,M
2024,MI,FT,Data Scientist,86600,USD,86600,US,100,US,M
2024,SE,FT,Data Analyst,67886,GBP,84857,GB,0,GB,M
2024,SE,FT,Data Analyst,58184,GBP,72730,GB,0,GB,M
2024,MI,FT,Data Engineer,137000,USD,137000,US,0,US,M
2024,MI,FT,Data Engineer,60400,USD,60400,US,0,US,M
2024,MI,FT,Business Intelligence Analyst,91000,USD,91000,US,0,US,M
2024,MI,FT,Business Intelligence Analyst,77400,USD,77400,US,0,US,M
2024,EN,FT,Data Analyst,105000,USD,105000,US,0,US,M
2024,EN,FT,Data Analyst,74000,USD,74000,US,0,US,M
2024,EX,FT,Data Integration Engineer,134000,USD,134000,US,0,US,M
2024,EX,FT,Data Integration Engineer,110000,USD,110000,US,0,US,M
2024,SE,FT,Machine Learning Engineer,223500,USD,223500,US,0,US,M
2024,SE,FT,Machine Learning Engineer,94200,USD,94200,US,0,US,M
2024,SE,FT,Data Engineer,195903,USD,195903,US,100,US,M
2024,SE,FT,Data Engineer,160284,USD,160284,US,100,US,M
2024,MI,FT,Data Scientist,172000,USD,172000,DE,0,DE,M
2024,MI,FT,Data Scientist,75600,USD,75600,DE,0,DE,M
2024,SE,FT,Business Intelligence Analyst,94763,USD,94763,US,100,US,M
2024,SE,FT,Business Intelligence Analyst,67750,USD,67750,US,100,US,M
2024,MI,FT,Data Engineer,109000,USD,109000,US,0,US,M
2024,MI,FT,Data Engineer,62000,USD,62000,US,0,US,M
2024,SE,FT,Data Engineer,200000,USD,200000,US,0,US,M
2024,SE,FT,Data Engineer,147000,USD,147000,US,0,US,M
2024,SE,FT,Data Engineer,134000,USD,134000,US,0,US,M
2024,SE,FT,Data Engineer,79000,USD,79000,US,0,US,M
2024,MI,FT,Data Analyst,96800,USD,96800,US,0,US,M
2024,MI,FT,Data Analyst,60600,USD,60600,US,0,US,M
2024,SE,FT,Data Analyst,155000,USD,155000,US,0,US,M
2024,SE,FT,Data Analyst,120000,USD,120000,US,0,US,M
2024,SE,FT,Data Architect,198000,USD,198000,US,100,US,M
2024,SE,FT,Data Architect,94000,USD,94000,US,100,US,M
2024,SE,FT,Research Engineer,240000,USD,240000,US,0,US,M
2024,SE,FT,Research Engineer,133000,USD,133000,US,0,US,M
2024,MI,FT,Machine Learning Engineer,243300,USD,243300,US,0,US,M
2024,MI,FT,Machine Learning Engineer,131500,USD,131500,US,0,US,M
2024,SE,FT,Data Analyst,140000,USD,140000,US,0,US,M
2024,SE,FT,Data Analyst,90000,USD,90000,US,0,US,M
2024,SE,FT,Data Analyst,192500,USD,192500,US,100,US,M
2024,SE,FT,Data Analyst,122500,USD,122500,US,100,US,M
2024,SE,FT,Data Scientist,180000,USD,180000,US,0,US,M
2024,SE,FT,Data Scientist,144000,USD,144000,US,0,US,M
2024,SE,FT,Data Scientist,205000,USD,205000,US,100,US,M
2024,SE,FT,Data Scientist,175000,USD,175000,US,100,US,M
2024,EN,FT,Data Analyst,98000,USD,98000,US,0,US,M
2024,EN,FT,Data Analyst,56000,USD,56000,US,0,US,M
2024,SE,FT,Cloud Database Engineer,245000,USD,245000,US,0,US,M
2024,SE,FT,Cloud Database Engineer,220500,USD,220500,US,0,US,M
2024,MI,FT,Data Analyst,96800,USD,96800,US,0,US,M
2024,MI,FT,Data Analyst,60600,USD,60600,US,0,US,M
2024,SE,FT,Machine Learning Engineer,190000,USD,190000,US,0,US,M
2024,SE,FT,Machine Learning Engineer,100000,USD,100000,US,0,US,M
2024,SE,FT,Data Scientist,200000,USD,200000,US,0,US,M
2024,SE,FT,Data Scientist,200000,USD,200000,US,0,US,M
2024,MI,FT,Research Scientist,345000,USD,345000,US,0,US,M
2024,MI,FT,Research Scientist,160000,USD,160000,US,0,US,M
2024,SE,FT,Data Scientist,294000,USD,294000,US,0,US,M
2024,SE,FT,Data Scientist,144500,USD,144500,US,0,US,M
2024,MI,FT,Data Engineer,185000,USD,185000,US,0,US,M
2024,MI,FT,Data Engineer,168854,USD,168854,US,0,US,M
2024,SE,FT,Data Analyst,149000,USD,149000,US,100,US,M
2024,SE,FT,Data Analyst,132000,USD,132000,US,100,US,M
2024,SE,FT,Research Scientist,252000,USD,252000,US,0,US,M
2024,SE,FT,Research Scientist,168000,USD,168000,US,0,US,M
2024,MI,FT,Research Scientist,173000,USD,173000,US,0,US,M
2024,MI,FT,Research Scientist,117000,USD,117000,US,0,US,M
2024,SE,FT,Data Developer,210000,USD,210000,US,0,US,M
2024,SE,FT,Data Developer,200000,USD,200000,US,0,US,M
2024,SE,FT,Data Engineer,179000,USD,179000,US,0,US,M
2024,SE,FT,Data Engineer,138000,USD,138000,US,0,US,M
2024,EN,FT,Business Intelligence Analyst,95000,USD,95000,US,0,US,M
2024,EN,FT,Business Intelligence Analyst,85000,USD,85000,US,0,US,M
2024,EN,FT,Data Analyst,149500,USD,149500,US,100,US,M
2024,EN,FT,Data Analyst,127075,USD,127075,US,100,US,M
2024,SE,FT,Applied Scientist,260000,USD,260000,US,0,US,L
2024,SE,FT,Applied Scientist,136000,USD,136000,US,0,US,L
2024,SE,FT,Machine Learning Engineer,209000,USD,209000,US,100,US,M
2024,SE,FT,Machine Learning Engineer,188000,USD,188000,US,100,US,M
2024,MI,FT,BI Developer,128000,USD,128000,US,0,US,M
2024,MI,FT,BI Developer,81500,USD,81500,US,0,US,M
2024,SE,FT,AI Engineer,187000,USD,187000,US,0,US,M
2024,SE,FT,AI Engineer,108000,USD,108000,US,0,US,M
2024,SE,FT,Data Scientist,230000,USD,230000,US,0,US,M
2024,SE,FT,Data Scientist,135000,USD,135000,US,0,US,M
2024,SE,FT,Analytics Engineer,135000,USD,135000,US,0,US,M
2024,SE,FT,Analytics Engineer,120000,USD,120000,US,0,US,M
2024,SE,FT,Data Scientist,213000,USD,213000,US,0,US,M
2024,SE,FT,Data Scientist,120700,USD,120700,US,0,US,M
2024,SE,FT,Analytics Engineer,210000,USD,210000,US,0,US,M
2024,SE,FT,Analytics Engineer,140000,USD,140000,US,0,US,M
2024,EX,FT,Data Scientist,220000,USD,220000,US,0,US,M
2024,EX,FT,Data Scientist,185000,USD,185000,US,0,US,M
2024,MI,FT,Research Analyst,145000,USD,145000,US,0,US,M
2024,MI,FT,Research Analyst,75000,USD,75000,US,0,US,M
2024,SE,FT,Machine Learning Engineer,331640,USD,331640,US,0,US,M
2024,SE,FT,Machine Learning Engineer,267720,USD,267720,US,0,US,M
2024,SE,FT,Research Scientist,207575,USD,207575,US,0,US,M
2024,SE,FT,Research Scientist,138225,USD,138225,US,0,US,M
2024,MI,FT,Data Scientist,212800,USD,212800,US,0,US,L
2024,MI,FT,Data Scientist,111600,USD,111600,US,0,US,L
2024,SE,FT,Data Engineer,161500,USD,161500,US,0,US,M
2024,SE,FT,Data Engineer,138200,USD,138200,US,0,US,M
2024,MI,FT,Data Visualization Developer,95000,USD,95000,US,100,US,M
2024,MI,FT,Data Visualization Developer,65000,USD,65000,US,100,US,M
2024,MI,FT,Machine Learning Engineer,219600,USD,219600,US,0,US,M
2024,MI,FT,Machine Learning Engineer,125500,USD,125500,US,0,US,M
2024,SE,FT,Data Scientist,210000,USD,210000,US,0,US,M
2024,SE,FT,Data Scientist,152000,USD,152000,US,0,US,M
2024,SE,FT,Data Scientist,164250,USD,164250,US,0,US,M
2024,SE,FT,Data Scientist,120000,USD,120000,US,0,US,M
2024,SE,FT,Data Manager,120000,USD,120000,US,100,US,M
2024,SE,FT,Data Manager,80000,USD,80000,US,100,US,M
2024,SE,FT,Business Intelligence Analyst,119892,USD,119892,CA,0,CA,M
2024,SE,FT,Business Intelligence Analyst,93752,USD,93752,CA,0,CA,M
2024,SE,FT,Machine Learning Scientist,250000,USD,250000,US,100,US,M
2024,SE,FT,Machine Learning Scientist,125000,USD,125000,US,100,US,M
2024,MI,FT,Data Integration Specialist,105000,USD,105000,US,100,US,M
2024,MI,FT,Data Integration Specialist,80000,USD,80000,US,100,US,M
2024,MI,FT,Data Scientist,172000,USD,172000,US,0,US,M
2024,MI,FT,Data Scientist,75600,USD,75600,US,0,US,M
2024,SE,FT,Data Modeler,234000,USD,234000,US,0,US,M
2024,SE,FT,Data Modeler,146000,USD,146000,US,0,US,M
2024,MI,FT,Research Scientist,287500,USD,287500,US,0,US,M
2024,MI,FT,Research Scientist,160000,USD,160000,US,0,US,M
2024,SE,FT,Data Analyst,93918,USD,93918,US,0,US,M
2024,SE,FT,Data Analyst,51962,USD,51962,US,0,US,M
2024,EX,FT,Business Intelligence,306705,USD,306705,US,0,US,M
2024,EX,FT,Business Intelligence,140890,USD,140890,US,0,US,M
2024,MI,FT,Business Intelligence Analyst,152894,USD,152894,US,100,US,M
2024,MI,FT,Business Intelligence Analyst,138995,USD,138995,US,100,US,M
2024,SE,FT,Research Scientist,90000,USD,90000,US,0,US,M
2024,SE,FT,Research Scientist,76915,USD,76915,US,0,US,M
2024,SE,FT,Machine Learning Engineer,256500,USD,256500,US,0,US,M
2024,SE,FT,Machine Learning Engineer,138900,USD,138900,US,0,US,M
2024,MI,FT,Data Engineer,205600,USD,205600,US,0,US,L
2024,MI,FT,Data Engineer,105700,USD,105700,US,0,US,L
2024,MI,FT,Data Manager,113000,USD,113000,US,0,US,M
2024,MI,FT,Data Manager,81500,USD,81500,US,0,US,M
2024,SE,FT,Data Engineer,110400,USD,110400,US,0,US,M
2024,SE,FT,Data Engineer,87900,USD,87900,US,0,US,M
2024,SE,FT,Data Engineer,167500,USD,167500,US,0,US,M
2024,SE,FT,Data Engineer,106500,USD,106500,US,0,US,M
2024,SE,FT,Applied Scientist,180000,USD,180000,CA,0,CA,M
2024,SE,FT,Applied Scientist,120000,USD,120000,CA,0,CA,M
2024,EN,FT,Business Intelligence,75000,USD,75000,US,0,US,M
2024,EN,FT,Business Intelligence,60000,USD,60000,US,0,US,M
2024,EN,FT,Data Analyst,115000,USD,115000,US,0,US,M
2024,EN,FT,Data Analyst,85000,USD,85000,US,0,US,M
2024,MI,FT,Analytics Engineer,140000,USD,140000,US,0,US,M
2024,MI,FT,Analytics Engineer,110000,USD,110000,US,0,US,M
2024,SE,FT,Applied Scientist,260000,USD,260000,US,0,US,L
2024,SE,FT,Applied Scientist,136000,USD,136000,US,0,US,L
2024,SE,FT,Machine Learning Engineer,300200,USD,300200,US,0,US,M
2024,SE,FT,Machine Learning Engineer,170700,USD,170700,US,0,US,M
2024,SE,FT,Data Scientist,123300,USD,123300,US,0,US,M
2024,SE,FT,Data Scientist,104800,USD,104800,US,0,US,M
2024,SE,FT,Data Scientist,220800,USD,220800,US,0,US,M
2024,SE,FT,Data Scientist,124800,USD,124800,US,0,US,M
2024,SE,FT,Machine Learning Engineer,220800,USD,220800,US,0,US,M
2024,SE,FT,Machine Learning Engineer,124800,USD,124800,US,0,US,M
2024,MI,FT,Applied Scientist,222200,USD,222200,US,0,US,L
2024,MI,FT,Applied Scientist,136000,USD,136000,US,0,US,L
2024,MI,FT,Data Engineer,144000,USD,144000,US,100,US,M
2024,MI,FT,Data Engineer,115000,USD,115000,US,100,US,M
2024,EX,FT,Data Engineer,220000,USD,220000,US,100,US,M
2024,EX,FT,Data Engineer,176000,USD,176000,US,100,US,M
2024,MI,FT,Applied Scientist,256500,USD,256500,US,0,US,M
2024,MI,FT,Applied Scientist,138900,USD,138900,US,0,US,M
2024,SE,FT,Data Analyst,54000,USD,54000,RS,100,RS,M
2024,SE,FT,Data Analyst,48000,USD,48000,RS,100,RS,M
2024,MI,FT,Data Scientist,212800,USD,212800,US,0,US,L
2024,MI,FT,Data Scientist,111600,USD,111600,US,0,US,L
2024,EN,FT,Data Analyst,203280,USD,203280,US,0,US,M
2024,EN,FT,Data Analyst,166549,USD,166549,US,0,US,M
2024,EN,FT,Data Analyst,100000,USD,100000,US,0,US,M
2024,EN,FT,Data Analyst,80000,USD,80000,US,0,US,M
2024,EN,FT,Data Analyst,118000,USD,118000,US,0,US,M
2024,EN,FT,Data Analyst,67000,USD,67000,US,0,US,M
2024,MI,FT,Data Engineer,162500,USD,162500,US,100,US,M
2024,MI,FT,Data Engineer,120000,USD,120000,US,100,US,M
2024,MI,FT,Data Engineer,60000,EUR,66666,PT,100,PT,M
2024,MI,FT,Data Engineer,45000,EUR,50000,PT,100,PT,M
2024,MI,FT,Data Engineer,74250,USD,74250,AR,100,AR,M
2024,MI,FT,Data Engineer,70000,USD,70000,AR,100,AR,M
2024,MI,FT,Data Engineer,256500,USD,256500,US,0,US,M
2024,MI,FT,Data Engineer,170700,USD,170700,US,0,US,M
2024,EN,FT,Research Analyst,80000,USD,80000,US,0,US,M
2024,EN,FT,Research Analyst,70000,USD,70000,US,0,US,M
2024,MI,FT,Robotics Engineer,208300,USD,208300,US,0,US,M
2024,MI,FT,Robotics Engineer,138900,USD,138900,US,0,US,M
2024,MI,FT,Data Analyst,126500,USD,126500,US,100,US,M
2024,MI,FT,Data Analyst,73600,USD,73600,US,100,US,M
2024,MI,FT,Research Engineer,256500,USD,256500,US,0,US,M
2024,MI,FT,Research Engineer,138900,USD,138900,US,0,US,M
2024,SE,FT,Research Engineer,208000,USD,208000,US,0,US,M
2024,SE,FT,Research Engineer,146994,USD,146994,US,0,US,M
2024,EN,FT,Data Analyst,122000,USD,122000,US,0,US,M
2024,EN,FT,Data Analyst,94000,USD,94000,US,0,US,M
2024,SE,FT,Robotics Engineer,256500,USD,256500,US,0,US,M
2024,SE,FT,Robotics Engineer,138900,USD,138900,US,0,US,M
2024,MI,FT,Data Scientist,500000,USD,500000,US,0,US,M
2024,MI,FT,Data Scientist,150000,USD,150000,US,0,US,M
2024,SE,FT,Data Analyst,120000,USD,120000,US,100,US,M
2024,SE,FT,Data Analyst,110000,USD,110000,US,100,US,M
2024,MI,FT,Research Scientist,251000,USD,251000,US,0,US,M
2024,MI,FT,Research Scientist,177000,USD,177000,US,0,US,M
2024,SE,FT,Data Scientist,60000,EUR,66666,US,50,GR,L
2024,MI,FT,AI Engineer,125000,USD,125000,IN,100,IN,S
2024,SE,FT,Data Scientist,196900,USD,196900,US,100,US,M
2024,SE,FT,Data Scientist,175059,USD,175059,US,100,US,M
2024,SE,FT,Data Engineer,235400,USD,235400,US,0,US,M
2024,SE,FT,Data Engineer,216466,USD,216466,US,0,US,M
2024,SE,FT,Data Engineer,235400,USD,235400,US,0,US,M
2024,SE,FT,Data Engineer,211164,USD,211164,US,0,US,M
2024,SE,FT,Business Intelligence Analyst,187000,USD,187000,US,100,US,M
2024,SE,FT,Business Intelligence Analyst,117000,USD,117000,US,100,US,M
2024,SE,FT,Data Scientist,235400,USD,235400,US,100,US,M
2024,SE,FT,Data Scientist,199234,USD,199234,US,100,US,M
2024,SE,FT,Data Analyst,150416,USD,150416,NZ,0,NZ,M
2024,SE,FT,Data Analyst,120870,USD,120870,NZ,0,NZ,M
2024,SE,FT,Data Scientist,235400,USD,235400,US,0,US,M
2024,SE,FT,Data Scientist,209720,USD,209720,US,0,US,M
2024,SE,FT,Data Scientist,284900,USD,284900,US,0,US,M
2024,SE,FT,Data Scientist,161700,USD,161700,US,0,US,M
2024,SE,FT,Business Intelligence Lead,63000,GBP,78750,US,0,US,M
2024,SE,FT,Business Intelligence Lead,50000,GBP,62500,US,0,US,M
2024,SE,FT,Research Engineer,300200,USD,300200,US,0,US,M
2024,SE,FT,Research Engineer,199800,USD,199800,US,0,US,M
2024,SE,FT,Data Scientist,213000,USD,213000,US,0,US,M
2024,SE,FT,Data Scientist,120700,USD,120700,US,0,US,M
2024,MI,FT,Machine Learning Engineer,256500,USD,256500,US,0,US,M
2024,MI,FT,Machine Learning Engineer,138900,USD,138900,US,0,US,M
2024,SE,FT,Data Scientist,226500,USD,226500,US,100,US,M
2024,SE,FT,Data Scientist,110900,USD,110900,US,100,US,M
2024,SE,FT,Research Scientist,720000,USD,720000,US,0,US,M
2024,SE,FT,Research Scientist,100000,USD,100000,US,0,US,M
2024,SE,FT,Data Scientist,257600,USD,257600,US,0,US,M
2024,SE,FT,Data Scientist,146000,USD,146000,US,0,US,M
2024,SE,FT,Data Scientist,311900,USD,311900,US,0,US,M
2024,SE,FT,Data Scientist,207900,USD,207900,US,0,US,M
2024,SE,FT,Data Scientist,172500,USD,172500,US,0,US,M
2024,SE,FT,Data Scientist,132000,USD,132000,US,0,US,M
2024,MI,FT,Data Specialist,66300,USD,66300,US,100,US,M
2024,MI,FT,Data Specialist,37500,USD,37500,US,100,US,M
2024,EN,FT,Business Intelligence Analyst,115000,USD,115000,CA,100,CA,M
2024,EN,FT,Business Intelligence Analyst,75000,USD,75000,CA,100,CA,M
2024,MI,FT,Data Engineer,325270,USD,325270,US,100,US,M
2024,MI,FT,Data Engineer,299003,USD,299003,US,100,US,M
2024,SE,FT,Machine Learning Engineer,210000,USD,210000,US,0,US,M
2024,SE,FT,Machine Learning Engineer,146900,USD,146900,US,0,US,M
2024,MI,FT,Machine Learning Engineer,223600,USD,223600,US,0,US,L
2024,MI,FT,Machine Learning Engineer,115000,USD,115000,US,0,US,L
2024,MI,FT,AI Software Engineer,250200,USD,250200,US,0,US,M
2024,MI,FT,AI Software Engineer,117200,USD,117200,US,0,US,M
2024,MI,FT,Data Engineer,65000,GBP,81250,GB,0,GB,M
2024,MI,FT,Data Engineer,45000,GBP,56250,GB,0,GB,M
2024,MI,FT,Machine Learning Engineer,250000,USD,250000,US,0,US,M
2024,MI,FT,Machine Learning Engineer,160000,USD,160000,US,0,US,M
2024,SE,FT,Data Analyst,145000,USD,145000,US,0,US,M
2024,SE,FT,Data Analyst,80000,USD,80000,US,0,US,M
2024,MI,FT,Research Scientist,173000,USD,173000,US,0,US,M
2024,MI,FT,Research Scientist,117000,USD,117000,US,0,US,M
2024,MI,FT,Data Manager,128000,USD,128000,US,0,US,M
2024,MI,FT,Data Manager,81500,USD,81500,US,0,US,M
2024,SE,FT,Applied Scientist,212800,USD,212800,US,0,US,L
2024,SE,FT,Applied Scientist,115100,USD,115100,US,0,US,L
2024,SE,FT,Machine Learning Engineer,210000,USD,210000,US,100,US,M
2024,SE,FT,Machine Learning Engineer,146000,USD,146000,US,100,US,M
2024,SE,FT,Data Analyst,93918,USD,93918,US,0,US,M
2024,SE,FT,Data Analyst,51962,USD,51962,US,0,US,M
2024,MI,FT,Data Manager,58000,GBP,72500,GB,100,GB,M
2024,MI,FT,Data Manager,48000,GBP,60000,GB,100,GB,M
2024,MI,FT,Research Engineer,208000,USD,208000,US,0,US,M
2024,MI,FT,Research Engineer,146994,USD,146994,US,0,US,M
2024,SE,FT,Business Intelligence Engineer,202800,USD,202800,US,0,US,L
2024,SE,FT,Business Intelligence Engineer,104300,USD,104300,US,0,US,L
2024,MI,FT,Machine Learning Engineer,256500,USD,256500,US,0,US,M
2024,MI,FT,Machine Learning Engineer,138900,USD,138900,US,0,US,M
2024,MI,FT,Applied Scientist,222200,USD,222200,US,0,US,L
2024,MI,FT,Applied Scientist,136000,USD,136000,US,0,US,L
2024,MI,FT,Research Scientist,200000,USD,200000,US,0,US,M
2024,MI,FT,Research Scientist,136000,USD,136000,US,0,US,M
2024,SE,FT,Machine Learning Engineer,240240,USD,240240,US,0,US,M
2024,SE,FT,Machine Learning Engineer,213876,USD,213876,US,0,US,M
2024,MI,FT,Research Engineer,208000,USD,208000,US,0,US,M
2024,MI,FT,Research Engineer,146994,USD,146994,US,0,US,M
2024,SE,FT,Machine Learning Engineer,210000,USD,210000,CA,0,CA,M
2024,SE,FT,Machine Learning Engineer,160000,USD,160000,CA,0,CA,M
2024,SE,FT,Data Scientist,100000,USD,100000,US,100,US,M
2024,SE,FT,Data Scientist,100000,USD,100000,US,100,US,M
2024,SE,FT,Research Scientist,240240,USD,240240,US,0,US,M
2024,SE,FT,Research Scientist,203350,USD,203350,US,0,US,M
2024,MI,FT,AI Engineer,250000,USD,250000,US,0,US,M
2024,MI,FT,AI Engineer,160000,USD,160000,US,0,US,M
2024,SE,FT,Machine Learning Engineer,324000,USD,324000,US,0,US,M
2024,SE,FT,Machine Learning Engineer,159000,USD,159000,US,0,US,M
2024,MI,FT,Data Scientist,223500,USD,223500,US,0,US,M
2024,MI,FT,Data Scientist,109100,USD,109100,US,0,US,M
2024,MI,FT,Data Scientist,179000,USD,179000,US,0,US,M
2024,MI,FT,Data Scientist,86000,USD,86000,US,0,US,M
2024,SE,FT,Data Scientist,238600,USD,238600,US,0,US,M
2024,SE,FT,Data Scientist,112000,USD,112000,US,0,US,M
2024,SE,FT,Data Scientist,165000,USD,165000,US,0,US,M
2024,SE,FT,Data Scientist,150000,USD,150000,US,0,US,M
2024,MI,FT,Data Analyst,176900,USD,176900,US,0,US,M
2024,MI,FT,Data Analyst,80900,USD,80900,US,0,US,M
2024,MI,FT,Data Scientist,280000,USD,280000,US,0,US,M
2024,MI,FT,Data Scientist,230000,USD,230000,US,0,US,M
2024,MI,FT,Machine Learning Engineer,140000,USD,140000,US,100,US,M
2024,MI,FT,Machine Learning Engineer,110000,USD,110000,US,100,US,M
2024,MI,FT,Data Specialist,85000,USD,85000,US,100,US,M
2024,MI,FT,Data Specialist,68500,USD,68500,US,100,US,M
2024,SE,FT,Data Analyst,96600,USD,96600,US,0,US,M
2024,SE,FT,Data Analyst,55200,USD,55200,US,0,US,M
2024,SE,FT,Data Scientist,220000,USD,220000,US,0,US,M
2024,SE,FT,Data Scientist,137500,USD,137500,US,0,US,M
2024,SE,FT,Data Scientist,250000,USD,250000,US,0,US,M
2024,SE,FT,Data Scientist,110100,USD,110100,US,0,US,M
2024,EN,FT,Data Analyst,117700,USD,117700,US,0,US,M
2024,EN,FT,Data Analyst,82400,USD,82400,US,0,US,M
2024,SE,FT,Data Scientist,250000,USD,250000,US,0,US,M
2024,SE,FT,Data Scientist,110100,USD,110100,US,0,US,M
2024,MI,FT,Data Scientist,35000,GBP,43750,GB,0,GB,M
2024,MI,FT,Data Scientist,35000,GBP,43750,GB,0,GB,M
2024,SE,FT,Data Engineer,188500,USD,188500,US,0,US,M
2024,SE,FT,Data Engineer,165100,USD,165100,US,0,US,M
2024,SE,FT,Machine Learning Engineer,237000,USD,237000,US,100,US,M
2024,SE,FT,Machine Learning Engineer,161200,USD,161200,US,100,US,M
2024,SE,FT,Business Intelligence,82000,USD,82000,US,0,US,M
2024,SE,FT,Business Intelligence,51000,USD,51000,US,0,US,M
2024,MI,FT,Data Analyst,87630,USD,87630,US,100,US,M
2024,MI,FT,Data Analyst,61360,USD,61360,US,100,US,M
2024,SE,FT,Data Engineer,254000,USD,254000,US,0,US,M
2024,SE,FT,Data Engineer,159000,USD,159000,US,0,US,M
2024,MI,FT,Data Analyst,100000,USD,100000,US,0,US,M
2024,MI,FT,Data Analyst,80000,USD,80000,US,0,US,M
2024,EN,FT,Data Analyst,75100,USD,75100,US,0,US,M
2024,EN,FT,Data Analyst,75100,USD,75100,US,0,US,M
2024,SE,FT,Applied Scientist,282200,USD,282200,US,0,US,M
2024,SE,FT,Applied Scientist,133600,USD,133600,US,0,US,M
2024,SE,FT,Data Engineer,194600,USD,194600,US,0,US,M
2024,SE,FT,Data Engineer,116200,USD,116200,US,0,US,M
2024,SE,FT,Data Engineer,120000,USD,120000,UA,0,UA,M
2024,SE,FT,Data Engineer,60000,USD,60000,UA,0,UA,M
2024,SE,FT,AI Architect,250000,USD,250000,US,0,US,M
2024,SE,FT,AI Architect,110100,USD,110100,US,0,US,M
2024,EN,FT,Data Analyst,99000,USD,99000,CA,0,CA,M
2024,EN,FT,Data Analyst,80000,USD,80000,CA,0,CA,M
2024,EN,FT,Research Scientist,198600,USD,198600,US,0,US,M
2024,EN,FT,Research Scientist,94300,USD,94300,US,0,US,M
2024,MI,FT,Applied Scientist,198600,USD,198600,US,0,US,M
2024,MI,FT,Applied Scientist,94300,USD,94300,US,0,US,M
2024,SE,FT,Applied Scientist,158200,USD,158200,US,0,US,M
2024,SE,FT,Applied Scientist,79000,USD,79000,US,0,US,M
2024,MI,FT,Data Manager,123500,USD,123500,US,0,US,M
2024,MI,FT,Data Manager,73500,USD,73500,US,0,US,M
2024,EN,FT,Business Intelligence Engineer,89500,USD,89500,US,100,US,M
2024,EN,FT,Business Intelligence Engineer,65000,USD,65000,US,100,US,M
2024,SE,FT,Data Engineer,257900,USD,257900,US,0,US,M
2024,SE,FT,Data Engineer,155200,USD,155200,US,0,US,M
2024,SE,FT,AI Engineer,160000,USD,160000,US,100,US,M
2024,SE,FT,AI Engineer,140000,USD,140000,US,100,US,M
2024,SE,FT,Data Scientist,220000,USD,220000,US,100,US,M
2024,SE,FT,Data Scientist,96600,USD,96600,US,100,US,M
2024,MI,FT,Data Engineer,179000,USD,179000,US,0,US,M
2024,MI,FT,Data Engineer,112000,USD,112000,US,0,US,M
2024,MI,FT,Data Analyst,176900,USD,176900,US,0,US,M
2024,MI,FT,Data Analyst,80900,USD,80900,US,0,US,M
2024,MI,FT,Data Scientist,110630,USD,110630,CA,0,CA,M
2024,MI,FT,Data Scientist,59570,USD,59570,CA,0,CA,M
2024,EN,FT,Business Intelligence Analyst,232000,USD,232000,US,0,US,M
2024,EN,FT,Business Intelligence Analyst,182000,USD,182000,US,0,US,M
2024,SE,FT,Data Scientist,269000,USD,269000,CA,0,CA,M
2024,SE,FT,Data Scientist,150000,USD,150000,CA,0,CA,M
2024,SE,FT,Data Analyst,124800,USD,124800,US,0,US,M
2024,SE,FT,Data Analyst,67500,USD,67500,US,0,US,M
2024,SE,FT,Business Intelligence Engineer,202800,USD,202800,US,100,US,M
2024,SE,FT,Business Intelligence Engineer,115000,USD,115000,US,100,US,M
2024,MI,FT,Data Engineer,279400,USD,279400,US,100,US,M
2024,MI,FT,Data Engineer,236474,USD,236474,US,100,US,M
2024,MI,FT,Applied Scientist,198600,USD,198600,US,0,US,M
2024,MI,FT,Applied Scientist,94300,USD,94300,US,0,US,M
2024,MI,FT,Business Intelligence Engineer,120000,USD,120000,US,0,US,M
2024,MI,FT,Business Intelligence Engineer,90000,USD,90000,US,0,US,M
2024,EX,FT,Data Engineer,394000,USD,394000,US,100,US,M
2024,EX,FT,Data Engineer,352000,USD,352000,US,100,US,M
2024,MI,FT,Data Scientist,105000,USD,105000,US,0,US,M
2024,MI,FT,Data Scientist,90000,USD,90000,US,0,US,M
2024,SE,FT,Machine Learning Engineer,270000,USD,270000,US,0,US,M
2024,SE,FT,Machine Learning Engineer,183600,USD,183600,US,0,US,M
2024,SE,FT,Data Engineer,247300,USD,247300,US,0,US,M
2024,SE,FT,Data Engineer,139800,USD,139800,US,0,US,M
2024,MI,FT,Data Engineer,50000,GBP,62500,GB,0,GB,M
2024,MI,FT,Data Engineer,40000,GBP,50000,GB,0,GB,M
2024,SE,FT,Machine Learning Scientist,204600,USD,204600,US,0,US,M
2024,SE,FT,Machine Learning Scientist,84500,USD,84500,US,0,US,M
2024,MI,FT,Data Analyst,90000,USD,90000,US,0,US,M
2024,MI,FT,Data Analyst,70000,USD,70000,US,0,US,M
2024,MI,FT,Data Scientist,155000,USD,155000,US,0,US,M
2024,MI,FT,Data Scientist,103000,USD,103000,US,0,US,M
2024,MI,FT,Applied Scientist,222200,USD,222200,US,0,US,L
2024,MI,FT,Applied Scientist,136000,USD,136000,US,0,US,L
2024,SE,FT,Data Scientist,258000,USD,258000,US,0,US,M
2024,SE,FT,Data Scientist,202000,USD,202000,US,0,US,M
2024,EN,FT,Data Analyst,73000,USD,73000,US,100,US,M
2024,EN,FT,Data Analyst,57000,USD,57000,US,100,US,M
2024,SE,FT,Data Engineer,150000,USD,150000,US,0,US,M
2024,SE,FT,Data Engineer,150000,USD,150000,US,0,US,M
2024,MI,FT,Research Engineer,164000,USD,164000,US,0,US,M
2024,MI,FT,Research Engineer,111000,USD,111000,US,0,US,M
2024,SE,FT,Machine Learning Engineer,195000,USD,195000,US,100,US,M
2024,SE,FT,Machine Learning Engineer,125000,USD,125000,US,100,US,M
2024,SE,FT,Applied Scientist,237000,USD,237000,US,0,US,M
2024,SE,FT,Applied Scientist,161200,USD,161200,US,0,US,M
2024,SE,FT,Machine Learning Engineer,250000,USD,250000,US,0,US,M
2024,SE,FT,Machine Learning Engineer,150000,USD,150000,US,0,US,M
2024,SE,FT,Data Engineer,133250,USD,133250,CA,100,CA,M
2024,SE,FT,Data Engineer,118250,USD,118250,CA,100,CA,M
2024,SE,FT,Data Scientist,178000,USD,178000,US,0,US,M
2024,SE,FT,Data Scientist,122000,USD,122000,US,0,US,M
2024,SE,FT,Data Scientist,60000,EUR,66666,LT,0,LT,M
2024,SE,FT,Data Scientist,60000,EUR,66666,LT,0,LT,M
2024,SE,FT,Machine Learning Engineer,256500,USD,256500,US,0,US,M
2024,SE,FT,Machine Learning Engineer,138900,USD,138900,US,0,US,M
2024,SE,FT,Data Engineer,230000,USD,230000,US,0,US,M
2024,SE,FT,Data Engineer,200000,USD,200000,US,0,US,M
2024,MI,FT,Machine Learning Engineer,180000,USD,180000,US,0,US,M
2024,MI,FT,Machine Learning Engineer,100000,USD,100000,US,0,US,M
2024,MI,FT,Data Analyst,125000,USD,125000,US,0,US,M
2024,MI,FT,Data Analyst,100000,USD,100000,US,0,US,M
2024,SE,FT,Data Engineer,213000,USD,213000,US,100,US,M
2024,SE,FT,Data Engineer,177000,USD,177000,US,100,US,M
2024,MI,FT,Data Manager,180500,USD,180500,US,0,US,M
2024,MI,FT,Data Manager,96200,USD,96200,US,0,US,M
2024,MI,FT,Data Analyst,137000,USD,137000,US,0,US,M
2024,MI,FT,Data Analyst,60300,USD,60300,US,0,US,M
2024,EN,FT,Data Analyst,85420,USD,85420,US,0,US,M
2024,EN,FT,Data Analyst,50000,USD,50000,US,0,US,M
2024,MI,FT,Research Scientist,293000,USD,293000,US,0,US,M
2024,MI,FT,Research Scientist,213000,USD,213000,US,0,US,M
2024,EN,FT,Data Analyst,101000,USD,101000,US,0,US,M
2024,EN,FT,Data Analyst,77000,USD,77000,US,0,US,M
2024,SE,FT,Applied Scientist,282200,USD,282200,US,0,US,M
2024,SE,FT,Applied Scientist,133600,USD,133600,US,0,US,M
2024,SE,FT,Machine Learning Engineer,145000,USD,145000,US,0,US,M
2024,SE,FT,Machine Learning Engineer,135000,USD,135000,US,0,US,M
2024,SE,FT,AI Engineer,240240,USD,240240,US,0,US,M
2024,SE,FT,AI Engineer,236078,USD,236078,US,0,US,M
2024,MI,FT,Data Scientist,133100,USD,133100,US,0,US,M
2024,MI,FT,Data Scientist,79300,USD,79300,US,0,US,M
2024,SE,FT,Data Scientist,164600,USD,164600,US,0,US,M
2024,SE,FT,Data Scientist,99200,USD,99200,US,0,US,M
2024,SE,FT,Machine Learning Engineer,251600,USD,251600,US,0,US,M
2024,SE,FT,Machine Learning Engineer,96800,USD,96800,US,0,US,M
2024,SE,FT,AI Engineer,220000,USD,220000,US,0,US,M
2024,SE,FT,AI Engineer,96600,USD,96600,US,0,US,M
2024,MI,FT,Research Scientist,178200,USD,178200,US,0,US,M
2024,MI,FT,Research Scientist,74800,USD,74800,US,0,US,M
2024,MI,FT,Data Scientist,188400,USD,188400,US,0,US,M
2024,MI,FT,Data Scientist,125600,USD,125600,US,0,US,M
2024,EN,FT,Data Analyst,94000,USD,94000,US,0,US,M
2024,EN,FT,Data Analyst,50000,USD,50000,US,0,US,M
2024,SE,FT,Data Analyst,150000,USD,150000,US,0,US,M
2024,SE,FT,Data Analyst,120000,USD,120000,US,0,US,M
2024,MI,FT,Applied Scientist,198600,USD,198600,US,0,US,M
2024,MI,FT,Applied Scientist,94300,USD,94300,US,0,US,M
2024,EN,FT,Business Intelligence,75000,USD,75000,AU,0,AU,M
2024,EN,FT,Business Intelligence,70000,USD,70000,AU,0,AU,M
2024,SE,FT,Cloud Database Engineer,178250,USD,178250,US,100,US,M
2024,SE,FT,Cloud Database Engineer,105500,USD,105500,US,100,US,M
2024,SE,FT,Research Scientist,211500,USD,211500,US,0,US,M
2024,SE,FT,Research Scientist,136500,USD,136500,US,0,US,M
2024,MI,FT,AI Engineer,125500,USD,125500,US,0,US,M
2024,MI,FT,AI Engineer,78000,USD,78000,US,0,US,M
2024,MI,FT,Data Analytics Manager,155500,USD,155500,US,0,US,M
2024,MI,FT,Data Analytics Manager,130000,USD,130000,US,0,US,M
2024,MI,FT,Applied Scientist,222200,USD,222200,US,0,US,L
2024,MI,FT,Applied Scientist,136000,USD,136000,US,0,US,L
2024,SE,FT,Data Scientist,187000,USD,187000,US,100,US,M
2024,SE,FT,Data Scientist,156000,USD,156000,US,100,US,M
2024,EN,FT,Research Scientist,170500,USD,170500,US,100,US,M
2024,EN,FT,Research Scientist,123200,USD,123200,US,100,US,M
2024,SE,FT,Data Engineer,80000,USD,80000,US,0,US,M
2024,SE,FT,Data Engineer,75000,USD,75000,US,0,US,M
2024,MI,FT,Applied Scientist,212800,USD,212800,US,0,US,L
2024,MI,FT,Applied Scientist,115100,USD,115100,US,0,US,L
2024,MI,FT,Research Scientist,243300,USD,243300,US,0,US,M
2024,MI,FT,Research Scientist,131500,USD,131500,US,0,US,M
2024,SE,FT,Data Engineer,178090,USD,178090,US,100,US,M
2024,SE,FT,Data Engineer,81978,USD,81978,US,100,US,M
2024,SE,FT,Data Scientist,122900,USD,122900,US,0,US,M
2024,SE,FT,Data Scientist,122900,USD,122900,US,0,US,M
2024,SE,FT,Data Engineer,60000,GBP,75000,GB,0,GB,M
2024,SE,FT,Data Engineer,50000,GBP,62500,GB,0,GB,M
2024,SE,FT,Data Analytics Specialist,234000,USD,234000,US,0,US,M
2024,SE,FT,Data Analytics Specialist,146000,USD,146000,US,0,US,M
2024,SE,FT,Data Scientist,223000,USD,223000,US,0,US,M
2024,SE,FT,Data Scientist,150000,USD,150000,US,0,US,M
2024,SE,FT,AI Engineer,190000,USD,190000,US,100,US,M
2024,SE,FT,AI Engineer,130000,USD,130000,US,100,US,M
2024,SE,FT,Data Engineer,154000,USD,154000,US,100,US,M
2024,SE,FT,Data Engineer,123200,USD,123200,US,100,US,M
2024,SE,FT,Research Engineer,158500,USD,158500,US,0,US,M
2024,SE,FT,Research Engineer,129700,USD,129700,US,0,US,M
2024,SE,FT,Data Engineer,256500,USD,256500,US,0,US,M
2024,SE,FT,Data Engineer,170700,USD,170700,US,0,US,M
2024,MI,FT,Data Scientist,212800,USD,212800,US,0,US,L
2024,MI,FT,Data Scientist,111600,USD,111600,US,0,US,L
2024,MI,FT,Analytics Engineer,256500,USD,256500,US,0,US,M
2024,MI,FT,Analytics Engineer,138900,USD,138900,US,0,US,M
2024,SE,FT,Data Engineer,140000,USD,140000,US,100,US,M
2024,SE,FT,Data Engineer,120000,USD,120000,US,100,US,M
2024,MI,FT,Research Scientist,235400,USD,235400,US,0,US,M
2024,MI,FT,Research Scientist,209720,USD,209720,US,0,US,M
2024,SE,FT,Applied Scientist,260000,USD,260000,US,0,US,L
2024,SE,FT,Applied Scientist,136000,USD,136000,US,0,US,L
2024,SE,FT,Data Scientist,172800,USD,172800,US,100,US,M
2024,SE,FT,Data Scientist,110000,USD,110000,US,100,US,M
2024,SE,FT,Data Scientist,235400,USD,235400,US,0,US,M
2024,SE,FT,Data Scientist,209720,USD,209720,US,0,US,M
2024,MI,FT,BI Developer,60000,GBP,75000,GB,100,GB,M
2024,MI,FT,BI Developer,50000,GBP,62500,GB,100,GB,M
2024,MI,FT,Cloud Database Engineer,149750,USD,149750,US,100,US,M
2024,MI,FT,Cloud Database Engineer,84500,USD,84500,US,100,US,M
2024,MI,FT,Data Engineer,111500,USD,111500,US,0,US,M
2024,MI,FT,Data Engineer,81500,USD,81500,US,0,US,M
2024,MI,FT,Research Scientist,256500,USD,256500,US,0,US,M
2024,MI,FT,Research Scientist,138900,USD,138900,US,0,US,M
2024,MI,FT,Machine Learning Engineer,230000,USD,230000,US,0,US,M
2024,MI,FT,Machine Learning Engineer,160000,USD,160000,US,0,US,M
2024,SE,FT,Data Engineer,220800,USD,220800,US,0,US,M
2024,SE,FT,Data Engineer,124800,USD,124800,US,0,US,M
2024,MI,FT,Data Engineer,196900,USD,196900,US,0,US,M
2024,MI,FT,Data Engineer,180393,USD,180393,US,0,US,M
2024,SE,FT,Data Scientist,144600,USD,144600,US,0,US,M
2024,SE,FT,Data Scientist,144600,USD,144600,US,0,US,M
2024,SE,FT,Machine Learning Engineer,168700,USD,168700,US,0,US,M
2024,SE,FT,Machine Learning Engineer,120500,USD,120500,US,0,US,M
2024,MI,FT,Data Scientist,235400,USD,235400,US,0,US,M
2024,MI,FT,Data Scientist,204334,USD,204334,US,0,US,M
2024,SE,FT,Analytics Engineer,98000,USD,98000,US,100,US,M
2024,SE,FT,Analytics Engineer,80000,USD,80000,US,100,US,M
2024,SE,FT,Machine Learning Engineer,337300,USD,337300,US,0,US,M
2024,SE,FT,Machine Learning Engineer,192700,USD,192700,US,0,US,M
2024,SE,FT,Machine Learning Engineer,190000,USD,190000,AU,0,AU,M
2024,SE,FT,Machine Learning Engineer,160000,USD,160000,AU,0,AU,M
2024,MI,FT,Data Scientist,227000,USD,227000,US,0,US,M
2024,MI,FT,Data Scientist,152000,USD,152000,US,0,US,M
2024,MI,FT,Data Analyst,90000,USD,90000,US,0,US,M
2024,MI,FT,Data Analyst,70000,USD,70000,US,0,US,M
2024,SE,FT,Machine Learning Engineer,300200,USD,300200,US,0,US,M
2024,SE,FT,Machine Learning Engineer,170700,USD,170700,US,0,US,M
2024,SE,FT,Data Engineer,60000,GBP,75000,GB,100,GB,M
2024,SE,FT,Data Engineer,40000,GBP,50000,GB,100,GB,M
2024,MI,FT,Data Analyst,190000,USD,190000,US,0,US,M
2024,MI,FT,Data Analyst,145000,USD,145000,US,0,US,M
2024,SE,FT,Data Scientist,140000,USD,140000,US,100,US,M
2024,SE,FT,Data Scientist,90000,USD,90000,US,100,US,M
2024,MI,FT,Data Scientist,113000,USD,113000,US,0,US,M
2024,MI,FT,Data Scientist,113000,USD,113000,US,0,US,M
2024,MI,FT,Research Scientist,165500,USD,165500,US,100,US,M
2024,MI,FT,Research Scientist,119600,USD,119600,US,100,US,M
2024,MI,FT,Data Analyst,138500,USD,138500,US,0,US,M
2024,MI,FT,Data Analyst,69300,USD,69300,US,0,US,M
2024,SE,FT,Data Scientist,207000,USD,207000,US,100,US,M
2024,SE,FT,Data Scientist,149800,USD,149800,US,100,US,M
2024,MI,FT,Data Engineer,148000,USD,148000,US,0,US,M
2024,MI,FT,Data Engineer,106500,USD,106500,US,0,US,M
2024,SE,FT,Data Architect,196500,USD,196500,US,0,US,M
2024,SE,FT,Data Architect,92000,USD,92000,US,0,US,M
2024,MI,FT,Machine Learning Engineer,222300,USD,222300,US,0,US,M
2024,MI,FT,Machine Learning Engineer,119700,USD,119700,US,0,US,M
2024,MI,FT,Data Engineer,128000,USD,128000,US,100,US,M
2024,MI,FT,Data Engineer,113000,USD,113000,US,100,US,M
2024,EN,FT,Computer Vision Engineer,193000,USD,193000,US,0,US,M
2024,EN,FT,Computer Vision Engineer,84600,USD,84600,US,0,US,M
2024,SE,FT,Research Engineer,208000,USD,208000,US,0,US,M
2024,SE,FT,Research Engineer,146994,USD,146994,US,0,US,M
2024,SE,FT,Business Intelligence,104280,USD,104280,US,100,US,M
2024,SE,FT,Business Intelligence,69520,USD,69520,US,100,US,M
2024,SE,FT,Data Engineer,152000,USD,152000,US,0,US,M
2024,SE,FT,Data Engineer,111000,USD,111000,US,0,US,M
2024,SE,FT,Machine Learning Engineer,297000,USD,297000,US,0,US,M
2024,SE,FT,Machine Learning Engineer,168300,USD,168300,US,0,US,M
2024,SE,FT,Data Scientist,179000,USD,179000,US,0,US,M
2024,SE,FT,Data Scientist,112000,USD,112000,US,0,US,M
2024,SE,FT,AI Architect,282200,USD,282200,US,0,US,M
2024,SE,FT,AI Architect,133600,USD,133600,US,0,US,M
2024,SE,FT,Data Scientist,174500,USD,174500,GB,0,GB,M
2024,SE,FT,Data Scientist,109000,USD,109000,GB,0,GB,M
2024,EN,FT,Data Scientist,110000,USD,110000,US,0,US,M
2024,EN,FT,Data Scientist,80000,USD,80000,US,0,US,M
2024,SE,FT,Data Scientist,130000,USD,130000,US,0,US,M
2024,SE,FT,Data Scientist,104000,USD,104000,US,0,US,M
2024,SE,FT,Machine Learning Engineer,283750,USD,283750,US,0,US,M
2024,SE,FT,Machine Learning Engineer,136125,USD,136125,US,0,US,M
2024,MI,FT,Data Scientist,235400,USD,235400,US,0,US,M
2024,MI,FT,Data Scientist,212109,USD,212109,US,0,US,M
2024,SE,FT,Data Infrastructure Engineer,111600,EUR,124000,LT,0,LT,M
2024,SE,FT,Data Infrastructure Engineer,79200,EUR,88000,LT,0,LT,M
2024,SE,FT,Data Analyst,187415,USD,187415,US,0,US,M
2024,SE,FT,Data Analyst,114080,USD,114080,US,0,US,M
2024,SE,FT,Data Scientist,60000,GBP,75000,GB,0,GB,M
2024,SE,FT,Data Scientist,60000,GBP,75000,GB,0,GB,M
2024,SE,FT,Analytics Engineer,216000,USD,216000,US,0,US,M
2024,SE,FT,Analytics Engineer,146000,USD,146000,US,0,US,M
2024,SE,FT,Research Analyst,170000,USD,170000,US,0,US,M
2024,SE,FT,Research Analyst,130000,USD,130000,US,0,US,M
2024,SE,FT,Data Scientist,90000,GBP,112500,GB,0,GB,M
2024,SE,FT,Data Scientist,90000,GBP,112500,GB,0,GB,M
2024,MI,FT,Data Operations Associate,133000,USD,133000,US,0,US,M
2024,MI,FT,Data Operations Associate,87000,USD,87000,US,0,US,M
2024,SE,FT,Data Scientist,193000,USD,193000,US,0,US,M
2024,SE,FT,Data Scientist,84600,USD,84600,US,0,US,M
2024,SE,FT,Data Engineer,324000,USD,324000,US,0,US,M
2024,SE,FT,Data Engineer,159000,USD,159000,US,0,US,M
2024,SE,FT,Analytics Engineer,150000,USD,150000,US,0,US,M
2024,SE,FT,Analytics Engineer,150000,USD,150000,US,0,US,M
2024,SE,FT,Analytics Engineer,250000,USD,250000,US,100,US,M
2024,SE,FT,Analytics Engineer,166000,USD,166000,US,100,US,M
2024,SE,FT,Data Analyst,214800,USD,214800,CA,0,CA,M
2024,SE,FT,Data Analyst,118800,USD,118800,CA,0,CA,M
2024,EN,FT,Data Analyst,139000,USD,139000,US,0,US,M
2024,EN,FT,Data Analyst,94500,USD,94500,US,0,US,M
2024,SE,FT,Business Intelligence,190000,USD,190000,US,0,US,M
2024,SE,FT,Business Intelligence,190000,USD,190000,US,0,US,M
2024,SE,FT,Machine Learning Engineer,221000,USD,221000,US,0,US,M
2024,SE,FT,Machine Learning Engineer,180000,USD,180000,US,0,US,M
2024,SE,FT,Analytics Engineer,196900,USD,196900,US,0,US,M
2024,SE,FT,Analytics Engineer,186949,USD,186949,US,0,US,M
2024,MI,FT,Data Scientist,111740,USD,111740,US,0,US,M
2024,MI,FT,Data Scientist,75500,USD,75500,US,0,US,M
2024,SE,FT,Computer Vision Engineer,74500,GBP,93125,GB,0,GB,M
2024,SE,FT,Computer Vision Engineer,52500,GBP,65625,GB,0,GB,M
2024,SE,FT,Data Scientist,196900,USD,196900,US,0,US,M
2024,SE,FT,Data Scientist,162706,USD,162706,US,0,US,M
2024,MI,FT,Machine Learning Engineer,170000,USD,170000,US,0,US,M
2024,MI,FT,Machine Learning Engineer,130000,USD,130000,US,0,US,M
2024,MI,FT,Applied Scientist,243300,USD,243300,US,0,US,M
2024,MI,FT,Applied Scientist,131500,USD,131500,US,0,US,M
2024,MI,FT,Data Scientist,241500,USD,241500,US,0,US,M
2024,MI,FT,Data Scientist,166500,USD,166500,US,0,US,M
2024,SE,FT,Data Analyst,207300,USD,207300,US,100,US,M
2024,SE,FT,Data Analyst,133300,USD,133300,US,100,US,M
2024,EX,FT,Data Engineer,100000,USD,100000,CA,0,CA,M
2024,EX,FT,Data Engineer,50000,USD,50000,CA,0,CA,M
2024,SE,FT,Data Analyst,207300,USD,207300,US,0,US,M
2024,SE,FT,Data Analyst,165900,USD,165900,US,0,US,M
2024,SE,FT,Data Engineer,225197,USD,225197,US,0,US,M
2024,SE,FT,Data Engineer,215197,USD,215197,US,0,US,M
2024,SE,FT,Data Analyst,156145,USD,156145,US,100,US,M
2024,SE,FT,Data Analyst,113560,USD,113560,US,100,US,M
2024,MI,FT,Analytics Engineer,174000,USD,174000,US,0,US,M
2024,MI,FT,Analytics Engineer,118000,USD,118000,US,0,US,M
2024,SE,FT,Business Intelligence,147700,USD,147700,US,0,US,M
2024,SE,FT,Business Intelligence,147700,USD,147700,US,0,US,M
2024,MI,FT,Data Engineer,135000,USD,135000,US,0,US,M
2024,MI,FT,Data Engineer,100000,USD,100000,US,0,US,M
2024,SE,FT,Machine Learning Engineer,249000,USD,249000,US,0,US,M
2024,SE,FT,Machine Learning Engineer,120000,USD,120000,US,0,US,M
2024,MI,FT,Data Scientist,205000,USD,205000,US,0,US,M
2024,MI,FT,Data Scientist,205000,USD,205000,US,0,US,M
2024,MI,FT,Data Scientist,180000,USD,180000,US,0,US,M
2024,MI,FT,Data Scientist,144000,USD,144000,US,0,US,M
2024,SE,FT,Data Scientist,205000,USD,205000,US,0,US,M
2024,SE,FT,Data Scientist,174250,USD,174250,US,0,US,M
2024,MI,FT,Machine Learning Engineer,208300,USD,208300,US,0,US,M
2024,MI,FT,Machine Learning Engineer,138900,USD,138900,US,0,US,M
2024,MI,FT,Machine Learning Engineer,299000,USD,299000,US,0,US,M
2024,MI,FT,Machine Learning Engineer,187000,USD,187000,US,0,US,M
2024,SE,FT,Machine Learning Engineer,257000,USD,257000,US,0,US,M
2024,SE,FT,Machine Learning Engineer,129000,USD,129000,US,0,US,M
2024,SE,FT,Machine Learning Engineer,249000,USD,249000,US,0,US,M
2024,SE,FT,Machine Learning Engineer,120000,USD,120000,US,0,US,M
2024,MI,FT,Data Scientist,155000,USD,155000,US,0,US,M
2024,MI,FT,Data Scientist,124000,USD,124000,US,0,US,M
2024,MI,FT,Research Scientist,173000,USD,173000,US,0,US,M
2024,MI,FT,Research Scientist,117000,USD,117000,US,0,US,M
2024,SE,FT,Data Engineer,206000,USD,206000,US,100,US,M
2024,SE,FT,Data Engineer,175100,USD,175100,US,100,US,M
2024,MI,FT,Analytics Engineer,77500,CAD,59615,CA,100,CA,S
2024,SE,FT,AI Developer,252000,USD,252000,US,0,US,M
2024,SE,FT,AI Developer,168000,USD,168000,US,0,US,M
2024,MI,FT,Data Scientist,199500,USD,199500,US,100,US,M
2024,MI,FT,Data Scientist,86700,USD,86700,US,100,US,M
2024,SE,FT,Research Engineer,180000,USD,180000,US,0,US,S
2024,SE,FT,Research Engineer,160000,USD,160000,US,0,US,S
2024,SE,FT,Research Scientist,238600,USD,238600,US,0,US,M
2024,SE,FT,Research Scientist,112000,USD,112000,US,0,US,M
2024,SE,FT,Data Scientist,304000,USD,304000,US,0,US,M
2024,SE,FT,Data Scientist,190000,USD,190000,US,0,US,M
2024,SE,FT,Data Scientist,137000,USD,137000,US,0,US,M
2024,SE,FT,Data Scientist,80500,USD,80500,US,0,US,M
2024,SE,FT,Research Scientist,128000,USD,128000,US,100,US,M
2024,SE,FT,Research Scientist,93000,USD,93000,US,100,US,M
2024,MI,FT,Data Scientist,250800,USD,250800,US,100,US,M
2024,MI,FT,Data Scientist,167200,USD,167200,US,100,US,M
2024,SE,FT,Data Engineer,266482,USD,266482,US,0,US,M
2024,SE,FT,Data Engineer,166551,USD,166551,US,0,US,M
2024,SE,FT,Data Analyst,181610,USD,181610,CA,0,CA,M
2024,SE,FT,Data Analyst,112200,USD,112200,CA,0,CA,M
2024,MI,FT,Data Engineer,150000,USD,150000,US,0,US,M
2024,MI,FT,Data Engineer,130000,USD,130000,US,0,US,M
2024,MI,FT,Applied Scientist,222200,USD,222200,US,0,US,L
2024,MI,FT,Applied Scientist,136000,USD,136000,US,0,US,L
2024,SE,FT,Machine Learning Engineer,500000,USD,500000,US,0,US,M
2024,SE,FT,Machine Learning Engineer,100000,USD,100000,US,0,US,M
2024,SE,FT,Data Architect,175000,USD,175000,US,0,US,M
2024,SE,FT,Data Architect,117000,USD,117000,US,0,US,M
2024,MI,FT,Data Engineer,137930,USD,137930,CA,0,CA,M
2024,MI,FT,Data Engineer,74270,USD,74270,CA,0,CA,M
2024,SE,FT,Data Scientist,188500,USD,188500,US,0,US,M
2024,SE,FT,Data Scientist,165100,USD,165100,US,0,US,M
2024,SE,FT,Data Scientist,199500,USD,199500,US,100,US,M
2024,SE,FT,Data Scientist,86700,USD,86700,US,100,US,M
2024,SE,FT,Data Engineer,128000,USD,128000,US,0,US,M
2024,SE,FT,Data Engineer,81500,USD,81500,US,0,US,M
2024,SE,FT,Data Analyst,108334,USD,108334,US,0,US,M
2024,SE,FT,Data Analyst,59923,USD,59923,US,0,US,M
2024,SE,FT,Business Intelligence Analyst,109000,USD,109000,US,0,US,M
2024,SE,FT,Business Intelligence Analyst,62300,USD,62300,US,0,US,M
2024,SE,FT,Data Architect,184000,USD,184000,US,0,US,M
2024,SE,FT,Data Architect,123000,USD,123000,US,0,US,M
2024,EN,FT,Data Analyst,143000,USD,143000,CA,0,CA,M
2024,EN,FT,Data Analyst,82900,USD,82900,CA,0,CA,M
2024,SE,FT,Research Engineer,440000,USD,440000,US,0,US,M
2024,SE,FT,Research Engineer,360000,USD,360000,US,0,US,M
2024,MI,FT,Data Engineer,218500,USD,218500,US,100,US,M
2024,MI,FT,Data Engineer,210662,USD,210662,US,100,US,M
2024,SE,FT,Data Analyst,56280,USD,56280,US,0,US,M
2024,SE,FT,Data Analyst,41820,USD,41820,US,0,US,M
2024,MI,FT,Research Scientist,145000,USD,145000,US,0,US,M
2024,MI,FT,Research Scientist,103000,USD,103000,US,0,US,M
2024,SE,FT,Data Engineer,196900,USD,196900,US,100,US,M
2024,SE,FT,Data Engineer,174271,USD,174271,US,100,US,M
2024,SE,FT,Data Engineer,153000,USD,153000,US,0,US,M
2024,SE,FT,Data Engineer,102000,USD,102000,US,0,US,M
2024,EX,FT,Data Engineer,320000,USD,320000,US,100,US,M
2024,EX,FT,Data Engineer,215000,USD,215000,US,100,US,M
2024,MI,FT,Research Analyst,160000,USD,160000,US,0,US,M
2024,MI,FT,Research Analyst,100000,USD,100000,US,0,US,M
2024,SE,FT,Data Engineer,154400,USD,154400,US,100,US,M
2024,SE,FT,Data Engineer,123520,USD,123520,US,100,US,M
2024,SE,FT,Data Engineer,341000,USD,341000,US,100,US,M
2024,SE,FT,Data Engineer,228800,USD,228800,US,100,US,M
2024,SE,FT,Data Scientist,125000,USD,125000,US,100,US,M
2024,SE,FT,Data Scientist,108000,USD,108000,US,100,US,M
2024,MI,FT,Data Analytics Manager,170000,USD,170000,US,100,US,M
2024,MI,FT,Data Analytics Manager,150000,USD,150000,US,100,US,M
2024,MI,FT,Data Scientist,218500,USD,218500,US,100,US,M
2024,MI,FT,Data Scientist,190000,USD,190000,US,100,US,M
2024,SE,FT,Machine Learning Engineer,243300,USD,243300,US,0,US,M
2024,SE,FT,Machine Learning Engineer,131500,USD,131500,US,0,US,M
2024,SE,FT,Data Scientist,244000,USD,244000,US,100,US,M
2024,SE,FT,Data Scientist,160000,USD,160000,US,100,US,M
2024,MI,FT,Data Engineer,243300,USD,243300,US,0,US,M
2024,MI,FT,Data Engineer,131500,USD,131500,US,0,US,M
2024,SE,FT,Data Scientist,235400,USD,235400,US,0,US,M
2024,SE,FT,Data Scientist,216705,USD,216705,US,0,US,M
2024,SE,FT,Research Scientist,251000,USD,251000,US,0,US,M
2024,SE,FT,Research Scientist,177000,USD,177000,US,0,US,M
2024,SE,FT,Research Scientist,239000,USD,239000,US,0,US,M
2024,SE,FT,Research Scientist,161000,USD,161000,US,0,US,M
2024,SE,FT,Data Engineer,160000,USD,160000,US,0,US,M
2024,SE,FT,Data Engineer,125000,USD,125000,US,0,US,M
2024,SE,FT,Data Scientist,252000,USD,252000,US,0,US,M
2024,SE,FT,Data Scientist,168000,USD,168000,US,0,US,M
2024,EX,FT,Data Engineer,219650,USD,219650,US,100,US,M
2024,EX,FT,Data Engineer,136000,USD,136000,US,100,US,M
2024,SE,FT,Machine Learning Engineer,300200,USD,300200,US,0,US,M
2024,SE,FT,Machine Learning Engineer,199800,USD,199800,US,0,US,M
2024,MI,FT,Data Scientist,110000,USD,110000,US,0,US,M
2024,MI,FT,Data Scientist,110000,USD,110000,US,0,US,M
2024,MI,FT,Data Product Manager,160455,USD,160455,US,0,US,M
2024,MI,FT,Data Product Manager,91318,USD,91318,US,0,US,M
2024,SE,FT,Data Scientist,212800,USD,212800,US,0,US,L
2024,SE,FT,Data Scientist,111600,USD,111600,US,0,US,L
2024,SE,FT,Data Scientist,174000,USD,174000,US,100,US,M
2024,SE,FT,Data Scientist,139200,USD,139200,US,100,US,M
2024,MI,FT,Research Engineer,208000,USD,208000,US,0,US,M
2024,MI,FT,Research Engineer,146994,USD,146994,US,0,US,M
2024,MI,FT,Machine Learning Engineer,160000,USD,160000,US,0,US,M
2024,MI,FT,Machine Learning Engineer,140000,USD,140000,US,0,US,M
2024,SE,FT,Data Scientist,364100,USD,364100,US,0,US,M
2024,SE,FT,Data Scientist,210900,USD,210900,US,0,US,M
2024,EN,FT,Data Analytics Lead,198400,USD,198400,US,100,US,M
2024,EN,FT,Data Analytics Lead,132300,USD,132300,US,100,US,M
2024,SE,FT,Data Analytics Lead,185000,USD,185000,US,0,US,M
2024,SE,FT,Data Analytics Lead,150000,USD,150000,US,0,US,M
2024,MI,FT,Analytics Engineer,40000,GBP,50000,GB,0,GB,M
2024,MI,FT,Analytics Engineer,35000,GBP,43750,GB,0,GB,M
2024,SE,FT,Business Intelligence Engineer,202800,USD,202800,US,0,US,L
2024,SE,FT,Business Intelligence Engineer,104300,USD,104300,US,0,US,L
2024,SE,FT,Machine Learning Engineer,145400,USD,145400,US,0,US,M
2024,SE,FT,Machine Learning Engineer,145400,USD,145400,US,0,US,M
2024,MI,FT,Data Manager,73300,USD,73300,US,0,US,M
2024,MI,FT,Data Manager,67600,USD,67600,US,0,US,M
2024,MI,FT,Research Scientist,208000,USD,208000,US,0,US,M
2024,MI,FT,Research Scientist,143000,USD,143000,US,0,US,M
2024,SE,FT,Data Architect,144000,USD,144000,US,0,US,M
2024,SE,FT,Data Architect,117000,USD,117000,US,0,US,M
2024,MI,FT,Research Scientist,250800,USD,250800,US,0,US,M
2024,MI,FT,Research Scientist,167200,USD,167200,US,0,US,M
2024,MI,FT,Machine Learning Scientist,180000,USD,180000,CA,100,CA,M
2024,MI,FT,Machine Learning Scientist,117000,USD,117000,CA,100,CA,M
2024,MI,FT,Data Engineer,115000,USD,115000,US,0,US,M
2024,MI,FT,Data Engineer,100000,USD,100000,US,0,US,M
2024,MI,FT,Prompt Engineer,500000,USD,500000,US,0,US,M
2024,MI,FT,Prompt Engineer,100000,USD,100000,US,0,US,M
2024,SE,FT,Data Scientist,190000,USD,190000,US,0,US,M
2024,SE,FT,Data Scientist,160000,USD,160000,US,0,US,M
2024,SE,FT,Machine Learning Engineer,300200,USD,300200,US,0,US,M
2024,SE,FT,Machine Learning Engineer,170700,USD,170700,US,0,US,M
2024,SE,FT,Data Engineer,170000,USD,170000,US,100,US,M
2024,SE,FT,Data Engineer,130000,USD,130000,US,100,US,M
2024,MI,FT,Data Engineer,198600,USD,198600,US,0,US,M
2024,MI,FT,Data Engineer,94300,USD,94300,US,0,US,M
2024,SE,FT,Analytics Engineer,720000,USD,720000,US,0,US,M
2024,SE,FT,Analytics Engineer,170000,USD,170000,US,0,US,M
2024,SE,FT,Data Scientist,210000,USD,210000,US,0,US,M
2024,SE,FT,Data Scientist,160000,USD,160000,US,0,US,M
2024,MI,FT,Research Scientist,208000,USD,208000,US,0,US,M
2024,MI,FT,Research Scientist,143000,USD,143000,US,0,US,M
2024,SE,FT,Data Scientist,180000,USD,180000,US,0,US,M
2024,SE,FT,Data Scientist,144000,USD,144000,US,0,US,M
2024,MI,FT,Data Scientist,123844,USD,123844,US,0,US,M
2024,MI,FT,Data Scientist,86691,USD,86691,US,0,US,M
2024,SE,FT,Data Scientist,235400,USD,235400,US,0,US,M
2024,SE,FT,Data Scientist,212109,USD,212109,US,0,US,M
2024,SE,FT,Research Engineer,251000,USD,251000,US,0,US,M
2024,SE,FT,Research Engineer,177008,USD,177008,US,0,US,M
2024,SE,FT,Data Engineer,196900,USD,196900,US,100,US,M
2024,SE,FT,Data Engineer,196052,USD,196052,US,100,US,M
2024,SE,FT,Data Scientist,235400,USD,235400,US,0,US,M
2024,SE,FT,Data Scientist,209720,USD,209720,US,0,US,M
2024,MI,FT,Research Engineer,243300,USD,243300,US,0,US,M
2024,MI,FT,Research Engineer,131500,USD,131500,US,0,US,M
2024,SE,FT,Research Scientist,225000,USD,225000,US,0,US,M
2024,SE,FT,Research Scientist,166000,USD,166000,US,0,US,M
2024,SE,FT,Data Engineer,235400,USD,235400,US,0,US,M
2024,SE,FT,Data Engineer,205380,USD,205380,US,0,US,M
2024,SE,FT,Research Scientist,300000,USD,300000,US,0,US,M
2024,SE,FT,Research Scientist,180000,USD,180000,US,0,US,M
2024,SE,FT,Research Scientist,200200,USD,200200,US,0,US,M
2024,SE,FT,Research Scientist,187178,USD,187178,US,0,US,M
2024,MI,FT,Research Engineer,173000,USD,173000,US,0,US,M
2024,MI,FT,Research Engineer,117000,USD,117000,US,0,US,M
2024,SE,FT,Data Scientist,235400,USD,235400,US,0,US,M
2024,SE,FT,Data Scientist,212109,USD,212109,US,0,US,M
2024,SE,FT,Insight Analyst,117728,USD,117728,US,100,US,M
2024,SE,FT,Insight Analyst,73632,USD,73632,US,100,US,M
2024,EN,FT,Data Analyst,47000,GBP,58750,GB,0,GB,M
2024,EN,FT,Data Analyst,40000,GBP,50000,GB,0,GB,M
2024,SE,FT,Data Engineer,175000,USD,175000,US,0,US,M
2024,SE,FT,Data Engineer,150000,USD,150000,US,0,US,M
2024,SE,FT,BI Analyst,132500,USD,132500,US,0,US,M
2024,SE,FT,BI Analyst,80000,USD,80000,US,0,US,M
2024,SE,FT,Applied Scientist,304200,USD,304200,US,0,US,M
2024,SE,FT,Applied Scientist,158500,USD,158500,US,0,US,M
2024,SE,FT,Machine Learning Engineer,188500,USD,188500,US,0,US,M
2024,SE,FT,Machine Learning Engineer,165100,USD,165100,US,0,US,M
2024,MI,FT,AI Engineer,180000,USD,180000,US,0,US,M
2024,MI,FT,AI Engineer,100000,USD,100000,US,0,US,M
2024,SE,FT,Data Engineer,128656,USD,128656,US,0,US,M
2024,SE,FT,Data Engineer,103330,USD,103330,US,0,US,M
2024,SE,FT,Business Intelligence Lead,144300,USD,144300,US,0,US,M
2024,SE,FT,Business Intelligence Lead,104800,USD,104800,US,0,US,M
2024,MI,FT,Research Engineer,143376,USD,143376,US,0,US,M
2024,MI,FT,Research Engineer,77500,USD,77500,US,0,US,M
2024,MI,FT,BI Developer,110000,USD,110000,US,0,US,M
2024,MI,FT,BI Developer,90000,USD,90000,US,0,US,M
2024,MI,FT,Data Scientist,175900,USD,175900,US,0,US,M
2024,MI,FT,Data Scientist,99700,USD,99700,US,0,US,M
2024,SE,FT,Data Architect,212000,USD,212000,US,0,US,M
2024,SE,FT,Data Architect,119000,USD,119000,US,0,US,M
2024,SE,FT,Data Engineer,149000,USD,149000,US,100,US,M
2024,SE,FT,Data Engineer,108000,USD,108000,US,100,US,M
2024,SE,FT,Data Engineer,175000,USD,175000,US,0,US,M
2024,SE,FT,Data Engineer,117000,USD,117000,US,0,US,M
2024,MI,FT,Machine Learning Engineer,240240,USD,240240,US,0,US,M
2024,MI,FT,Machine Learning Engineer,232587,USD,232587,US,0,US,M
2024,MI,FT,Research Scientist,173000,USD,173000,US,0,US,M
2024,MI,FT,Research Scientist,117000,USD,117000,US,0,US,M
2024,SE,FT,Applied Scientist,249700,USD,249700,US,100,US,M
2024,SE,FT,Applied Scientist,156300,USD,156300,US,100,US,M
2024,MI,FT,Data Scientist,190000,USD,190000,US,0,US,M
2024,MI,FT,Data Scientist,150000,USD,150000,US,0,US,M
2024,SE,FT,Data Engineer,171210,USD,171210,CA,0,CA,M
2024,SE,FT,Data Engineer,92190,USD,92190,CA,0,CA,M
2024,EN,FT,Data Operations Analyst,117250,USD,117250,CA,0,CA,M
2024,EN,FT,Data Operations Analyst,70350,USD,70350,CA,0,CA,M
2024,MI,FT,Research Engineer,208000,USD,208000,US,100,US,M
2024,MI,FT,Research Engineer,146994,USD,146994,US,100,US,M
2024,SE,FT,Data Scientist,156000,USD,156000,US,0,US,M
2024,SE,FT,Data Scientist,95105,USD,95105,US,0,US,M
2024,SE,FT,Data Architect,160000,USD,160000,US,0,US,M
2024,SE,FT,Data Architect,110000,USD,110000,US,0,US,M
2024,MI,FT,Research Scientist,208000,USD,208000,US,0,US,M
2024,MI,FT,Research Scientist,143000,USD,143000,US,0,US,M
2024,SE,FT,Data Scientist,132600,USD,132600,US,0,US,M
2024,SE,FT,Data Scientist,80845,USD,80845,US,0,US,M
2024,SE,FT,Data Scientist,196900,USD,196900,US,0,US,M
2024,SE,FT,Data Scientist,175654,USD,175654,US,0,US,M
2024,MI,FT,Machine Learning Engineer,256500,USD,256500,US,0,US,M
2024,MI,FT,Machine Learning Engineer,138900,USD,138900,US,0,US,M
2024,EN,FT,Data Engineer,101520,USD,101520,US,100,US,M
2024,EN,FT,Data Engineer,45864,USD,45864,US,100,US,M
2024,SE,FT,Data Scientist,238600,USD,238600,US,0,US,M
2024,SE,FT,Data Scientist,112000,USD,112000,US,0,US,M
2024,EN,FT,Data Reporting Analyst,106100,USD,106100,US,0,US,M
2024,EN,FT,Data Reporting Analyst,74300,USD,74300,US,0,US,M
2024,MI,FT,Applied Scientist,198600,USD,198600,US,0,US,M
2024,MI,FT,Applied Scientist,94300,USD,94300,US,0,US,M
2024,MI,FT,Machine Learning Engineer,179000,USD,179000,US,0,US,M
2024,MI,FT,Machine Learning Engineer,112000,USD,112000,US,0,US,M
2024,SE,FT,Data Engineer,220000,USD,220000,US,0,US,M
2024,SE,FT,Data Engineer,96600,USD,96600,US,0,US,M
2024,SE,FT,Data Scientist,236900,USD,236900,US,0,US,M
2024,SE,FT,Data Scientist,118450,USD,118450,US,0,US,M
2024,SE,FT,Data Analyst,96600,USD,96600,US,0,US,M
2024,SE,FT,Data Analyst,55200,USD,55200,US,0,US,M
2024,SE,FT,Data Engineer,230000,USD,230000,US,0,US,M
2024,SE,FT,Data Engineer,200000,USD,200000,US,0,US,M
2024,MI,FT,Business Intelligence Developer,187982,USD,187982,US,0,US,M
2024,MI,FT,Business Intelligence Developer,113928,USD,113928,US,0,US,M
2024,SE,FT,Data Analyst,172000,USD,172000,US,0,US,M
2024,SE,FT,Data Analyst,75600,USD,75600,US,0,US,M
2024,EN,FT,Business Intelligence Analyst,79424,USD,79424,CA,0,CA,M
2024,EN,FT,Business Intelligence Analyst,63539,USD,63539,CA,0,CA,M
2024,MI,FT,Data Engineer,220000,USD,220000,US,0,US,M
2024,MI,FT,Data Engineer,172000,USD,172000,US,0,US,M
2024,SE,FT,Machine Learning Engineer,237000,USD,237000,US,100,US,M
2024,SE,FT,Machine Learning Engineer,161200,USD,161200,US,100,US,M
2024,SE,FT,AI Engineer,180000,USD,180000,US,0,US,S
2024,SE,FT,AI Engineer,100000,USD,100000,US,0,US,S
2024,MI,FT,Data Scientist,35000,GBP,43750,GB,0,GB,M
2024,MI,FT,Data Scientist,35000,GBP,43750,GB,0,GB,M
2024,MI,FT,Research Scientist,173000,USD,173000,US,0,US,M
2024,MI,FT,Research Scientist,117000,USD,117000,US,0,US,M
2024,SE,FT,Data Analyst,170000,USD,170000,US,100,US,M
2024,SE,FT,Data Analyst,147000,USD,147000,US,100,US,M
2024,MI,FT,Data Engineer,121586,USD,121586,US,0,US,M
2024,MI,FT,Data Engineer,76115,USD,76115,US,0,US,M
2024,SE,FT,Machine Learning Engineer,259000,USD,259000,US,100,US,M
2024,SE,FT,Machine Learning Engineer,204000,USD,204000,US,100,US,M
2024,MI,FT,Data Engineer,175000,USD,175000,US,0,US,M
2024,MI,FT,Data Engineer,117000,USD,117000,US,0,US,M
2024,MI,FT,Data Product Owner,135000,USD,135000,US,100,US,M
2024,MI,FT,Data Product Owner,105000,USD,105000,US,100,US,M
2024,MI,FT,Data Specialist,73000,USD,73000,US,0,US,M
2024,MI,FT,Data Specialist,73000,USD,73000,US,0,US,M
2024,SE,FT,Machine Learning Engineer,283780,USD,283780,US,0,US,M
2024,SE,FT,Machine Learning Engineer,233840,USD,233840,US,0,US,M
2024,SE,FT,Data Scientist,157750,USD,157750,US,100,US,M
2024,SE,FT,Data Scientist,123525,USD,123525,US,100,US,M
2024,SE,FT,Data Scientist,267800,USD,267800,US,0,US,M
2024,SE,FT,Data Scientist,136218,USD,136218,US,0,US,M
2024,MI,FT,Data Analyst,107400,USD,107400,US,0,US,L
2024,MI,FT,Data Analyst,47500,USD,47500,US,0,US,L
2024,MI,FT,Data Scientist,212800,USD,212800,US,0,US,L
2024,MI,FT,Data Scientist,111600,USD,111600,US,0,US,L
2024,SE,FT,Data Scientist,250000,USD,250000,US,0,US,M
2024,SE,FT,Data Scientist,167000,USD,167000,US,0,US,M
2024,EN,FT,Data Analyst,68100,EUR,75666,FR,0,FR,M
2024,EN,FT,Data Analyst,40950,EUR,45500,FR,0,FR,M
2024,SE,FT,Data Analyst,205800,USD,205800,US,0,US,M
2024,SE,FT,Data Analyst,136500,USD,136500,US,0,US,M
2024,SE,FT,Machine Learning Engineer,280000,USD,280000,US,0,US,M
2024,SE,FT,Machine Learning Engineer,230000,USD,230000,US,0,US,M
2024,MI,FT,Research Scientist,260570,USD,260570,US,100,US,M
2024,MI,FT,Research Scientist,167030,USD,167030,US,100,US,M
2024,MI,FT,Data Engineer,185000,USD,185000,US,0,US,L
2024,MI,FT,Data Engineer,81000,USD,81000,US,0,US,L
2024,SE,FT,Data Engineer,198000,USD,198000,US,0,US,M
2024,SE,FT,Data Engineer,135000,USD,135000,US,0,US,M
2024,SE,FT,Data Scientist,238600,USD,238600,US,0,US,M
2024,SE,FT,Data Scientist,112000,USD,112000,US,0,US,M
2024,SE,FT,Data Scientist,223000,USD,223000,US,0,US,M
2024,SE,FT,Data Scientist,150000,USD,150000,US,0,US,M
2024,SE,FT,Business Intelligence,190000,USD,190000,US,100,US,M
2024,SE,FT,Business Intelligence,157000,USD,157000,US,100,US,M
2024,MI,FT,Data Engineer,100000,USD,100000,US,100,US,M
2024,MI,FT,Data Engineer,85000,USD,85000,US,100,US,M
2024,MI,FT,BI Analyst,142300,USD,142300,US,0,US,M
2024,MI,FT,BI Analyst,94900,USD,94900,US,0,US,M
2024,SE,FT,Data Engineer,320850,USD,320850,US,0,US,M
2024,SE,FT,Data Engineer,222700,USD,222700,US,0,US,M
2024,SE,FT,Data Scientist,180000,USD,180000,US,100,US,M
2024,SE,FT,Data Scientist,140000,USD,140000,US,100,US,M
2024,MI,FT,Analytics Engineer,130000,USD,130000,US,0,US,M
2024,MI,FT,Analytics Engineer,100000,USD,100000,US,0,US,M
2024,SE,FT,Machine Learning Engineer,538400,USD,538400,US,0,US,M
2024,SE,FT,Machine Learning Engineer,254600,USD,254600,US,0,US,M
2024,MI,FT,Data Manager,123000,USD,123000,US,0,US,M
2024,MI,FT,Data Manager,95000,USD,95000,US,0,US,M
2024,MI,FT,Data Scientist,235400,USD,235400,US,0,US,M
2024,MI,FT,Data Scientist,209720,USD,209720,US,0,US,M
2024,SE,FT,Data Scientist,190000,USD,190000,US,100,US,M
2024,SE,FT,Data Scientist,170000,USD,170000,US,100,US,M
2024,SE,FT,Analytics Engineer,244400,USD,244400,US,0,US,M
2024,SE,FT,Analytics Engineer,131600,USD,131600,US,0,US,M
2024,SE,FT,Applied Scientist,282200,USD,282200,US,0,US,M
2024,SE,FT,Applied Scientist,133600,USD,133600,US,0,US,M
2024,SE,FT,Business Intelligence Analyst,187450,USD,187450,US,100,US,M
2024,SE,FT,Business Intelligence Analyst,104550,USD,104550,US,100,US,M
2024,SE,FT,Research Scientist,90000,EUR,100000,DE,0,DE,S
2024,SE,FT,Research Scientist,70000,EUR,77777,DE,0,DE,S
2024,SE,FT,Data Engineer,200000,USD,200000,US,0,US,M
2024,SE,FT,Data Engineer,147000,USD,147000,US,0,US,M
2024,SE,FT,Machine Learning Engineer,357900,USD,357900,US,0,US,M
2024,SE,FT,Machine Learning Engineer,189400,USD,189400,US,0,US,M
2024,SE,FT,Data Analyst,169000,USD,169000,US,100,US,M
2024,SE,FT,Data Analyst,105000,USD,105000,US,100,US,M
2024,SE,FT,Applied Scientist,270000,USD,270000,US,100,US,M
2024,SE,FT,Applied Scientist,183600,USD,183600,US,100,US,M
2024,SE,FT,Machine Learning Engineer,183600,USD,183600,US,100,US,M
2024,SE,FT,Machine Learning Engineer,183600,USD,183600,US,100,US,M
2024,SE,FT,Data Engineer,238600,USD,238600,US,0,US,M
2024,SE,FT,Data Engineer,112000,USD,112000,US,0,US,M
2024,EN,FT,Business Intelligence Analyst,203280,USD,203280,US,100,US,M
2024,EN,FT,Business Intelligence Analyst,167898,USD,167898,US,100,US,M
2024,SE,FT,Data Scientist,250000,USD,250000,US,0,US,M
2024,SE,FT,Data Scientist,110100,USD,110100,US,0,US,M
2024,SE,FT,Machine Learning Scientist,189975,USD,189975,US,100,US,M
2024,SE,FT,Machine Learning Scientist,142200,USD,142200,US,100,US,M
2024,MI,FT,Data Engineer,100000,USD,100000,US,0,US,M
2024,MI,FT,Data Engineer,77100,USD,77100,US,0,US,M
2024,MI,FT,Data Scientist,95000,USD,95000,US,0,US,M
2024,MI,FT,Data Scientist,95000,USD,95000,US,0,US,M
2024,EN,FT,Data Analyst,59300,USD,59300,US,0,US,M
2024,EN,FT,Data Analyst,41500,USD,41500,US,0,US,M
2024,SE,FT,Data Scientist,242000,USD,242000,US,0,US,M
2024,SE,FT,Data Scientist,173000,USD,173000,US,0,US,M
2024,EX,FT,Data Scientist,408500,USD,408500,US,0,US,M
2024,EX,FT,Data Scientist,233500,USD,233500,US,0,US,M
2024,MI,FT,Data Manager,123500,USD,123500,US,0,US,M
2024,MI,FT,Data Manager,73500,USD,73500,US,0,US,M
2024,SE,FT,Analytics Engineer,132678,USD,132678,US,0,US,M
2024,SE,FT,Analytics Engineer,88452,USD,88452,US,0,US,M
2024,MI,FT,Research Scientist,357100,USD,357100,US,0,US,M
2024,MI,FT,Research Scientist,198400,USD,198400,US,0,US,M
2024,SE,FT,Machine Learning Engineer,180000,USD,180000,US,100,US,M
2024,SE,FT,Machine Learning Engineer,110000,USD,110000,US,100,US,M
2024,SE,FT,Data Engineer,200000,USD,200000,US,0,US,M
2024,SE,FT,Data Engineer,147000,USD,147000,US,0,US,M
2024,SE,FT,Data Engineer,281000,USD,281000,US,0,US,M
2024,SE,FT,Data Engineer,206000,USD,206000,US,0,US,M
2024,SE,FT,Data Specialist,168520,USD,168520,US,0,US,M
2024,SE,FT,Data Specialist,167481,USD,167481,US,0,US,M
2024,SE,FT,MLOps Engineer,200000,USD,200000,US,100,US,M
2024,SE,FT,MLOps Engineer,170000,USD,170000,US,100,US,M
2024,SE,FT,Data Engineer,215000,USD,215000,CA,100,CA,M
2024,SE,FT,Data Engineer,173000,USD,173000,CA,100,CA,M
2024,MI,FT,Research Scientist,200000,USD,200000,US,0,US,M
2024,MI,FT,Research Scientist,136000,USD,136000,US,0,US,M
2024,SE,FT,Data Visualization Specialist,85000,USD,85000,US,0,US,M
2024,SE,FT,Data Visualization Specialist,75000,USD,75000,US,0,US,M
2024,SE,FT,Data Engineer,130000,USD,130000,US,0,US,M
2024,SE,FT,Data Engineer,100000,USD,100000,US,0,US,M
2024,MI,FT,Data Scientist,243800,USD,243800,US,100,US,M
2024,MI,FT,Data Scientist,195000,USD,195000,US,100,US,M
2024,MI,FT,Research Engineer,256500,USD,256500,US,0,US,M
2024,MI,FT,Research Engineer,138900,USD,138900,US,0,US,M
2024,SE,FT,Research Scientist,215000,USD,215000,US,100,US,M
2024,SE,FT,Research Scientist,172000,USD,172000,US,100,US,M
2024,SE,FT,AI Architect,300200,USD,300200,US,0,US,M
2024,SE,FT,AI Architect,199800,USD,199800,US,0,US,M
2024,SE,FT,Data Engineer,350000,USD,350000,US,0,US,M
2024,SE,FT,Data Engineer,150000,USD,150000,US,0,US,M
2024,MI,FT,Research Scientist,208000,USD,208000,US,0,US,M
2024,MI,FT,Research Scientist,146994,USD,146994,US,0,US,M
2024,SE,FT,Data Engineer,149702,USD,149702,CA,0,CA,M
2024,SE,FT,Data Engineer,106930,USD,106930,CA,0,CA,M
2024,MI,FT,Data Analyst,80000,USD,80000,US,0,US,M
2024,MI,FT,Data Analyst,70000,USD,70000,US,0,US,M
2024,SE,FT,Machine Learning Engineer,220800,USD,220800,US,0,US,M
2024,SE,FT,Machine Learning Engineer,124800,USD,124800,US,0,US,M
2024,SE,FT,Machine Learning Engineer,245400,USD,245400,US,0,US,M
2024,SE,FT,Machine Learning Engineer,139000,USD,139000,US,0,US,M
2024,SE,FT,Applied Scientist,238600,USD,238600,US,0,US,M
2024,SE,FT,Applied Scientist,112000,USD,112000,US,0,US,M
2024,SE,FT,Machine Learning Engineer,300200,USD,300200,US,0,US,M
2024,SE,FT,Machine Learning Engineer,170700,USD,170700,US,0,US,M
2024,SE,FT,Data Scientist,220800,USD,220800,US,0,US,M
2024,SE,FT,Data Scientist,124800,USD,124800,US,0,US,M
2024,EN,FT,Business Intelligence Analyst,80000,USD,80000,US,0,US,M
2024,EN,FT,Business Intelligence Analyst,75000,USD,75000,US,0,US,M
2024,MI,FT,Data Analyst,95000,USD,95000,US,0,US,M
2024,MI,FT,Data Analyst,57920,USD,57920,US,0,US,M
2024,SE,FT,Data Engineer,165000,USD,165000,US,100,US,M
2024,SE,FT,Data Engineer,135000,USD,135000,US,100,US,M
2024,SE,FT,Business Intelligence,173100,USD,173100,US,100,US,M
2024,SE,FT,Business Intelligence,108200,USD,108200,US,100,US,M
2024,MI,FT,Data Engineer,115000,USD,115000,US,0,US,M
2024,MI,FT,Data Engineer,105000,USD,105000,US,0,US,M
2024,SE,FT,Data Scientist,220000,USD,220000,US,0,US,M
2024,SE,FT,Data Scientist,160000,USD,160000,US,0,US,M
2024,SE,FT,Data Analyst,100000,USD,100000,CA,0,CA,M
2024,SE,FT,Data Analyst,80000,USD,80000,CA,0,CA,M
2024,SE,FT,Data Architect,316900,USD,316900,US,0,US,M
2024,SE,FT,Data Architect,210900,USD,210900,US,0,US,M
2024,SE,FT,Machine Learning Engineer,107500,EUR,119444,ES,100,ES,M
2024,SE,FT,Machine Learning Engineer,71700,EUR,79666,ES,100,ES,M
2024,SE,FT,Data Engineer,145000,USD,145000,US,0,US,M
2024,SE,FT,Data Engineer,102000,USD,102000,US,0,US,M
2024,EN,FT,Data Quality Analyst,85000,USD,85000,US,0,US,M
2024,EN,FT,Data Quality Analyst,75000,USD,75000,US,0,US,M
2024,SE,FT,Machine Learning Engineer,300200,USD,300200,US,0,US,M
2024,SE,FT,Machine Learning Engineer,199800,USD,199800,US,0,US,M
2024,SE,FT,AI Engineer,190000,USD,190000,US,100,US,M
2024,SE,FT,AI Engineer,152000,USD,152000,US,100,US,M
2024,SE,FT,Research Scientist,282450,USD,282450,US,0,US,M
2024,SE,FT,Research Scientist,188400,USD,188400,US,0,US,M
2024,SE,FT,Machine Learning Engineer,225000,USD,225000,US,100,US,M
2024,SE,FT,Machine Learning Engineer,140000,USD,140000,US,100,US,M
2024,SE,FT,Lead AI Engineer,940000,SEK,91262,SE,100,SE,L
2024,MI,FT,Research Scientist,96200,USD,96200,US,100,US,M
2024,MI,FT,Research Scientist,69800,USD,69800,US,100,US,M
2024,MI,FT,Business Intelligence,174500,USD,174500,US,100,US,M
2024,MI,FT,Business Intelligence,126800,USD,126800,US,100,US,M
2024,EN,FT,Data Scientist,110240,USD,110240,US,0,US,M
2024,EN,FT,Data Scientist,39500,USD,39500,US,0,US,M
2024,SE,FT,Data Specialist,169700,USD,169700,US,0,US,M
2024,SE,FT,Data Specialist,84600,USD,84600,US,0,US,M
2024,SE,FT,Data Architect,210000,USD,210000,US,0,US,M
2024,SE,FT,Data Architect,181000,USD,181000,US,0,US,M
2024,SE,FT,Data Scientist,234000,USD,234000,US,0,US,M
2024,SE,FT,Data Scientist,146000,USD,146000,US,0,US,M
2024,MI,FT,Data Analyst,127000,USD,127000,US,0,US,M
2024,MI,FT,Data Analyst,122283,USD,122283,US,0,US,M
2024,EN,FT,Data Analyst,100000,USD,100000,US,0,US,M
2024,EN,FT,Data Analyst,90000,USD,90000,US,0,US,M
2024,MI,FT,Data Engineer,179000,USD,179000,US,0,US,M
2024,MI,FT,Data Engineer,112000,USD,112000,US,0,US,M
2024,MI,FT,Business Intelligence Engineer,89500,USD,89500,US,100,US,M
2024,MI,FT,Business Intelligence Engineer,65000,USD,65000,US,100,US,M
2024,SE,FT,Data Analyst,115000,USD,115000,US,0,US,M
2024,SE,FT,Data Analyst,99000,USD,99000,US,0,US,M
2024,SE,FT,Data Scientist,122900,USD,122900,US,0,US,M
2024,SE,FT,Data Scientist,122900,USD,122900,US,0,US,M
2024,SE,FT,Data Engineer,100000,USD,100000,US,100,US,M
2024,SE,FT,Data Engineer,100000,USD,100000,US,100,US,M
2024,MI,FT,AI Product Manager,238600,USD,238600,US,0,US,M
2024,MI,FT,AI Product Manager,94300,USD,94300,US,0,US,M
2024,SE,FT,Data Engineer,235400,USD,235400,US,0,US,M
2024,SE,FT,Data Engineer,209720,USD,209720,US,0,US,M
2024,SE,FT,Data Analyst,232000,USD,232000,US,0,US,M
2024,SE,FT,Data Analyst,136000,USD,136000,US,0,US,M
2024,MI,FT,Machine Learning Engineer,256500,USD,256500,US,0,US,M
2024,MI,FT,Machine Learning Engineer,170700,USD,170700,US,0,US,M
2024,SE,FT,Data Engineer,125000,USD,125000,US,100,US,M
2024,SE,FT,Data Engineer,50000,USD,50000,US,100,US,M
2024,MI,FT,Data Management Specialist,75000,USD,75000,US,100,US,M
2024,MI,FT,Data Management Specialist,67000,USD,67000,US,100,US,M
2024,SE,FT,Data Scientist,90000,USD,90000,CA,0,CA,M
2024,SE,FT,Data Scientist,75000,USD,75000,CA,0,CA,M
2024,SE,FT,Research Scientist,251000,USD,251000,US,0,US,M
2024,SE,FT,Research Scientist,177000,USD,177000,US,0,US,M
2024,SE,FT,Analytics Engineer,254524,USD,254524,US,0,US,M
2024,SE,FT,Analytics Engineer,188126,USD,188126,US,0,US,M
2024,EN,FT,Data Analyst,75000,USD,75000,US,0,US,M
2024,EN,FT,Data Analyst,55000,USD,55000,US,0,US,M
2024,SE,FT,Data Scientist,145400,USD,145400,US,0,US,M
2024,SE,FT,Data Scientist,145400,USD,145400,US,0,US,M
2024,SE,FT,Research Engineer,208000,USD,208000,US,0,US,M
2024,SE,FT,Research Engineer,146994,USD,146994,US,0,US,M
2024,SE,FT,Machine Learning Engineer,243300,USD,243300,US,0,US,M
2024,SE,FT,Machine Learning Engineer,131500,USD,131500,US,0,US,M
2024,SE,FT,Data Scientist,210600,USD,210600,US,0,US,M
2024,SE,FT,Data Scientist,110600,USD,110600,US,0,US,M
2024,SE,FT,Data Scientist,185900,USD,185900,US,0,US,M
2024,SE,FT,Data Scientist,109400,USD,109400,US,0,US,M
2024,SE,FT,Machine Learning Engineer,220000,USD,220000,US,0,US,M
2024,SE,FT,Machine Learning Engineer,96600,USD,96600,US,0,US,M
2024,SE,FT,Research Scientist,145000,USD,145000,US,0,US,M
2024,SE,FT,Research Scientist,103000,USD,103000,US,0,US,M
2024,SE,FT,Data Analyst,181610,USD,181610,US,0,US,M
2024,SE,FT,Data Analyst,112200,USD,112200,US,0,US,M
2024,SE,FT,Data Scientist,247600,USD,247600,US,0,US,L
2024,SE,FT,Data Scientist,127300,USD,127300,US,0,US,L
2024,SE,FT,Data Engineer,140000,USD,140000,US,100,US,M
2024,SE,FT,Data Engineer,100000,USD,100000,US,100,US,M
2024,SE,FT,Applied Scientist,260000,USD,260000,US,0,US,L
2024,SE,FT,Applied Scientist,136000,USD,136000,US,0,US,L
2024,SE,FT,Data Engineer,127100,USD,127100,US,0,US,M
2024,SE,FT,Data Engineer,101681,USD,101681,US,0,US,M
2024,EN,FT,Data Analyst,245520,USD,245520,US,0,US,M
2024,EN,FT,Data Analyst,226465,USD,226465,US,0,US,M
2024,SE,FT,Research Scientist,350000,USD,350000,DE,0,DE,M
2024,SE,FT,Research Scientist,287000,USD,287000,DE,0,DE,M
2024,SE,FT,Research Scientist,290180,USD,290180,US,0,US,M
2024,SE,FT,Research Scientist,245588,USD,245588,US,0,US,M
2024,MI,FT,Data Analyst,85000,USD,85000,US,0,US,M
2024,MI,FT,Data Analyst,65000,USD,65000,US,0,US,M
2024,SE,FT,Data Engineer,140000,USD,140000,US,0,US,M
2024,SE,FT,Data Engineer,120000,USD,120000,US,0,US,M
2024,SE,FT,Data Architect,70000,GBP,87500,GB,0,GB,M
2024,SE,FT,Data Architect,68000,GBP,85000,GB,0,GB,M
2024,MI,FT,Data Scientist,256500,USD,256500,US,0,US,M
2024,MI,FT,Data Scientist,138900,USD,138900,US,0,US,M
2024,MI,FT,Data Scientist,145000,USD,145000,US,100,US,M
2024,MI,FT,Data Scientist,130000,USD,130000,US,100,US,M
2024,MI,FT,Research Scientist,251000,USD,251000,US,0,US,M
2024,MI,FT,Research Scientist,177000,USD,177000,US,0,US,M
2024,EN,FT,Data Analyst,223500,USD,223500,US,0,US,M
2024,EN,FT,Data Analyst,134000,USD,134000,US,0,US,M
2024,SE,FT,AI Engineer,300200,USD,300200,US,0,US,M
2024,SE,FT,AI Engineer,199800,USD,199800,US,0,US,M
2024,SE,FT,Data Scientist,196900,USD,196900,US,0,US,M
2024,SE,FT,Data Scientist,183552,USD,183552,US,0,US,M
2024,MI,FT,Data Engineer,137500,USD,137500,US,0,US,M
2024,MI,FT,Data Engineer,81500,USD,81500,US,0,US,M
2024,SE,FT,Research Scientist,190000,USD,190000,US,0,US,M
2024,SE,FT,Research Scientist,170000,USD,170000,US,0,US,M
2024,MI,FT,Research Engineer,173000,USD,173000,US,0,US,M
2024,MI,FT,Research Engineer,117000,USD,117000,US,0,US,M
2024,SE,FT,Applied Scientist,260000,USD,260000,US,0,US,L
2024,SE,FT,Applied Scientist,136000,USD,136000,US,0,US,L
2024,MI,FT,Data Scientist,230600,USD,230600,US,0,US,M
2024,MI,FT,Data Scientist,124600,USD,124600,US,0,US,M
2024,MI,FT,Data Engineer,250000,USD,250000,US,0,US,M
2024,MI,FT,Data Engineer,140000,USD,140000,US,0,US,M
2024,EN,FT,Data Engineer,185000,USD,185000,US,0,US,L
2024,EN,FT,Data Engineer,81000,USD,81000,US,0,US,L
2024,SE,FT,Data Scientist,213000,USD,213000,US,0,US,M
2024,SE,FT,Data Scientist,120700,USD,120700,US,0,US,M
2024,SE,FT,Data Engineer,196900,USD,196900,US,0,US,M
2024,SE,FT,Data Engineer,171116,USD,171116,US,0,US,M
2024,MI,FT,Data Strategist,203280,USD,203280,US,0,US,M
2024,MI,FT,Data Strategist,170185,USD,170185,US,0,US,M
2024,SE,FT,Data Analyst,207300,USD,207300,US,0,US,M
2024,SE,FT,Data Analyst,165900,USD,165900,US,0,US,M
2024,EN,FT,Data Analyst,150000,USD,150000,US,100,US,M
2024,EN,FT,Data Analyst,90000,USD,90000,US,100,US,M
2024,SE,FT,AI Software Engineer,234770,USD,234770,US,0,US,M
2024,SE,FT,AI Software Engineer,149020,USD,149020,US,0,US,M
2024,SE,FT,Machine Learning Engineer,284900,USD,284900,US,0,US,M
2024,SE,FT,Machine Learning Engineer,161700,USD,161700,US,0,US,M
2024,SE,FT,Data Engineer,279400,USD,279400,US,0,US,M
2024,SE,FT,Data Engineer,248920,USD,248920,US,0,US,M
2024,MI,FT,Data Scientist,196900,USD,196900,US,0,US,M
2024,MI,FT,Data Scientist,176865,USD,176865,US,0,US,M
2024,SE,FT,Research Scientist,251000,USD,251000,US,0,US,M
2024,SE,FT,Research Scientist,177000,USD,177000,US,0,US,M
2024,SE,FT,Business Intelligence,235000,USD,235000,US,100,US,M
2024,SE,FT,Business Intelligence,195000,USD,195000,US,100,US,M
2024,SE,FT,Data Engineer,281000,USD,281000,US,0,US,M
2024,SE,FT,Data Engineer,206000,USD,206000,US,0,US,M
2024,MI,FT,Research Scientist,208000,USD,208000,US,0,US,M
2024,MI,FT,Research Scientist,143000,USD,143000,US,0,US,M
2024,MI,FT,Research Engineer,208000,USD,208000,US,0,US,M
2024,MI,FT,Research Engineer,143000,USD,143000,US,0,US,M
2024,MI,FT,Research Scientist,251000,USD,251000,US,100,US,M
2024,MI,FT,Research Scientist,177000,USD,177000,US,100,US,M
2024,MI,FT,Computer Vision Engineer,208000,USD,208000,US,0,US,M
2024,MI,FT,Computer Vision Engineer,146994,USD,146994,US,0,US,M
2024,MI,FT,Data Engineer,75000,USD,75000,US,100,US,M
2024,MI,FT,Data Engineer,60000,USD,60000,US,100,US,M
2024,SE,FT,Data Scientist,159675,USD,159675,US,0,US,M
2024,SE,FT,Data Scientist,76900,USD,76900,US,0,US,M
2024,SE,FT,Data Analytics Manager,282200,USD,282200,US,0,US,M
2024,SE,FT,Data Analytics Manager,133600,USD,133600,US,0,US,M
2024,MI,FT,Data Analyst,68000,USD,68000,US,0,US,M
2024,MI,FT,Data Analyst,62400,USD,62400,US,0,US,M
2024,MI,FT,Research Scientist,173000,USD,173000,US,0,US,M
2024,MI,FT,Research Scientist,117000,USD,117000,US,0,US,M
2024,MI,FT,Data Scientist,204000,USD,204000,US,0,US,M
2024,MI,FT,Data Scientist,134000,USD,134000,US,0,US,M
2024,SE,FT,Data Scientist,282200,USD,282200,US,0,US,M
2024,SE,FT,Data Scientist,133600,USD,133600,US,0,US,M
2024,SE,FT,Data Analyst,166400,USD,166400,US,0,US,M
2024,SE,FT,Data Analyst,120157,USD,120157,US,0,US,M
2024,SE,FT,Data Scientist,174500,USD,174500,US,100,US,M
2024,SE,FT,Data Scientist,126800,USD,126800,US,100,US,M
2024,MI,FT,Data Scientist,202800,USD,202800,FR,0,FR,M
2024,MI,FT,Data Scientist,109200,USD,109200,FR,0,FR,M
2024,MI,FT,Research Scientist,173000,USD,173000,US,0,US,M
2024,MI,FT,Research Scientist,117000,USD,117000,US,0,US,M
2024,MI,FT,Data Scientist,210000,USD,210000,US,0,US,M
2024,MI,FT,Data Scientist,180000,USD,180000,US,0,US,M
2024,SE,FT,Data Analyst,159000,USD,159000,US,0,US,M
2024,SE,FT,Data Analyst,92000,USD,92000,US,0,US,M
2024,MI,FT,Research Scientist,173000,USD,173000,US,0,US,M
2024,MI,FT,Research Scientist,117000,USD,117000,US,0,US,M
2024,SE,FT,Research Scientist,208000,USD,208000,US,0,US,M
2024,SE,FT,Research Scientist,143000,USD,143000,US,0,US,M
2024,MI,FT,Research Scientist,208000,USD,208000,US,0,US,M
2024,MI,FT,Research Scientist,146994,USD,146994,US,0,US,M
2024,SE,FT,Research Scientist,293000,USD,293000,US,0,US,M
2024,SE,FT,Research Scientist,213000,USD,213000,US,0,US,M
2024,MI,FT,Research Scientist,173000,USD,173000,US,0,US,M
2024,MI,FT,Research Scientist,117000,USD,117000,US,0,US,M
2024,MI,FT,Research Scientist,173000,USD,173000,US,0,US,M
2024,MI,FT,Research Scientist,117000,USD,117000,US,0,US,M
2024,SE,FT,Data Engineer,135000,CAD,103846,CA,100,CA,M
2024,SE,FT,Data Engineer,100000,CAD,76923,CA,100,CA,M
2024,MI,FT,Data Scientist,200000,USD,200000,US,0,US,M
2024,MI,FT,Data Scientist,151000,USD,151000,US,0,US,M
2024,MI,FT,Data Scientist,229900,USD,229900,US,0,US,M
2024,MI,FT,Data Scientist,201400,USD,201400,US,0,US,M
2024,MI,FT,Data Scientist,128000,USD,128000,US,0,US,M
2024,MI,FT,Data Scientist,81500,USD,81500,US,0,US,M
2024,SE,FT,Data Scientist,150000,USD,150000,US,0,US,M
2024,SE,FT,Data Scientist,130000,USD,130000,US,0,US,M
2024,MI,FT,Research Engineer,173000,USD,173000,US,0,US,M
2024,MI,FT,Research Engineer,117000,USD,117000,US,0,US,M
2024,SE,FT,Data Scientist,243000,USD,243000,US,0,US,M
2024,SE,FT,Data Scientist,243000,USD,243000,US,0,US,M
2024,SE,FT,Applied Scientist,190000,USD,190000,US,100,US,M
2024,SE,FT,Applied Scientist,130000,USD,130000,US,100,US,M
2024,MI,FT,Research Engineer,173000,USD,173000,US,0,US,M
2024,MI,FT,Research Engineer,117000,USD,117000,US,0,US,M
2024,SE,FT,Machine Learning Engineer,255000,USD,255000,US,0,US,M
2024,SE,FT,Machine Learning Engineer,199000,USD,199000,US,0,US,M
2024,MI,FT,Data Engineer,208300,USD,208300,US,0,US,M
2024,MI,FT,Data Engineer,116106,USD,116106,US,0,US,M
2024,MI,FT,Data Manager,128000,USD,128000,US,0,US,M
2024,MI,FT,Data Manager,81500,USD,81500,US,0,US,M
2024,SE,FT,Data Engineer,185400,USD,185400,US,0,US,M
2024,SE,FT,Data Engineer,92700,USD,92700,US,0,US,M
2024,SE,FT,Data Scientist,185400,USD,185400,US,0,US,M
2024,SE,FT,Data Scientist,92700,USD,92700,US,0,US,M
2024,SE,FT,Machine Learning Engineer,256500,USD,256500,US,0,US,M
2024,SE,FT,Machine Learning Engineer,138900,USD,138900,US,0,US,M
2024,SE,FT,Machine Learning Engineer,208300,USD,208300,US,0,US,M
2024,SE,FT,Machine Learning Engineer,138900,USD,138900,US,0,US,M
2024,MI,FT,Data Scientist,253430,USD,253430,US,0,US,M
2024,MI,FT,Data Scientist,212780,USD,212780,US,0,US,M
2024,SE,FT,Research Scientist,250800,USD,250800,US,0,US,M
2024,SE,FT,Research Scientist,167200,USD,167200,US,0,US,M
2024,MI,FT,Data Engineer,144200,USD,144200,US,0,US,M
2024,MI,FT,Data Engineer,72100,USD,72100,US,0,US,M
2024,SE,FT,Research Scientist,243300,USD,243300,US,0,US,M
2024,SE,FT,Research Scientist,131500,USD,131500,US,0,US,M
2024,MI,FT,Data Analyst,143800,USD,143800,US,100,US,M
2024,MI,FT,Data Analyst,106300,USD,106300,US,100,US,M
2024,EN,FT,Data Analyst,170000,USD,170000,US,100,US,M
2024,EN,FT,Data Analyst,150000,USD,150000,US,100,US,M
2024,SE,FT,Data Scientist,226500,USD,226500,US,100,US,M
2024,SE,FT,Data Scientist,110900,USD,110900,US,100,US,M
2024,MI,FT,Research Engineer,251000,USD,251000,US,0,US,M
2024,MI,FT,Research Engineer,177008,USD,177008,US,0,US,M
2024,SE,FT,Machine Learning Engineer,168890,USD,168890,US,0,US,M
2024,SE,FT,Machine Learning Engineer,135000,USD,135000,US,0,US,M
2024,MI,FT,Data Engineer,130000,USD,130000,US,100,US,M
2024,MI,FT,Data Engineer,90000,USD,90000,US,100,US,M
2024,SE,FT,Machine Learning Engineer,297000,USD,297000,US,0,US,M
2024,SE,FT,Machine Learning Engineer,168300,USD,168300,US,0,US,M
2024,SE,FT,Robotics Engineer,190000,USD,190000,US,0,US,M
2024,SE,FT,Robotics Engineer,152000,USD,152000,US,0,US,M
2024,SE,FT,Data Scientist,140000,USD,140000,US,0,US,M
2024,SE,FT,Data Scientist,125000,USD,125000,US,0,US,M
2024,SE,FT,Research Scientist,225000,USD,225000,US,0,US,M
2024,SE,FT,Research Scientist,166000,USD,166000,US,0,US,M
2024,MI,FT,Data Scientist,152000,USD,152000,US,0,US,M
2024,MI,FT,Data Scientist,152000,USD,152000,US,0,US,M
2024,SE,FT,Data Analyst,140000,USD,140000,US,0,US,M
2024,SE,FT,Data Analyst,120000,USD,120000,US,0,US,M
2024,MI,FT,Data Scientist,175000,USD,175000,US,100,US,M
2024,MI,FT,Data Scientist,135000,USD,135000,US,100,US,M
2024,SE,FT,Research Scientist,250800,USD,250800,US,0,US,M
2024,SE,FT,Research Scientist,167200,USD,167200,US,0,US,M
2024,EN,FT,Insight Analyst,40000,USD,40000,MX,0,MX,M
2024,EN,FT,Insight Analyst,35000,USD,35000,MX,0,MX,M
2024,SE,FT,Machine Learning Engineer,214000,USD,214000,US,0,US,M
2024,SE,FT,Machine Learning Engineer,181900,USD,181900,US,0,US,M
2024,MI,FT,Data Scientist,105000,USD,105000,US,0,US,M
2024,MI,FT,Data Scientist,70000,USD,70000,US,0,US,M
2024,SE,FT,Data Analyst,245400,USD,245400,US,100,US,M
2024,SE,FT,Data Analyst,135800,USD,135800,US,100,US,M
2024,SE,FT,Data Scientist,249000,USD,249000,US,0,US,M
2024,SE,FT,Data Scientist,216000,USD,216000,US,0,US,M
2024,SE,FT,Data Analytics Lead,166000,USD,166000,US,0,US,M
2024,SE,FT,Data Analytics Lead,104000,USD,104000,US,0,US,M
2024,SE,FT,Data Analyst,156145,USD,156145,US,100,US,M
2024,SE,FT,Data Analyst,113560,USD,113560,US,100,US,M
2024,SE,FT,Data Architect,145000,USD,145000,US,0,US,M
2024,SE,FT,Data Architect,115000,USD,115000,US,0,US,M
2024,SE,FT,AI Engineer,170000,USD,170000,US,100,US,M
2024,SE,FT,AI Engineer,136000,USD,136000,US,100,US,M
2024,EN,FT,Data Analyst,150000,USD,150000,US,100,US,M
2024,EN,FT,Data Analyst,150000,USD,150000,US,100,US,M
2024,SE,FT,Data Analyst,141000,USD,141000,US,0,US,M
2024,SE,FT,Data Analyst,100000,USD,100000,US,0,US,M
2024,SE,FT,BI Developer,153650,USD,153650,US,0,US,M
2024,SE,FT,BI Developer,153650,USD,153650,US,0,US,M
2024,MI,FT,Data Engineer,91900,EUR,102111,ES,100,ES,M
2024,MI,FT,Data Engineer,61300,EUR,68111,ES,100,ES,M
2024,SE,FT,Data Scientist,145400,USD,145400,US,0,US,M
2024,SE,FT,Data Scientist,145400,USD,145400,US,0,US,M
2024,MI,FT,Data Engineer,145000,USD,145000,US,0,US,M
2024,MI,FT,Data Engineer,145000,USD,145000,US,0,US,M
2024,SE,FT,Data Scientist,311900,USD,311900,US,0,US,M
2024,SE,FT,Data Scientist,207900,USD,207900,US,0,US,M
2024,MI,FT,Data Engineer,200000,USD,200000,US,0,US,M
2024,MI,FT,Data Engineer,100000,USD,100000,US,0,US,M
2024,MI,FT,Data Scientist,165000,USD,165000,US,0,US,M
2024,MI,FT,Data Scientist,115000,USD,115000,US,0,US,M
2024,MI,FT,Research Scientist,173000,USD,173000,US,0,US,M
2024,MI,FT,Research Scientist,117000,USD,117000,US,0,US,M
2024,MI,FT,Data Scientist,242000,USD,242000,US,0,US,M
2024,MI,FT,Data Scientist,173000,USD,173000,US,0,US,M
2024,EN,FT,Research Scientist,173000,USD,173000,US,100,US,M
2024,EN,FT,Research Scientist,117000,USD,117000,US,100,US,M
2024,MI,FT,Research Scientist,208000,USD,208000,US,0,US,M
2024,MI,FT,Research Scientist,143000,USD,143000,US,0,US,M
2024,MI,FT,Research Scientist,173000,USD,173000,US,0,US,M
2024,MI,FT,Research Scientist,117000,USD,117000,US,0,US,M
2024,MI,FT,Research Scientist,208000,USD,208000,US,0,US,M
2024,MI,FT,Research Scientist,143000,USD,143000,US,0,US,M
2024,SE,FT,Data Scientist,281000,USD,281000,US,0,US,M
2024,SE,FT,Data Scientist,206000,USD,206000,US,0,US,M
2024,MI,FT,Research Engineer,251000,USD,251000,US,0,US,M
2024,MI,FT,Research Engineer,177008,USD,177008,US,0,US,M
2024,MI,FT,Data Scientist,204000,USD,204000,US,100,US,M
2024,MI,FT,Data Scientist,134000,USD,134000,US,100,US,M
2024,MI,FT,Research Scientist,173000,USD,173000,US,0,US,M
2024,MI,FT,Research Scientist,117000,USD,117000,US,0,US,M
2024,SE,FT,Research Scientist,173000,USD,173000,US,0,US,M
2024,SE,FT,Research Scientist,117000,USD,117000,US,0,US,M
2024,SE,FT,Research Scientist,293000,USD,293000,US,0,US,M
2024,SE,FT,Research Scientist,213000,USD,213000,US,0,US,M
2024,SE,FT,Research Scientist,173000,USD,173000,US,0,US,M
2024,SE,FT,Research Scientist,117000,USD,117000,US,0,US,M
2024,MI,FT,Data Engineer,65500,EUR,72777,IE,0,IE,M
2024,MI,FT,Data Engineer,55500,EUR,61666,IE,0,IE,M
2024,MI,FT,Data Scientist,204000,USD,204000,US,0,US,M
2024,MI,FT,Data Scientist,134000,USD,134000,US,0,US,M
2024,MI,FT,Data Specialist,75423,USD,75423,US,0,US,M
2024,MI,FT,Data Specialist,45790,USD,45790,US,0,US,M
2024,MI,FT,Research Scientist,251000,USD,251000,US,0,US,M
2024,MI,FT,Research Scientist,177000,USD,177000,US,0,US,M
2024,SE,FT,Data Engineer,300000,USD,300000,US,0,US,M
2024,SE,FT,Data Engineer,250000,USD,250000,US,0,US,M
2024,SE,FT,Research Scientist,293000,USD,293000,US,0,US,M
2024,SE,FT,Research Scientist,213000,USD,213000,US,0,US,M
2024,MI,FT,Data Scientist,204000,USD,204000,US,0,US,M
2024,MI,FT,Data Scientist,134000,USD,134000,US,0,US,M
2024,SE,FT,Machine Learning Engineer,410000,USD,410000,US,0,US,M
2024,SE,FT,Machine Learning Engineer,274000,USD,274000,US,0,US,M
2024,SE,FT,Applied Scientist,260000,USD,260000,US,0,US,L
2024,SE,FT,Applied Scientist,136000,USD,136000,US,0,US,L
2024,SE,FT,Data Scientist,242000,USD,242000,US,0,US,M
2024,SE,FT,Data Scientist,173000,USD,173000,US,0,US,M
2024,MI,FT,Applied Scientist,222200,USD,222200,US,0,US,L
2024,MI,FT,Applied Scientist,136000,USD,136000,US,0,US,L
2024,SE,FT,Data Analyst,164000,USD,164000,US,0,US,M
2024,SE,FT,Data Analyst,115000,USD,115000,US,0,US,M
2024,EN,FT,Research Scientist,173000,USD,173000,US,0,US,M
2024,EN,FT,Research Scientist,117000,USD,117000,US,0,US,M
2024,MI,FT,Data Engineer,205600,USD,205600,US,0,US,L
2024,MI,FT,Data Engineer,105700,USD,105700,US,0,US,L
2024,SE,FT,Data Scientist,281000,USD,281000,US,0,US,M
2024,SE,FT,Data Scientist,206000,USD,206000,US,0,US,M
2024,SE,FT,Research Scientist,337000,USD,337000,US,0,US,M
2024,SE,FT,Research Scientist,237000,USD,237000,US,0,US,M
2024,SE,FT,Business Intelligence Engineer,165600,USD,165600,US,0,US,L
2024,SE,FT,Business Intelligence Engineer,65800,USD,65800,US,0,US,L
2024,SE,FT,Data Scientist,196900,USD,196900,US,0,US,M
2024,SE,FT,Data Scientist,186526,USD,186526,US,0,US,M
2024,EN,FT,Data Engineer,185000,USD,185000,US,0,US,L
2024,EN,FT,Data Engineer,81000,USD,81000,US,0,US,L
2024,MI,FT,Machine Learning Engineer,256500,USD,256500,US,0,US,M
2024,MI,FT,Machine Learning Engineer,170700,USD,170700,US,0,US,M
2024,SE,FT,Data Product Manager,200000,USD,200000,US,100,US,M
2024,SE,FT,Data Product Manager,150000,USD,150000,US,100,US,M
2024,MI,FT,Data Scientist,180000,USD,180000,US,0,US,M
2024,MI,FT,Data Scientist,160000,USD,160000,US,0,US,M
2024,SE,FT,Machine Learning Engineer,270000,USD,270000,US,0,US,M
2024,SE,FT,Machine Learning Engineer,183600,USD,183600,US,0,US,M
2024,SE,FT,Research Engineer,240000,USD,240000,US,0,US,M
2024,SE,FT,Research Engineer,170000,USD,170000,US,0,US,M
2024,SE,FT,Research Engineer,321000,USD,321000,US,0,US,M
2024,SE,FT,Research Engineer,214000,USD,214000,US,0,US,M
2024,EN,FT,Data Analyst,145000,USD,145000,US,100,US,M
2024,EN,FT,Data Analyst,110000,USD,110000,US,100,US,M
2024,SE,CT,Data Scientist,130000,USD,130000,US,0,US,M
2024,SE,CT,Data Scientist,110000,USD,110000,US,0,US,M
2024,SE,FT,Data Engineer,256500,USD,256500,US,0,US,M
2024,SE,FT,Data Engineer,138900,USD,138900,US,0,US,M
2024,SE,FT,Data Engineer,140000,USD,140000,US,100,US,M
2024,SE,FT,Data Engineer,115000,USD,115000,US,100,US,M
2024,MI,FT,MLOps Engineer,210000,USD,210000,US,0,US,M
2024,MI,FT,MLOps Engineer,140000,USD,140000,US,0,US,M
2024,SE,FT,Data Scientist,279400,USD,279400,US,0,US,M
2024,SE,FT,Data Scientist,248920,USD,248920,US,0,US,M
2024,MI,FT,Machine Learning Engineer,200000,USD,200000,US,0,US,M
2024,MI,FT,Machine Learning Engineer,140000,USD,140000,US,0,US,M
2024,MI,FT,Data Scientist,204000,USD,204000,US,0,US,M
2024,MI,FT,Data Scientist,134000,USD,134000,US,0,US,M
2024,SE,FT,Data Analyst,184000,USD,184000,US,0,US,M
2024,SE,FT,Data Analyst,147200,USD,147200,US,0,US,M
2024,SE,FT,Data Scientist,198000,USD,198000,US,100,US,M
2024,SE,FT,Data Scientist,143000,USD,143000,US,100,US,M
2024,MI,FT,Applied Scientist,222200,USD,222200,US,0,US,L
2024,MI,FT,Applied Scientist,136000,USD,136000,US,0,US,L
2024,SE,FT,Computer Vision Engineer,200000,USD,200000,US,0,US,M
2024,SE,FT,Computer Vision Engineer,160000,USD,160000,US,0,US,M
2024,MI,FT,Data Engineer,243300,USD,243300,US,0,US,M
2024,MI,FT,Data Engineer,131500,USD,131500,US,0,US,M
2024,MI,FT,Research Scientist,149000,USD,149000,US,0,US,M
2024,MI,FT,Research Scientist,106000,USD,106000,US,0,US,M
2024,MI,FT,Data Engineer,220000,USD,220000,US,0,US,M
2024,MI,FT,Data Engineer,160000,USD,160000,US,0,US,M
2024,SE,FT,Machine Learning Engineer,237000,USD,237000,US,0,US,M
2024,SE,FT,Machine Learning Engineer,161200,USD,161200,US,0,US,M
2024,MI,FT,Research Scientist,251000,USD,251000,US,0,US,M
2024,MI,FT,Research Scientist,177000,USD,177000,US,0,US,M
2024,MI,FT,Research Engineer,208000,USD,208000,US,0,US,M
2024,MI,FT,Research Engineer,146994,USD,146994,US,0,US,M
2024,MI,FT,Research Scientist,251000,USD,251000,US,0,US,M
2024,MI,FT,Research Scientist,177000,USD,177000,US,0,US,M
2024,EN,FT,Data Analyst,160000,USD,160000,US,0,US,M
2024,EN,FT,Data Analyst,120000,USD,120000,US,0,US,M
2024,MI,FT,Research Scientist,208000,USD,208000,US,0,US,M
2024,MI,FT,Research Scientist,143000,USD,143000,US,0,US,M
2024,MI,FT,Research Scientist,251000,USD,251000,US,0,US,M
2024,MI,FT,Research Scientist,177000,USD,177000,US,0,US,M
2024,MI,FT,Data Scientist,279400,USD,279400,US,0,US,M
2024,MI,FT,Data Scientist,250104,USD,250104,US,0,US,M
2024,MI,FT,Research Scientist,251000,USD,251000,US,0,US,M
2024,MI,FT,Research Scientist,177000,USD,177000,US,0,US,M
2024,MI,FT,Research Scientist,208000,USD,208000,US,0,US,M
2024,MI,FT,Research Scientist,143000,USD,143000,US,0,US,M
2024,MI,FT,Research Scientist,173000,USD,173000,US,0,US,M
2024,MI,FT,Research Scientist,117000,USD,117000,US,0,US,M
2024,SE,FT,Data Architect,204000,USD,204000,US,0,US,M
2024,SE,FT,Data Architect,148000,USD,148000,US,0,US,M
2024,SE,FT,Research Engineer,234000,USD,234000,US,0,US,M
2024,SE,FT,Research Engineer,146000,USD,146000,US,0,US,M
2024,SE,FT,Applied Scientist,282200,USD,282200,US,0,US,M
2024,SE,FT,Applied Scientist,133600,USD,133600,US,0,US,M
2024,SE,FT,Machine Learning Engineer,260500,USD,260500,US,0,US,M
2024,SE,FT,Machine Learning Engineer,173400,USD,173400,US,0,US,M
2024,SE,FT,Data Architect,160000,USD,160000,US,0,US,M
2024,SE,FT,Data Architect,100000,USD,100000,US,0,US,M
2024,MI,FT,AI Engineer,160000,USD,160000,US,0,US,M
2024,MI,FT,AI Engineer,80000,USD,80000,US,0,US,M
2024,SE,FT,Data Scientist,176000,USD,176000,US,100,US,M
2024,SE,FT,Data Scientist,72700,USD,72700,US,100,US,M
2024,SE,FT,Data Scientist,235400,USD,235400,US,0,US,M
2024,SE,FT,Data Scientist,209720,USD,209720,US,0,US,M
2024,MI,FT,Data Scientist,353500,USD,353500,US,0,US,M
2024,MI,FT,Data Scientist,70800,USD,70800,US,0,US,M
2024,SE,FT,Data Engineer,235400,USD,235400,US,100,US,M
2024,SE,FT,Data Engineer,179938,USD,179938,US,100,US,M
2024,MI,FT,Computer Vision Engineer,173000,USD,173000,US,0,US,M
2024,MI,FT,Computer Vision Engineer,117000,USD,117000,US,0,US,M
2024,EN,FT,Insight Analyst,38205,GBP,47756,GB,0,GB,M
2024,EN,FT,Insight Analyst,32982,GBP,41227,GB,0,GB,M
2024,MI,FT,Research Scientist,208000,USD,208000,US,0,US,M
2024,MI,FT,Research Scientist,143000,USD,143000,US,0,US,M
2024,SE,FT,Data Engineer,196900,USD,196900,US,0,US,M
2024,SE,FT,Data Engineer,178418,USD,178418,US,0,US,M
2024,MI,FT,Data Scientist,198600,USD,198600,US,0,US,M
2024,MI,FT,Data Scientist,94300,USD,94300,US,0,US,M
2024,MI,FT,Machine Learning Engineer,240240,USD,240240,US,0,US,M
2024,MI,FT,Machine Learning Engineer,214032,USD,214032,US,0,US,M
2024,MI,FT,Data Analyst,137000,USD,137000,US,0,US,M
2024,MI,FT,Data Analyst,60400,USD,60400,US,0,US,M
2024,EN,FT,Data Analyst,245520,USD,245520,US,0,US,M
2024,EN,FT,Data Analyst,223202,USD,223202,US,0,US,M
2024,SE,FT,Data Architect,291900,USD,291900,US,0,US,M
2024,SE,FT,Data Architect,64300,USD,64300,US,0,US,M
2024,MI,FT,Research Scientist,173000,USD,173000,US,0,US,M
2024,MI,FT,Research Scientist,117000,USD,117000,US,0,US,M
2024,MI,FT,Research Scientist,173000,USD,173000,US,0,US,M
2024,MI,FT,Research Scientist,117000,USD,117000,US,0,US,M
2024,MI,FT,Data Scientist,128600,USD,128600,US,0,US,M
2024,MI,FT,Data Scientist,90500,USD,90500,US,0,US,M
2024,SE,FT,Applied Scientist,282200,USD,282200,US,0,US,M
2024,SE,FT,Applied Scientist,133600,USD,133600,US,0,US,M
2024,EN,FT,Machine Learning Engineer,143400,USD,143400,US,0,US,M
2024,EN,FT,Machine Learning Engineer,98900,USD,98900,US,0,US,M
2024,SE,FT,Applied Scientist,251000,USD,251000,US,100,US,M
2024,SE,FT,Applied Scientist,177008,USD,177008,US,100,US,M
2024,MI,FT,Research Engineer,240240,USD,240240,US,0,US,M
2024,MI,FT,Research Engineer,203350,USD,203350,US,0,US,M
2024,MI,FT,Data Scientist,95000,USD,95000,US,0,US,M
2024,MI,FT,Data Scientist,70000,USD,70000,US,0,US,M
2024,EN,FT,Data Analyst,90000,USD,90000,US,0,US,M
2024,EN,FT,Data Analyst,30000,USD,30000,US,0,US,M
2024,SE,FT,Research Scientist,251000,USD,251000,US,0,US,M
2024,SE,FT,Research Scientist,177000,USD,177000,US,0,US,M
2024,SE,FT,Data Scientist,213000,USD,213000,US,0,US,M
2024,SE,FT,Data Scientist,150000,USD,150000,US,0,US,M
2024,SE,FT,Data Scientist,179101,USD,179101,US,100,US,M
2024,SE,FT,Data Scientist,105353,USD,105353,US,100,US,M
2024,SE,FT,Data Engineer,282200,USD,282200,US,0,US,M
2024,SE,FT,Data Engineer,133600,USD,133600,US,0,US,M
2024,MI,FT,Research Scientist,173000,USD,173000,US,0,US,M
2024,MI,FT,Research Scientist,117000,USD,117000,US,0,US,M
2024,SE,FT,Research Scientist,293000,USD,293000,US,0,US,M
2024,SE,FT,Research Scientist,213000,USD,213000,US,0,US,M
2024,MI,FT,Research Scientist,208000,USD,208000,US,0,US,M
2024,MI,FT,Research Scientist,146994,USD,146994,US,0,US,M
2024,MI,FT,Research Scientist,200200,USD,200200,US,0,US,M
2024,MI,FT,Research Scientist,189473,USD,189473,US,0,US,M
2024,MI,FT,Data Scientist,171000,USD,171000,US,0,US,M
2024,MI,FT,Data Scientist,109000,USD,109000,US,0,US,M
2024,MI,FT,Research Scientist,208000,USD,208000,US,0,US,M
2024,MI,FT,Research Scientist,143000,USD,143000,US,0,US,M
2024,MI,FT,Research Engineer,173000,USD,173000,US,0,US,M
2024,MI,FT,Research Engineer,117000,USD,117000,US,0,US,M
2024,MI,FT,Research Scientist,173000,USD,173000,US,0,US,M
2024,MI,FT,Research Scientist,117000,USD,117000,US,0,US,M
2024,MI,FT,Data Engineer,242000,USD,242000,US,0,US,M
2024,MI,FT,Data Engineer,173000,USD,173000,US,0,US,M
2024,MI,FT,Data Scientist,196900,USD,196900,US,0,US,M
2024,MI,FT,Data Scientist,180393,USD,180393,US,0,US,M
2024,MI,FT,Business Intelligence,110400,USD,110400,US,0,US,M
2024,MI,FT,Business Intelligence,76500,USD,76500,US,0,US,M
2024,SE,FT,Research Analyst,175000,USD,175000,US,0,US,M
2024,SE,FT,Research Analyst,130000,USD,130000,US,0,US,M
2024,MI,FT,Data Scientist,281000,USD,281000,US,0,US,M
2024,MI,FT,Data Scientist,206000,USD,206000,US,0,US,M
2024,EX,FT,Data Scientist,338000,USD,338000,US,0,US,M
2024,EX,FT,Data Scientist,156000,USD,156000,US,0,US,M
2024,MI,FT,Research Engineer,173000,USD,173000,US,0,US,M
2024,MI,FT,Research Engineer,117000,USD,117000,US,0,US,M
2024,MI,FT,Data Scientist,196900,USD,196900,US,0,US,M
2024,MI,FT,Data Scientist,179551,USD,179551,US,0,US,M
2024,MI,FT,Data Engineer,279400,USD,279400,US,0,US,M
2024,MI,FT,Data Engineer,257984,USD,257984,US,0,US,M
2024,SE,FT,Research Engineer,137000,USD,137000,US,0,US,M
2024,SE,FT,Research Engineer,117000,USD,117000,US,0,US,M
2024,MI,FT,Research Scientist,293000,USD,293000,US,0,US,M
2024,MI,FT,Research Scientist,213000,USD,213000,US,0,US,M
2024,SE,FT,Computer Vision Engineer,251000,USD,251000,US,0,US,M
2024,SE,FT,Computer Vision Engineer,177008,USD,177008,US,0,US,M
2024,MI,FT,Research Scientist,204000,USD,204000,US,0,US,M
2024,MI,FT,Research Scientist,134000,USD,134000,US,0,US,M
2024,SE,FT,Research Scientist,173000,USD,173000,US,100,US,M
2024,SE,FT,Research Scientist,117000,USD,117000,US,100,US,M
2024,MI,FT,Computer Vision Engineer,290180,USD,290180,US,0,US,M
2024,MI,FT,Computer Vision Engineer,234130,USD,234130,US,0,US,M
2024,SE,FT,Data Engineer,196900,USD,196900,US,0,US,M
2024,SE,FT,Data Engineer,183552,USD,183552,US,0,US,M
2024,SE,FT,Research Engineer,173000,USD,173000,US,0,US,M
2024,SE,FT,Research Engineer,117000,USD,117000,US,0,US,M
2024,MI,FT,Data Engineer,235400,USD,235400,US,100,US,M
2024,MI,FT,Data Engineer,191373,USD,191373,US,100,US,M
2024,MI,FT,Data Engineer,196900,USD,196900,US,0,US,M
2024,MI,FT,Data Engineer,182781,USD,182781,US,0,US,M
2024,MI,FT,Research Engineer,251000,USD,251000,US,100,US,M
2024,MI,FT,Research Engineer,177008,USD,177008,US,100,US,M
2024,MI,FT,Research Scientist,173000,USD,173000,US,0,US,M
2024,MI,FT,Research Scientist,117000,USD,117000,US,0,US,M
2024,MI,FT,Data Scientist,281000,USD,281000,US,0,US,M
2024,MI,FT,Data Scientist,206000,USD,206000,US,0,US,M
2024,SE,FT,Data Scientist,208300,USD,208300,US,0,US,M
2024,SE,FT,Data Scientist,130100,USD,130100,US,0,US,M
2024,SE,FT,Applied Scientist,282200,USD,282200,US,0,US,M
2024,SE,FT,Applied Scientist,133600,USD,133600,US,0,US,M
2024,SE,FT,Data Scientist,277000,USD,277000,US,0,US,M
2024,SE,FT,Data Scientist,173000,USD,173000,US,0,US,M
2024,MI,FT,Business Intelligence,174500,USD,174500,US,100,US,M
2024,MI,FT,Business Intelligence,126800,USD,126800,US,100,US,M
2024,SE,FT,Data Engineer,135000,USD,135000,US,0,US,M
2024,SE,FT,Data Engineer,115000,USD,115000,US,0,US,M
2024,SE,FT,Data Engineer,220000,USD,220000,US,0,US,M
2024,SE,FT,Data Engineer,137500,USD,137500,US,0,US,M
2024,SE,FT,Data Engineer,247200,USD,247200,US,0,US,M
2024,SE,FT,Data Engineer,118450,USD,118450,US,0,US,M
2024,SE,FT,Business Intelligence Lead,144300,USD,144300,US,100,US,M
2024,SE,FT,Business Intelligence Lead,104800,USD,104800,US,100,US,M
2024,SE,FT,Data Analyst,108500,USD,108500,US,100,US,M
2024,SE,FT,Data Analyst,78800,USD,78800,US,100,US,M
2024,SE,FT,Data Scientist,201900,USD,201900,US,0,US,M
2024,SE,FT,Data Scientist,83430,USD,83430,US,0,US,M
2024,EN,FT,Data Analyst,291900,USD,291900,US,0,US,M
2024,EN,FT,Data Analyst,103800,USD,103800,US,0,US,M
2024,SE,FT,Business Intelligence Developer,118000,USD,118000,US,100,US,M
2024,SE,FT,Business Intelligence Developer,89500,USD,89500,US,100,US,M
2024,SE,FT,Data Scientist,238600,USD,238600,US,0,US,M
2024,SE,FT,Data Scientist,112000,USD,112000,US,0,US,M
2024,MI,FT,Data Manager,46974,GBP,58717,GB,0,GB,M
2024,MI,FT,Data Manager,39347,GBP,49183,GB,0,GB,M
2024,EN,FT,Business Intelligence Developer,80000,USD,80000,US,100,US,M
2024,EN,FT,Business Intelligence Developer,60500,USD,60500,US,100,US,M
2024,SE,FT,Business Intelligence Engineer,108500,USD,108500,US,100,US,M
2024,SE,FT,Business Intelligence Engineer,78800,USD,78800,US,100,US,M
2024,MI,FT,BI Analyst,188400,USD,188400,US,0,US,M
2024,MI,FT,BI Analyst,125600,USD,125600,US,0,US,M
2024,SE,FT,Data Scientist,220000,USD,220000,US,0,US,M
2024,SE,FT,Data Scientist,96600,USD,96600,US,0,US,M
2024,SE,FT,Data Scientist,267800,USD,267800,US,0,US,M
2024,SE,FT,Data Scientist,136218,USD,136218,US,0,US,M
2024,MI,FT,Data Scientist,144200,USD,144200,US,0,US,M
2024,MI,FT,Data Scientist,72100,USD,72100,US,0,US,M
2024,SE,FT,Data Scientist,247200,USD,247200,US,0,US,M
2024,SE,FT,Data Scientist,124373,USD,124373,US,0,US,M
2024,SE,FT,Machine Learning Engineer,237600,USD,237600,US,0,US,M
2024,SE,FT,Machine Learning Engineer,146900,USD,146900,US,0,US,M
2024,MI,FT,Machine Learning Scientist,179000,USD,179000,US,0,US,M
2024,MI,FT,Machine Learning Scientist,112000,USD,112000,US,0,US,M
2024,EN,FT,Data Analyst,57600,USD,57600,US,0,US,M
2024,EN,FT,Data Analyst,50700,USD,50700,US,0,US,M
2024,SE,FT,Research Engineer,234000,USD,234000,US,0,US,M
2024,SE,FT,Research Engineer,146000,USD,146000,US,0,US,M
2024,SE,FT,Robotics Software Engineer,260000,USD,260000,US,0,US,M
2024,SE,FT,Robotics Software Engineer,132000,USD,132000,US,0,US,M
2024,EN,FT,Insight Analyst,85000,USD,85000,US,100,US,M
2024,EN,FT,Insight Analyst,70000,USD,70000,US,100,US,M
2024,SE,FT,Data Engineer,185000,USD,185000,US,0,US,M
2024,SE,FT,Data Engineer,120000,USD,120000,US,0,US,M
2024,MI,FT,AI Software Engineer,143896,USD,143896,US,0,US,M
2024,MI,FT,AI Software Engineer,89040,USD,89040,US,0,US,M
2024,SE,FT,Applied Scientist,238600,USD,238600,US,0,US,M
2024,SE,FT,Applied Scientist,112000,USD,112000,US,0,US,M
2024,MI,FT,Data Engineer,137930,USD,137930,CA,0,CA,M
2024,MI,FT,Data Engineer,74270,USD,74270,CA,0,CA,M
2024,EN,FT,Data Analyst,85420,USD,85420,US,0,US,M
2024,EN,FT,Data Analyst,50000,USD,50000,US,0,US,M
2024,SE,FT,Machine Learning Engineer,216000,USD,216000,US,0,US,M
2024,SE,FT,Machine Learning Engineer,136000,USD,136000,US,0,US,M
2024,MI,FT,Data Analyst,140000,USD,140000,US,0,US,M
2024,MI,FT,Data Analyst,110000,USD,110000,US,0,US,M
2024,SE,FT,Data Scientist,60000,GBP,75000,GB,0,GB,M
2024,SE,FT,Data Scientist,40000,GBP,50000,GB,0,GB,M
2024,SE,FT,Machine Learning Engineer,199000,USD,199000,US,0,US,M
2024,SE,FT,Machine Learning Engineer,183000,USD,183000,US,0,US,M
2024,MI,FT,Data Engineer,243300,USD,243300,US,0,US,M
2024,MI,FT,Data Engineer,131500,USD,131500,US,0,US,M
2024,SE,FT,Data Scientist,260000,USD,260000,US,0,US,M
2024,SE,FT,Data Scientist,132250,USD,132250,US,0,US,M
2024,MI,FT,Machine Learning Engineer,464200,PLN,116050,PL,100,PL,M
2024,MI,FT,Data Scientist,189800,USD,189800,US,100,US,M
2024,MI,FT,Data Scientist,105600,USD,105600,US,100,US,M
2024,MI,FT,Data Scientist,192386,USD,192386,US,0,US,M
2024,MI,FT,Data Scientist,135000,USD,135000,US,0,US,M
2024,EN,FT,Data Engineer,83500,USD,83500,US,0,US,M
2024,EN,FT,Data Engineer,52500,USD,52500,US,0,US,M
2024,SE,FT,Data Engineer,201500,USD,201500,US,100,US,M
2024,SE,FT,Data Engineer,183000,USD,183000,US,100,US,M
2024,MI,FT,Data Analyst,120000,USD,120000,US,100,US,M
2024,MI,FT,Data Analyst,100000,USD,100000,US,100,US,M
2024,EN,FT,Data Analyst,24000,GBP,30000,GB,0,GB,M
2024,EN,FT,Data Analyst,24000,GBP,30000,GB,0,GB,M
2024,EN,FT,Business Intelligence Developer,100000,USD,100000,US,100,US,M
2024,EN,FT,Business Intelligence Developer,80000,USD,80000,US,100,US,M
2024,MI,FT,Data Scientist,257600,USD,257600,US,0,US,M
2024,MI,FT,Data Scientist,146000,USD,146000,US,0,US,M
2024,EX,FT,Data Scientist,300000,USD,300000,US,100,US,M
2024,EX,FT,Data Scientist,220000,USD,220000,US,100,US,M
2024,EX,FT,Data Scientist,220000,USD,220000,US,100,US,M
2024,EX,FT,Data Scientist,180000,USD,180000,US,100,US,M
2024,SE,FT,Data Engineer,240000,USD,240000,CA,100,CA,M
2024,SE,FT,Data Engineer,190000,USD,190000,CA,100,CA,M
2024,SE,FT,Data Architect,160000,USD,160000,US,0,US,M
2024,SE,FT,Data Architect,110000,USD,110000,US,0,US,M
2024,EX,FT,Data Scientist,233850,USD,233850,US,0,US,M
2024,EX,FT,Data Scientist,161300,USD,161300,US,0,US,M
2024,SE,FT,Data Engineer,229900,USD,229900,US,100,US,M
2024,SE,FT,Data Engineer,167200,USD,167200,US,100,US,M
2024,SE,FT,Data Scientist,252000,USD,252000,US,0,US,M
2024,SE,FT,Data Scientist,168000,USD,168000,US,0,US,M
2024,SE,FT,Data Engineer,185000,USD,185000,US,100,US,M
2024,SE,FT,Data Engineer,160000,USD,160000,US,100,US,M
2024,SE,FT,Machine Learning Engineer,284900,USD,284900,US,0,US,M
2024,SE,FT,Machine Learning Engineer,161700,USD,161700,US,0,US,M
2024,MI,FT,Data Scientist,212780,USD,212780,US,0,US,M
2024,MI,FT,Data Scientist,178660,USD,178660,US,0,US,M
2024,SE,FT,Data Scientist,112500,USD,112500,US,0,US,M
2024,SE,FT,Data Scientist,112500,USD,112500,US,0,US,M
2024,SE,FT,Data Engineer,175000,USD,175000,US,0,US,M
2024,SE,FT,Data Engineer,117000,USD,117000,US,0,US,M
2024,EN,FT,Data Analyst,85000,USD,85000,US,0,US,M
2024,EN,FT,Data Analyst,65000,USD,65000,US,0,US,M
2024,MI,FT,Machine Learning Engineer,284900,USD,284900,US,0,US,M
2024,MI,FT,Machine Learning Engineer,161700,USD,161700,US,0,US,M
2024,EN,FT,Data Scientist,198600,USD,198600,US,0,US,M
2024,EN,FT,Data Scientist,94300,USD,94300,US,0,US,M
2024,SE,FT,Data Scientist,135800,USD,135800,US,100,US,M
2024,SE,FT,Data Scientist,95100,USD,95100,US,100,US,M
2024,EN,FT,Data Scientist,86900,USD,86900,US,100,US,M
2024,EN,FT,Data Scientist,60800,USD,60800,US,100,US,M
2024,SE,FT,Business Intelligence,140000,USD,140000,US,0,US,M
2024,SE,FT,Business Intelligence,85000,USD,85000,US,0,US,M
2024,MI,FT,Data Engineer,55000,GBP,68750,GB,0,GB,M
2024,MI,FT,Data Engineer,45000,GBP,56250,GB,0,GB,M
2024,MI,FT,Data Scientist,110000,USD,110000,US,100,US,M
2024,MI,FT,Data Scientist,80000,USD,80000,US,100,US,M
2024,MI,FT,Machine Learning Researcher,208300,USD,208300,US,0,US,M
2024,MI,FT,Machine Learning Researcher,138900,USD,138900,US,0,US,M
2024,SE,FT,Business Intelligence,238600,USD,238600,US,0,US,M
2024,SE,FT,Business Intelligence,112000,USD,112000,US,0,US,M
2024,SE,FT,Machine Learning Engineer,245400,USD,245400,US,100,US,M
2024,SE,FT,Machine Learning Engineer,139000,USD,139000,US,100,US,M
2024,SE,FT,Research Scientist,282200,USD,282200,US,0,US,M
2024,SE,FT,Research Scientist,133600,USD,133600,US,0,US,M
2024,SE,FT,Data Analyst,57000,USD,57000,US,0,US,M
2024,SE,FT,Data Analyst,57000,USD,57000,US,0,US,M
2024,MI,FT,Data Manager,192170,USD,192170,US,0,US,M
2024,MI,FT,Data Manager,118800,USD,118800,US,0,US,M
2024,SE,FT,Data Scientist,240000,USD,240000,US,0,US,M
2024,SE,FT,Data Scientist,120750,USD,120750,US,0,US,M
2024,EN,FT,Data Management Specialist,75803,USD,75803,CA,0,CA,M
2024,EN,FT,Data Management Specialist,60642,USD,60642,CA,0,CA,M
2024,SE,FT,Applied Scientist,238600,USD,238600,US,0,US,M
2024,SE,FT,Applied Scientist,112000,USD,112000,US,0,US,M
2024,SE,FT,AI Architect,283850,USD,283850,US,100,US,M
2024,SE,FT,AI Architect,144650,USD,144650,US,100,US,M
2024,EN,FT,Data Scientist,172000,USD,172000,US,0,US,M
2024,EN,FT,Data Scientist,75600,USD,75600,US,0,US,M
2024,MI,FT,Data Scientist,92222,USD,92222,US,0,US,M
2024,MI,FT,Data Scientist,62395,USD,62395,US,0,US,M
2024,EN,FT,Machine Learning Engineer,243300,USD,243300,US,0,US,M
2024,EN,FT,Machine Learning Engineer,131500,USD,131500,US,0,US,M
2024,MI,FT,Data Modeler,114000,USD,114000,CA,0,CA,M
2024,MI,FT,Data Modeler,69000,USD,69000,CA,0,CA,M
2024,EN,FT,Applied Scientist,165400,USD,165400,US,0,US,M
2024,EN,FT,Applied Scientist,76400,USD,76400,US,0,US,M
2024,MI,FT,Data Scientist,75000,USD,75000,US,0,US,M
2024,MI,FT,Data Scientist,54000,USD,54000,US,0,US,M
2024,MI,FT,Data Engineer,190000,USD,190000,US,0,US,M
2024,MI,FT,Data Engineer,140000,USD,140000,US,0,US,M
2024,SE,FT,Data Scientist,220000,USD,220000,US,0,US,M
2024,SE,FT,Data Scientist,137500,USD,137500,US,0,US,M
2024,SE,FT,Data Scientist,188500,USD,188500,US,0,US,M
2024,SE,FT,Data Scientist,165100,USD,165100,US,0,US,M
2024,SE,FT,Research Scientist,300000,USD,300000,US,100,US,M
2024,SE,FT,Research Scientist,225000,USD,225000,US,100,US,M
2024,SE,FT,Data Scientist,271000,USD,271000,US,0,US,M
2024,SE,FT,Data Scientist,159000,USD,159000,US,0,US,M
2024,MI,FT,Data Engineer,145000,USD,145000,US,0,US,M
2024,MI,FT,Data Engineer,102000,USD,102000,US,0,US,M
2024,SE,FT,Machine Learning Engineer,178200,USD,178200,US,0,US,M
2024,SE,FT,Machine Learning Engineer,74800,USD,74800,US,0,US,M
2024,SE,FT,Data Architect,175000,USD,175000,US,0,US,M
2024,SE,FT,Data Architect,117000,USD,117000,US,0,US,M
2024,EN,FT,Data Scientist,108700,USD,108700,US,100,US,M
2024,EN,FT,Data Scientist,76100,USD,76100,US,100,US,M
2024,MI,FT,Data Analyst,80000,USD,80000,US,100,US,M
2024,MI,FT,Data Analyst,70000,USD,70000,US,100,US,M
2024,MI,FT,Research Scientist,130000,USD,130000,US,0,US,M
2024,MI,FT,Research Scientist,81700,USD,81700,US,0,US,M
2024,SE,FT,Data Analytics Manager,238600,USD,238600,US,0,US,M
2024,SE,FT,Data Analytics Manager,112000,USD,112000,US,0,US,M
2024,EN,FT,Data Scientist,65000,USD,65000,US,0,US,M
2024,EN,FT,Data Scientist,55000,USD,55000,US,0,US,M
2024,MI,FT,Applied Scientist,198600,USD,198600,US,0,US,M
2024,MI,FT,Applied Scientist,94300,USD,94300,US,0,US,M
2024,SE,FT,Data Engineer,135000,USD,135000,US,0,US,M
2024,SE,FT,Data Engineer,115000,USD,115000,US,0,US,M
2024,EN,FT,Data Analyst,70000,USD,70000,US,0,US,M
2024,EN,FT,Data Analyst,50000,USD,50000,US,0,US,M
2024,SE,FT,Data Architect,185000,USD,185000,US,0,US,M
2024,SE,FT,Data Architect,104000,USD,104000,US,0,US,M
2024,MI,FT,Business Intelligence Engineer,185000,USD,185000,US,0,US,L
2024,MI,FT,Business Intelligence Engineer,79600,USD,79600,US,0,US,L
2024,SE,FT,Data Scientist,238600,USD,238600,US,0,US,M
2024,SE,FT,Data Scientist,112000,USD,112000,US,0,US,M
2024,EN,FT,Data Analyst,50000,GBP,62500,GB,0,GB,M
2024,EN,FT,Data Analyst,35000,GBP,43750,GB,0,GB,M
2024,SE,FT,Data Engineer,256500,USD,256500,US,0,US,M
2024,SE,FT,Data Engineer,138900,USD,138900,US,0,US,M
2024,SE,FT,Data Lead,123500,USD,123500,US,0,US,M
2024,SE,FT,Data Lead,73500,USD,73500,US,0,US,M
2024,MI,FT,Data Engineer,130000,USD,130000,US,100,US,M
2024,MI,FT,Data Engineer,130000,USD,130000,US,100,US,M
2024,EN,FT,Applied Scientist,252500,USD,252500,US,0,US,M
2024,EN,FT,Applied Scientist,133500,USD,133500,US,0,US,M
2024,EX,FT,Data Scientist,230000,USD,230000,US,0,US,M
2024,EX,FT,Data Scientist,200000,USD,200000,US,0,US,M
2024,SE,FT,Data Engineer,185000,USD,185000,US,0,US,M
2024,SE,FT,Data Engineer,140000,USD,140000,US,0,US,M
2024,SE,FT,Machine Learning Engineer,130100,USD,130100,US,0,US,M
2024,SE,FT,Machine Learning Engineer,130100,USD,130100,US,0,US,M
2024,MI,FT,Data Engineer,198100,USD,198100,US,0,US,M
2024,MI,FT,Data Engineer,110219,USD,110219,US,0,US,M
2024,MI,FT,Data Engineer,175000,USD,175000,US,0,US,M
2024,MI,FT,Data Engineer,117000,USD,117000,US,0,US,M
2024,MI,FT,Data Specialist,85000,USD,85000,US,0,US,M
2024,MI,FT,Data Specialist,72400,USD,72400,US,0,US,M
2024,MI,FT,Business Intelligence Developer,95413,USD,95413,US,100,US,M
2024,MI,FT,Business Intelligence Developer,70692,USD,70692,US,100,US,M
2024,MI,FT,Research Engineer,151500,USD,151500,US,0,US,M
2024,MI,FT,Research Engineer,101000,USD,101000,US,0,US,M
2024,SE,FT,Data Architect,164000,USD,164000,US,0,US,M
2024,SE,FT,Data Architect,117000,USD,117000,US,0,US,M
2024,SE,FT,Data Scientist,105000,USD,105000,US,0,US,M
2024,SE,FT,Data Scientist,85000,USD,85000,US,0,US,M
2024,SE,FT,Data Scientist,252000,USD,252000,US,0,US,M
2024,SE,FT,Data Scientist,168000,USD,168000,US,0,US,M
2024,EX,FT,Data Scientist,255000,USD,255000,US,0,US,M
2024,EX,FT,Data Scientist,205000,USD,205000,US,0,US,M
2024,SE,FT,Data Engineer,223000,USD,223000,US,100,US,M
2024,SE,FT,Data Engineer,159300,USD,159300,US,100,US,M
2024,MI,FT,Data Engineer,85000,GBP,106250,GB,0,GB,M
2024,MI,FT,Data Engineer,70000,GBP,87500,GB,0,GB,M
2024,EX,FT,Business Intelligence,288000,USD,288000,US,100,US,M
2024,EX,FT,Business Intelligence,250000,USD,250000,US,100,US,M
2024,SE,FT,Research Scientist,275000,USD,275000,US,100,US,M
2024,SE,FT,Research Scientist,200000,USD,200000,US,100,US,M
2024,SE,FT,Data Scientist,260000,USD,260000,US,0,US,M
2024,SE,FT,Data Scientist,192000,USD,192000,US,0,US,M
2024,MI,FT,Machine Learning Scientist,284900,USD,284900,US,0,US,M
2024,MI,FT,Machine Learning Scientist,161700,USD,161700,US,0,US,M
2024,SE,FT,Machine Learning Engineer,243300,USD,243300,US,0,US,M
2024,SE,FT,Machine Learning Engineer,131500,USD,131500,US,0,US,M
2024,SE,FT,Data Analyst,95000,USD,95000,US,100,US,M
2024,SE,FT,Data Analyst,85000,USD,85000,US,100,US,M
2024,MI,FT,Data Manager,113000,USD,113000,US,0,US,M
2024,MI,FT,Data Manager,81500,USD,81500,US,0,US,M
2024,MI,FT,Data Engineer,160000,USD,160000,US,0,US,M
2024,MI,FT,Data Engineer,130000,USD,130000,US,0,US,M
2024,SE,FT,Applied Scientist,256500,USD,256500,US,0,US,M
2024,SE,FT,Applied Scientist,170700,USD,170700,US,0,US,M
2024,SE,FT,Research Engineer,350000,USD,350000,US,0,US,M
2024,SE,FT,Research Engineer,200000,USD,200000,US,0,US,M
2024,SE,FT,Research Scientist,300200,USD,300200,US,0,US,M
2024,SE,FT,Research Scientist,170700,USD,170700,US,0,US,M
2024,SE,FT,Data Engineer,243300,USD,243300,US,0,US,M
2024,SE,FT,Data Engineer,131500,USD,131500,US,0,US,M
2024,EN,FT,Data Analyst,109000,USD,109000,US,0,US,M
2024,EN,FT,Data Analyst,66000,USD,66000,US,0,US,M
2024,MI,FT,Data Architect,138000,USD,138000,US,0,US,L
2024,MI,FT,Data Architect,120000,USD,120000,US,0,US,L
2024,MI,FT,Data Scientist,158200,USD,158200,US,0,US,M
2024,MI,FT,Data Scientist,65600,USD,65600,US,0,US,M
2024,SE,FT,AI Scientist,250000,USD,250000,US,0,US,M
2024,SE,FT,AI Scientist,150000,USD,150000,US,0,US,M
2024,MI,FT,Data Engineer,137000,USD,137000,US,0,US,M
2024,MI,FT,Data Engineer,60400,USD,60400,US,0,US,M
2024,EN,FT,Data Reporting Analyst,59513,USD,59513,US,0,US,M
2024,EN,FT,Data Reporting Analyst,49576,USD,49576,US,0,US,M
2024,SE,FT,Data Scientist,164600,USD,164600,US,0,US,M
2024,SE,FT,Data Scientist,99200,USD,99200,US,0,US,M
2024,SE,FT,AI Engineer,205000,USD,205000,US,0,US,M
2024,SE,FT,AI Engineer,140000,USD,140000,US,0,US,M
2024,SE,FT,Data Management Specialist,170000,USD,170000,US,0,US,M
2024,SE,FT,Data Management Specialist,145000,USD,145000,US,0,US,M
2024,SE,FT,Data Architect,234000,USD,234000,US,0,US,M
2024,SE,FT,Data Architect,146000,USD,146000,US,0,US,M
2024,SE,FT,AI Architect,251600,USD,251600,US,0,US,M
2024,SE,FT,AI Architect,96800,USD,96800,US,0,US,M
2024,EN,FT,Data Analyst,85000,USD,85000,US,0,US,M
2024,EN,FT,Data Analyst,70000,USD,70000,US,0,US,M
2024,MI,FT,Business Intelligence,103798,USD,103798,CA,0,CA,M
2024,MI,FT,Business Intelligence,83038,USD,83038,CA,0,CA,M
2024,MI,FT,Machine Learning Engineer,240000,USD,240000,US,0,US,M
2024,MI,FT,Machine Learning Engineer,136800,USD,136800,US,0,US,M
2024,EN,FT,Data Architect,106000,USD,106000,US,0,US,M
2024,EN,FT,Data Architect,51600,USD,51600,US,0,US,M
2024,MI,FT,Data Engineer,149600,USD,149600,US,0,US,M
2024,MI,FT,Data Engineer,90200,USD,90200,US,0,US,M
2024,SE,FT,Data Engineer,170640,USD,170640,US,100,US,M
2024,SE,FT,Data Engineer,73008,USD,73008,US,100,US,M
2024,MI,FT,AI Scientist,180000,USD,180000,US,0,US,M
2024,MI,FT,AI Scientist,115000,USD,115000,US,0,US,M
2024,SE,FT,Data Analyst,157000,USD,157000,US,100,US,M
2024,SE,FT,Data Analyst,130000,USD,130000,US,100,US,M
2024,SE,FT,Data Engineer,215000,USD,215000,CA,100,CA,M
2024,SE,FT,Data Engineer,173000,USD,173000,CA,100,CA,M
2024,SE,FT,Research Scientist,225000,USD,225000,US,0,US,M
2024,SE,FT,Research Scientist,166000,USD,166000,US,0,US,M
2024,SE,FT,Data Analyst,110000,USD,110000,US,100,US,M
2024,SE,FT,Data Analyst,95000,USD,95000,US,100,US,M
2024,SE,FT,Data Engineer,316900,USD,316900,US,0,US,M
2024,SE,FT,Data Engineer,210900,USD,210900,US,0,US,M
2024,SE,FT,Data Engineer,243500,USD,243500,US,0,US,M
2024,SE,FT,Data Engineer,201400,USD,201400,US,0,US,M
2024,MI,FT,Data Scientist,130000,USD,130000,US,0,US,M
2024,MI,FT,Data Scientist,100000,USD,100000,US,0,US,M
2024,SE,FT,Data Analyst,157476,USD,157476,US,100,US,M
2024,SE,FT,Data Analyst,104981,USD,104981,US,100,US,M
2024,SE,FT,Data Engineer,200000,USD,200000,US,0,US,M
2024,SE,FT,Data Engineer,147000,USD,147000,US,0,US,M
2024,SE,FT,Data Engineer,210000,USD,210000,US,100,US,M
2024,SE,FT,Data Engineer,170000,USD,170000,US,100,US,M
2024,SE,FT,Data Architect,80000,GBP,100000,GB,0,GB,M
2024,SE,FT,Data Architect,45000,GBP,56250,GB,0,GB,M
2024,SE,FT,Data Analyst,207300,USD,207300,US,0,US,M
2024,SE,FT,Data Analyst,165900,USD,165900,US,0,US,M
2024,MI,FT,Applied Scientist,222200,USD,222200,US,0,US,L
2024,MI,FT,Applied Scientist,136000,USD,136000,US,0,US,L
2024,MI,FT,Data Engineer,184000,USD,184000,US,0,US,M
2024,MI,FT,Data Engineer,123000,USD,123000,US,0,US,M
2024,MI,FT,Machine Learning Engineer,256500,USD,256500,US,0,US,M
2024,MI,FT,Machine Learning Engineer,138900,USD,138900,US,0,US,M
2024,SE,FT,Research Scientist,337300,USD,337300,US,0,US,M
2024,SE,FT,Research Scientist,192700,USD,192700,US,0,US,M
2024,SE,FT,Data Scientist,210600,USD,210600,US,0,US,M
2024,SE,FT,Data Scientist,110600,USD,110600,US,0,US,M
2024,SE,FT,Research Scientist,313000,USD,313000,US,0,US,M
2024,SE,FT,Research Scientist,232000,USD,232000,US,0,US,M
2024,SE,FT,Research Scientist,239000,USD,239000,US,0,US,M
2024,SE,FT,Research Scientist,161000,USD,161000,US,0,US,M
2024,SE,FT,Data Scientist,225600,USD,225600,US,0,US,M
2024,SE,FT,Data Scientist,146900,USD,146900,US,0,US,M
2024,SE,FT,Data Scientist,178000,USD,178000,US,0,US,M
2024,SE,FT,Data Scientist,122000,USD,122000,US,0,US,M
2024,MI,FT,Data Scientist,187000,USD,187000,US,0,US,M
2024,MI,FT,Data Scientist,127000,USD,127000,US,0,US,M
2024,SE,FT,Machine Learning Engineer,284000,USD,284000,US,0,US,M
2024,SE,FT,Machine Learning Engineer,189000,USD,189000,US,0,US,M
2024,MI,FT,Data Scientist,425000,USD,425000,US,0,US,M
2024,MI,FT,Data Scientist,220000,USD,220000,US,0,US,M
2024,EN,FT,Data Scientist,105000,USD,105000,US,0,US,M
2024,EN,FT,Data Scientist,45000,USD,45000,US,0,US,M
2024,SE,FT,Data Engineer,350000,USD,350000,DE,0,DE,M
2024,SE,FT,Data Engineer,287000,USD,287000,DE,0,DE,M
2024,SE,FT,Data Scientist,220000,USD,220000,US,0,US,M
2024,SE,FT,Data Scientist,172000,USD,172000,US,0,US,M
2024,MI,FT,Data Scientist,180000,USD,180000,US,0,US,M
2024,MI,FT,Data Scientist,115000,USD,115000,US,0,US,M
2024,SE,FT,Research Scientist,284000,USD,284000,US,0,US,M
2024,SE,FT,Research Scientist,189000,USD,189000,US,0,US,M
2024,MI,FT,Data Analyst,172000,USD,172000,US,0,US,M
2024,MI,FT,Data Analyst,117000,USD,117000,US,0,US,M
2024,SE,FT,Business Intelligence,194000,USD,194000,US,0,US,M
2024,SE,FT,Business Intelligence,129000,USD,129000,US,0,US,M
2024,MI,FT,Data Engineer,175000,USD,175000,US,0,US,M
2024,MI,FT,Data Engineer,117000,USD,117000,US,0,US,M
2024,MI,FT,Applied Scientist,243300,USD,243300,US,0,US,M
2024,MI,FT,Applied Scientist,131500,USD,131500,US,0,US,M
2024,SE,FT,Machine Learning Engineer,180000,USD,180000,US,0,US,M
2024,SE,FT,Machine Learning Engineer,143000,USD,143000,US,0,US,M
2024,SE,FT,Data Scientist,266000,USD,266000,US,0,US,M
2024,SE,FT,Data Scientist,177000,USD,177000,US,0,US,M
2024,SE,FT,Data Architect,175000,USD,175000,US,0,US,M
2024,SE,FT,Data Architect,117000,USD,117000,US,0,US,M
2024,SE,FT,AI Engineer,257000,USD,257000,US,0,US,M
2024,SE,FT,AI Engineer,171000,USD,171000,US,0,US,M
2024,SE,FT,Data Scientist,187000,USD,187000,US,0,US,M
2024,SE,FT,Data Scientist,127000,USD,127000,US,0,US,M
2024,SE,FT,Data Scientist,223000,USD,223000,US,0,US,M
2024,SE,FT,Data Scientist,150000,USD,150000,US,0,US,M
2024,MI,FT,Research Engineer,256500,USD,256500,US,0,US,M
2024,MI,FT,Research Engineer,138900,USD,138900,US,0,US,M
2024,MI,FT,Data Engineer,185000,USD,185000,US,0,US,L
2024,MI,FT,Data Engineer,81000,USD,81000,US,0,US,L
2024,MI,FT,Research Scientist,200000,USD,200000,US,0,US,M
2024,MI,FT,Research Scientist,136000,USD,136000,US,0,US,M
2024,EN,FT,Data Analyst,185100,USD,185100,US,0,US,M
2024,EN,FT,Data Analyst,106300,USD,106300,US,0,US,M
2024,SE,FT,Data Engineer,175000,USD,175000,US,0,US,M
2024,SE,FT,Data Engineer,117000,USD,117000,US,0,US,M
2024,MI,FT,Data Infrastructure Engineer,155000,USD,155000,US,100,US,M
2024,MI,FT,Data Infrastructure Engineer,140000,USD,140000,US,100,US,M
2024,MI,FT,Applied Scientist,222200,USD,222200,US,0,US,L
2024,MI,FT,Applied Scientist,136000,USD,136000,US,0,US,L
2024,MI,FT,Data Scientist,187000,USD,187000,US,0,US,M
2024,MI,FT,Data Scientist,127000,USD,127000,US,0,US,M
2024,SE,FT,Data Scientist,223000,USD,223000,US,0,US,M
2024,SE,FT,Data Scientist,150000,USD,150000,US,0,US,M
2024,MI,FT,Data Engineer,170000,USD,170000,US,100,US,M
2024,MI,FT,Data Engineer,150000,USD,150000,US,100,US,M
2024,SE,FT,Data Architect,175000,USD,175000,US,0,US,M
2024,SE,FT,Data Architect,117000,USD,117000,US,0,US,M
2024,SE,FT,Research Scientist,337000,USD,337000,US,0,US,M
2024,SE,FT,Research Scientist,237000,USD,237000,US,0,US,M
2024,SE,FT,Data Integration Engineer,256500,USD,256500,US,0,US,M
2024,SE,FT,Data Integration Engineer,170700,USD,170700,US,0,US,M
2024,MI,FT,Analytics Engineer,176000,USD,176000,US,0,US,M
2024,MI,FT,Analytics Engineer,124000,USD,124000,US,0,US,M
2024,EN,FT,Research Engineer,40000,USD,40000,US,0,US,M
2024,EN,FT,Research Engineer,36000,USD,36000,US,0,US,M
2024,MI,FT,Data Scientist,187000,USD,187000,US,0,US,M
2024,MI,FT,Data Scientist,127000,USD,127000,US,0,US,M
2024,MI,FT,Data Product Manager,100000,USD,100000,US,100,US,M
2024,MI,FT,Data Product Manager,77000,USD,77000,US,100,US,M
2024,SE,FT,Data Engineer,200000,USD,200000,US,0,US,M
2024,SE,FT,Data Engineer,147000,USD,147000,US,0,US,M
2024,MI,FT,Applied Scientist,222200,USD,222200,US,0,US,L
2024,MI,FT,Applied Scientist,136000,USD,136000,US,0,US,L
2024,SE,FT,Machine Learning Engineer,283780,USD,283780,US,0,US,M
2024,SE,FT,Machine Learning Engineer,233840,USD,233840,US,0,US,M
2024,SE,FT,Machine Learning Engineer,250000,USD,250000,US,0,US,M
2024,SE,FT,Machine Learning Engineer,150000,USD,150000,US,0,US,M
2024,SE,FT,Machine Learning Developer,465000,USD,465000,US,0,US,M
2024,SE,FT,Machine Learning Developer,323000,USD,323000,US,0,US,M
2024,SE,FT,Machine Learning Manager,346300,USD,346300,US,0,US,M
2024,SE,FT,Machine Learning Manager,230500,USD,230500,US,0,US,M
2024,SE,FT,Applied Scientist,260000,USD,260000,US,0,US,L
2024,SE,FT,Applied Scientist,136000,USD,136000,US,0,US,L
2024,SE,FT,Data Scientist,211000,USD,211000,US,0,US,M
2024,SE,FT,Data Scientist,142000,USD,142000,US,0,US,M
2024,MI,FT,Data Scientist,281000,USD,281000,US,0,US,M
2024,MI,FT,Data Scientist,206000,USD,206000,US,0,US,M
2024,SE,FT,Data Architect,175000,USD,175000,US,0,US,M
2024,SE,FT,Data Architect,117000,USD,117000,US,0,US,M
2024,SE,FT,Business Intelligence,194000,USD,194000,US,0,US,M
2024,SE,FT,Business Intelligence,129000,USD,129000,US,0,US,M
2024,MI,FT,Machine Learning Engineer,256500,USD,256500,US,0,US,M
2024,MI,FT,Machine Learning Engineer,138900,USD,138900,US,0,US,M
2024,EN,FT,Data Analyst,85000,USD,85000,US,0,US,M
2024,EN,FT,Data Analyst,65000,USD,65000,US,0,US,M
2024,MI,FT,Data Scientist,171000,USD,171000,US,0,US,M
2024,MI,FT,Data Scientist,109000,USD,109000,US,0,US,M
2024,SE,FT,Data Scientist,266000,USD,266000,US,0,US,M
2024,SE,FT,Data Scientist,177000,USD,177000,US,0,US,M
2024,MI,FT,Research Scientist,239000,USD,239000,US,0,US,M
2024,MI,FT,Research Scientist,161000,USD,161000,US,0,US,M
2024,MI,FT,Data Analyst,150000,USD,150000,US,100,US,M
2024,MI,FT,Data Analyst,110000,USD,110000,US,100,US,M
2024,SE,FT,Applied Scientist,212800,USD,212800,US,0,US,L
2024,SE,FT,Applied Scientist,115100,USD,115100,US,0,US,L
2024,EX,FT,Data Engineer,336001,USD,336001,US,100,US,M
2024,EX,FT,Data Engineer,201601,USD,201601,US,100,US,M
2024,SE,FT,Data Analyst,95000,USD,95000,US,0,US,M
2024,SE,FT,Data Analyst,85000,USD,85000,US,0,US,M
2024,SE,FT,AI Software Development Engineer,2100000,INR,25210,IN,0,IN,L
2024,MI,FT,Data Manager,81400,USD,81400,US,0,US,M
2024,MI,FT,Data Manager,54600,USD,54600,US,0,US,M
2024,MI,FT,Data Engineer,150700,USD,150700,US,0,US,M
2024,MI,FT,Data Engineer,87400,USD,87400,US,0,US,M
2024,EN,FT,Data Analyst,99200,USD,99200,US,100,US,M
2024,EN,FT,Data Analyst,69400,USD,69400,US,100,US,M
2024,SE,FT,Data Scientist,215000,USD,215000,US,0,US,M
2024,SE,FT,Data Scientist,185000,USD,185000,US,0,US,M
2024,SE,FT,Data Engineer,200000,USD,200000,US,0,US,M
2024,SE,FT,Data Engineer,180000,USD,180000,US,0,US,M
2024,MI,FT,Business Intelligence,75000,USD,75000,US,100,US,M
2024,MI,FT,Business Intelligence,65000,USD,65000,US,100,US,M
2024,MI,FT,Data Scientist,179000,USD,179000,US,0,US,M
2024,MI,FT,Data Scientist,112000,USD,112000,US,0,US,M
2024,SE,FT,Data Scientist,286000,USD,286000,US,0,US,M
2024,SE,FT,Data Scientist,143000,USD,143000,US,0,US,M
2024,SE,FT,Data Analyst,198000,USD,198000,US,0,US,M
2024,SE,FT,Data Analyst,108000,USD,108000,US,0,US,M
2024,MI,FT,Master Data Specialist,86000,USD,86000,US,0,US,M
2024,MI,FT,Master Data Specialist,80000,USD,80000,US,0,US,M
2024,EN,FT,Data Analyst,128000,USD,128000,US,0,US,M
2024,EN,FT,Data Analyst,64000,USD,64000,US,0,US,M
2024,SE,FT,Data Scientist,199700,USD,199700,US,0,US,M
2024,SE,FT,Data Scientist,165100,USD,165100,US,0,US,M
2024,SE,FT,Data Scientist,215000,USD,215000,US,0,US,M
2024,SE,FT,Data Scientist,185000,USD,185000,US,0,US,M
2024,EN,FT,Data Analyst,101520,USD,101520,US,100,US,M
2024,EN,FT,Data Analyst,45864,USD,45864,US,100,US,M
2024,EN,FT,Data Analyst,109800,USD,109800,US,0,US,M
2024,EN,FT,Data Analyst,54200,USD,54200,US,0,US,M
2024,SE,FT,Machine Learning Engineer,190000,USD,190000,US,0,US,M
2024,SE,FT,Machine Learning Engineer,100000,USD,100000,US,0,US,M
2024,EN,FT,Data Analyst,77000,USD,77000,US,0,US,M
2024,EN,FT,Data Analyst,67000,USD,67000,US,0,US,M
2024,MI,FT,Data Analytics Manager,189200,USD,189200,US,0,US,M
2024,MI,FT,Data Analytics Manager,102200,USD,102200,US,0,US,M
2024,EN,FT,Data Analyst,101520,USD,101520,US,100,US,M
2024,EN,FT,Data Analyst,45864,USD,45864,US,100,US,M
2024,SE,FT,Research Scientist,210000,USD,210000,US,0,US,M
2024,SE,FT,Research Scientist,160000,USD,160000,US,0,US,M
2024,EN,FT,Data Analyst,40000,GBP,50000,GB,0,GB,M
2024,EN,FT,Data Analyst,27000,GBP,33750,GB,0,GB,M
2024,SE,FT,Machine Learning Engineer,324000,USD,324000,US,0,US,M
2024,SE,FT,Machine Learning Engineer,159000,USD,159000,US,0,US,M
2024,MI,FT,Research Engineer,70000,GBP,87500,GB,100,GB,M
2024,MI,FT,Research Engineer,55000,GBP,68750,GB,100,GB,M
2024,MI,FT,Data Scientist,238400,USD,238400,US,0,US,M
2024,MI,FT,Data Scientist,140300,USD,140300,US,0,US,M
2024,SE,FT,Data Scientist,234000,USD,234000,US,0,US,M
2024,SE,FT,Data Scientist,146000,USD,146000,US,0,US,M
2024,MI,FT,Research Analyst,94310,USD,94310,CA,0,CA,M
2024,MI,FT,Research Analyst,73748,USD,73748,CA,0,CA,M
2024,MI,FT,Data Manager,100000,USD,100000,US,0,US,M
2024,MI,FT,Data Manager,80000,USD,80000,US,0,US,M
2024,SE,FT,Data Engineer,185000,USD,185000,US,0,US,M
2024,SE,FT,Data Engineer,140000,USD,140000,US,0,US,M
2024,MI,FT,Data Scientist,220000,USD,220000,US,0,US,M
2024,MI,FT,Data Scientist,96600,USD,96600,US,0,US,M
2024,SE,FT,Data Architect,178090,USD,178090,US,100,US,M
2024,SE,FT,Data Architect,81978,USD,81978,US,100,US,M
2024,EN,FT,Data Analyst,96978,USD,96978,US,100,US,M
2024,EN,FT,Data Analyst,74598,USD,74598,US,100,US,M
2024,SE,FT,Data Scientist,213500,USD,213500,US,0,US,M
2024,SE,FT,Data Scientist,174000,USD,174000,US,0,US,M
2024,MI,FT,Data Engineer,140900,USD,140900,US,100,US,M
2024,MI,FT,Data Engineer,104100,USD,104100,US,100,US,M
2024,EN,FT,Data Analyst,64500,USD,64500,US,0,US,M
2024,EN,FT,Data Analyst,46500,USD,46500,US,0,US,M
2024,MI,FT,Business Intelligence Engineer,185000,USD,185000,US,0,US,L
2024,MI,FT,Business Intelligence Engineer,79600,USD,79600,US,0,US,L
2024,SE,FT,Machine Learning Engineer,260000,USD,260000,US,0,US,M
2024,SE,FT,Machine Learning Engineer,140000,USD,140000,US,0,US,M
2024,SE,FT,Data Scientist,215000,USD,215000,US,0,US,M
2024,SE,FT,Data Scientist,185000,USD,185000,US,0,US,M
2024,SE,FT,Data Scientist,359170,USD,359170,US,0,US,M
2024,SE,FT,Data Scientist,295490,USD,295490,US,0,US,M
2024,MI,FT,Data Engineer,175000,USD,175000,US,0,US,M
2024,MI,FT,Data Engineer,150000,USD,150000,US,0,US,M
2024,SE,FT,Data Analyst,166210,USD,166210,US,100,US,M
2024,SE,FT,Data Analyst,109350,USD,109350,US,100,US,M
2024,SE,FT,Data Scientist,188750,USD,188750,US,0,US,M
2024,SE,FT,Data Scientist,130100,USD,130100,US,0,US,M
2024,SE,FT,Data Scientist,210000,USD,210000,US,0,US,M
2024,SE,FT,Data Scientist,180000,USD,180000,US,0,US,M
2024,SE,FT,Robotics Engineer,155000,USD,155000,US,0,US,M
2024,SE,FT,Robotics Engineer,125000,USD,125000,US,0,US,M
2024,SE,FT,Machine Learning Modeler,207700,USD,207700,CA,0,CA,M
2024,SE,FT,Machine Learning Modeler,133700,USD,133700,CA,0,CA,M
2024,SE,FT,Data Analyst,125000,USD,125000,US,100,US,M
2024,SE,FT,Data Analyst,110000,USD,110000,US,100,US,M
2024,SE,FT,Data Analyst,126802,USD,126802,US,100,US,M
2024,SE,FT,Data Analyst,93724,USD,93724,US,100,US,M
2024,SE,FT,Business Intelligence Engineer,202800,USD,202800,US,100,US,M
2024,SE,FT,Business Intelligence Engineer,115000,USD,115000,US,100,US,M
2024,EN,FT,Data Engineer,180000,USD,180000,US,0,US,M
2024,EN,FT,Data Engineer,140000,USD,140000,US,0,US,M
2024,MI,FT,Data Analyst,143100,USD,143100,US,0,US,L
2024,MI,FT,Data Analyst,59500,USD,59500,US,0,US,L
2024,SE,FT,AI Engineer,202730,USD,202730,US,0,US,M
2024,SE,FT,AI Engineer,92118,USD,92118,US,0,US,M
2024,SE,FT,Data Engineer,130500,USD,130500,US,0,US,M
2024,SE,FT,Data Engineer,96000,USD,96000,US,0,US,M
2024,SE,FT,Machine Learning Engineer,190000,USD,190000,US,0,US,M
2024,SE,FT,Machine Learning Engineer,160000,USD,160000,US,0,US,M
2024,MI,FT,Machine Learning Engineer,400000,USD,400000,US,0,US,M
2024,MI,FT,Machine Learning Engineer,65000,USD,65000,US,0,US,M
2024,EN,FT,Data Analyst,101520,USD,101520,US,0,US,M
2024,EN,FT,Data Analyst,45864,USD,45864,US,0,US,M
2024,SE,FT,Data Engineer,172469,USD,172469,US,0,US,M
2024,SE,FT,Data Engineer,114945,USD,114945,US,0,US,M
2024,EX,FT,NLP Engineer,200000,USD,200000,US,0,US,M
2024,EX,FT,NLP Engineer,150000,USD,150000,US,0,US,M
2024,MI,FT,Data Scientist,156450,USD,156450,US,100,US,M
2024,MI,FT,Data Scientist,119200,USD,119200,US,100,US,M
2024,SE,FT,Data Analyst,170000,USD,170000,US,0,US,M
2024,SE,FT,Data Analyst,130000,USD,130000,US,0,US,M
2024,SE,FT,Applied Scientist,222200,USD,222200,US,0,US,L
2024,SE,FT,Applied Scientist,136000,USD,136000,US,0,US,L
2024,MI,FT,Data Manager,128000,USD,128000,US,0,US,M
2024,MI,FT,Data Manager,81500,USD,81500,US,0,US,M
2024,SE,FT,Data Architect,93838,USD,93838,US,0,US,M
2024,SE,FT,Data Architect,69535,USD,69535,US,0,US,M
2024,EN,FT,Data Analyst,75000,USD,75000,US,0,US,M
2024,EN,FT,Data Analyst,65000,USD,65000,US,0,US,M
2024,MI,FT,Data Operations Manager,150000,USD,150000,US,0,US,M
2024,MI,FT,Data Operations Manager,125000,USD,125000,US,0,US,M
2024,MI,FT,Research Scientist,260570,USD,260570,US,0,US,M
2024,MI,FT,Research Scientist,167030,USD,167030,US,0,US,M
2024,EN,FT,Data Engineer,120000,USD,120000,US,0,US,M
2024,EN,FT,Data Engineer,100000,USD,100000,US,0,US,M
2024,SE,FT,Data Engineer,190000,USD,190000,US,100,US,M
2024,SE,FT,Data Engineer,155000,USD,155000,US,100,US,M
2024,SE,FT,Data Analyst,174000,USD,174000,US,100,US,M
2024,SE,FT,Data Analyst,116000,USD,116000,US,100,US,M
2024,MI,FT,Data Analyst,100000,USD,100000,US,0,US,M
2024,MI,FT,Data Analyst,80000,USD,80000,US,0,US,M
2024,MI,FT,Data Analyst,145000,USD,145000,US,0,US,M
2024,MI,FT,Data Analyst,95000,USD,95000,US,0,US,M
2024,MI,FT,Data Scientist,120000,USD,120000,AU,0,AU,S
2024,MI,FT,Data Scientist,70000,USD,70000,AU,0,AU,S
2024,MI,CT,Data Scientist,130000,USD,130000,US,0,US,M
2024,MI,CT,Data Scientist,110000,USD,110000,US,0,US,M
2024,MI,FT,Data Scientist,240000,USD,240000,US,0,US,M
2024,MI,FT,Data Scientist,180000,USD,180000,US,0,US,M
2024,SE,FT,Business Intelligence Engineer,202800,USD,202800,US,0,US,M
2024,SE,FT,Business Intelligence Engineer,115000,USD,115000,US,0,US,M
2024,SE,FT,Data Architect,80000,GBP,100000,GB,0,GB,M
2024,SE,FT,Data Architect,45000,GBP,56250,GB,0,GB,M
2024,SE,FT,Data Analyst,90000,CAD,69230,CA,0,CA,M
2024,SE,FT,Data Analyst,75000,CAD,57692,CA,0,CA,M
2024,MI,FT,Data Analyst,112300,USD,112300,US,0,US,M
2024,MI,FT,Data Analyst,75100,USD,75100,US,0,US,M
2024,MI,FT,Business Intelligence,178200,USD,178200,US,0,US,M
2024,MI,FT,Business Intelligence,87000,USD,87000,US,0,US,M
2024,SE,FT,Data Scientist,138000,USD,138000,CA,0,CA,M
2024,SE,FT,Data Scientist,72000,USD,72000,CA,0,CA,M
2024,MI,FT,Machine Learning Engineer,252000,USD,252000,US,0,US,M
2024,MI,FT,Machine Learning Engineer,168000,USD,168000,US,0,US,M
2024,SE,FT,Data Modeler,140000,USD,140000,US,100,US,M
2024,SE,FT,Data Modeler,130000,USD,130000,US,100,US,M
2024,SE,FT,Machine Learning Engineer,190000,USD,190000,US,0,US,M
2024,SE,FT,Machine Learning Engineer,100000,USD,100000,US,0,US,M
2024,MI,FT,Data Scientist,150650,USD,150650,US,0,US,M
2024,MI,FT,Data Scientist,106700,USD,106700,US,0,US,M
2024,SE,FT,Data Scientist,192300,USD,192300,US,0,US,M
2024,SE,FT,Data Scientist,107900,USD,107900,US,0,US,M
2024,MI,FT,Data Integration Specialist,115000,USD,115000,US,100,US,M
2024,MI,FT,Data Integration Specialist,95500,USD,95500,US,100,US,M
2024,MI,FT,Research Scientist,195000,USD,195000,US,100,US,M
2024,MI,FT,Research Scientist,160000,USD,160000,US,100,US,M
2024,SE,FT,Data Scientist,257600,USD,257600,US,0,US,M
2024,SE,FT,Data Scientist,146000,USD,146000,US,0,US,M
2024,EN,FT,Data Analyst,90000,USD,90000,CA,0,CA,M
2024,EN,FT,Data Analyst,70000,USD,70000,CA,0,CA,M
2024,SE,FT,Machine Learning Engineer,110000,EUR,122222,NL,100,NL,S
2024,SE,FT,Machine Learning Engineer,70000,EUR,77777,NL,100,NL,S
2024,SE,FT,Data Engineer,158200,USD,158200,US,0,US,M
2024,SE,FT,Data Engineer,74100,USD,74100,US,0,US,M
2024,SE,FT,Data Engineer,231400,USD,231400,US,0,US,M
2024,SE,FT,Data Engineer,170955,USD,170955,US,0,US,M
2024,MI,FT,Data Engineer,137000,USD,137000,US,0,US,M
2024,MI,FT,Data Engineer,60300,USD,60300,US,0,US,M
2024,MI,FT,Data Analyst,101098,USD,101098,US,0,US,M
2024,MI,FT,Data Analyst,59469,USD,59469,US,0,US,M
2024,MI,FT,Data Product Manager,166363,USD,166363,US,0,US,M
2024,MI,FT,Data Product Manager,103977,USD,103977,US,0,US,M
2024,SE,FT,Data Manager,166000,USD,166000,US,0,US,M
2024,SE,FT,Data Manager,104000,USD,104000,US,0,US,M
2024,SE,FT,Research Scientist,170400,USD,170400,US,0,US,M
2024,SE,FT,Research Scientist,123800,USD,123800,US,0,US,M
2024,MI,FT,Data Visualization Specialist,94763,USD,94763,US,100,US,M
2024,MI,FT,Data Visualization Specialist,67750,USD,67750,US,100,US,M
2024,SE,FT,Machine Learning Engineer,251250,USD,251250,US,0,US,M
2024,SE,FT,Machine Learning Engineer,120750,USD,120750,US,0,US,M
2024,MI,FT,Data Analyst,30000,EUR,33333,LT,0,LT,M
2024,MI,FT,Data Analyst,25800,EUR,28666,LT,0,LT,M
2024,SE,FT,Data Scientist,189615,USD,189615,US,0,US,M
2024,SE,FT,Data Scientist,150385,USD,150385,US,0,US,M
2024,SE,FT,Data Scientist,283800,USD,283800,US,0,US,M
2024,SE,FT,Data Scientist,234700,USD,234700,US,0,US,M
2024,MI,FT,Data Scientist,109000,USD,109000,US,100,US,M
2024,MI,FT,Data Scientist,93000,USD,93000,US,100,US,M
2024,MI,FT,Data Scientist,164000,USD,164000,US,0,US,M
2024,MI,FT,Data Scientist,131000,USD,131000,US,0,US,M
2024,MI,FT,Data Specialist,45607,GBP,57008,GB,0,GB,M
2024,MI,FT,Data Specialist,30921,GBP,38651,GB,0,GB,M
2024,MI,FT,Data Analyst,55000,GBP,68750,GB,100,GB,M
2024,MI,FT,Data Analyst,45000,GBP,56250,GB,100,GB,M
2024,SE,FT,Business Intelligence Lead,144300,USD,144300,US,0,US,M
2024,SE,FT,Business Intelligence Lead,104800,USD,104800,US,0,US,M
2024,SE,FT,Data Engineer,212750,USD,212750,US,0,US,M
2024,SE,FT,Data Engineer,157250,USD,157250,US,0,US,M
2024,EN,FT,Data Analyst,150000,USD,150000,US,100,US,M
2024,EN,FT,Data Analyst,129200,USD,129200,US,100,US,M
2024,SE,FT,Machine Learning Engineer,265000,USD,265000,US,0,US,M
2024,SE,FT,Machine Learning Engineer,170000,USD,170000,US,0,US,M
2024,SE,FT,Data Scientist,190000,USD,190000,US,100,US,M
2024,SE,FT,Data Scientist,155000,USD,155000,US,100,US,M
2024,SE,FT,Data Engineer,165000,USD,165000,US,100,US,M
2024,SE,FT,Data Engineer,100000,USD,100000,US,100,US,M
2024,MI,FT,Data Engineer,213900,USD,213900,US,100,US,M
2024,MI,FT,Data Engineer,126500,USD,126500,US,100,US,M
2024,SE,FT,Research Analyst,130000,USD,130000,US,0,US,M
2024,SE,FT,Research Analyst,104000,USD,104000,US,0,US,M
2024,SE,FT,Machine Learning Engineer,225000,USD,225000,US,100,US,M
2024,SE,FT,Machine Learning Engineer,66000,USD,66000,US,100,US,M
2024,SE,FT,Machine Learning Engineer,220000,USD,220000,US,0,US,M
2024,MI,FT,Business Intelligence Analyst,110000,USD,110000,US,0,US,M
2024,MI,FT,Business Intelligence Analyst,85000,USD,85000,US,0,US,M
2024,SE,FT,Machine Learning Engineer,282000,USD,282000,US,100,US,M
2024,SE,FT,Machine Learning Engineer,188000,USD,188000,US,100,US,M
2024,EX,FT,Data Scientist,219650,USD,219650,US,100,US,M
2024,EX,FT,Data Scientist,136000,USD,136000,US,100,US,M
2024,SE,FT,Data Scientist,210850,USD,210850,US,0,US,M
2024,SE,FT,Data Scientist,145400,USD,145400,US,0,US,M
2024,MI,FT,Data Analyst,143800,USD,143800,US,100,US,M
2024,MI,FT,Data Analyst,106300,USD,106300,US,100,US,M
2024,MI,FT,AI Engineer,150000,USD,150000,US,100,US,M
2024,MI,FT,AI Engineer,90200,USD,90200,US,100,US,M
2024,MI,FT,Data Engineer,140000,USD,140000,US,0,US,M
2024,MI,FT,Data Engineer,110000,USD,110000,US,0,US,M
2024,SE,FT,Data Analyst,140000,USD,140000,US,100,US,M
2024,SE,FT,Data Analyst,120000,USD,120000,US,100,US,M
2024,EN,PT,AI Software Engineer,800000,DKK,117647,DK,0,DK,S
2024,MI,PT,Research Scientist,138000,USD,138000,US,0,US,M
2024,MI,PT,Research Scientist,86000,USD,86000,US,0,US,M
2024,MI,FT,Data Scientist,199700,USD,199700,US,0,US,M
2024,MI,FT,Data Scientist,70800,USD,70800,US,0,US,M
2024,SE,FT,Research Analyst,175000,USD,175000,US,0,US,M
2024,SE,FT,Research Analyst,130000,USD,130000,US,0,US,M
2024,SE,FT,Data Architect,169847,USD,169847,US,100,US,M
2024,SE,FT,Data Architect,131631,USD,131631,US,100,US,M
2024,SE,FT,Machine Learning Scientist,277000,USD,277000,US,0,US,M
2024,SE,FT,Machine Learning Scientist,173000,USD,173000,US,0,US,M
2024,SE,FT,Machine Learning Engineer,264500,USD,264500,US,100,US,M
2024,SE,FT,Machine Learning Engineer,165600,USD,165600,US,100,US,M
2024,SE,FT,Business Intelligence,194000,USD,194000,US,100,US,M
2024,SE,FT,Business Intelligence,168000,USD,168000,US,100,US,M
2024,MI,FT,Data Engineer,90000,USD,90000,US,0,US,M
2024,MI,FT,Data Engineer,70000,USD,70000,US,0,US,M
2024,EN,FT,Data Scientist,137000,USD,137000,US,0,US,M
2024,EN,FT,Data Scientist,60400,USD,60400,US,0,US,M
2024,EX,FT,Data Scientist,197689,USD,197689,US,0,US,M
2024,EX,FT,Data Scientist,152311,USD,152311,US,0,US,M
2024,EX,FT,Research Analyst,209500,USD,209500,US,0,US,M
2024,EX,FT,Research Analyst,147500,USD,147500,US,0,US,M
2024,SE,FT,Data Engineer,170000,USD,170000,US,100,US,M
2024,SE,FT,Data Engineer,146000,USD,146000,US,100,US,M
2024,SE,FT,Machine Learning Engineer,220600,USD,220600,US,0,US,M
2024,SE,FT,Machine Learning Engineer,140100,USD,140100,US,0,US,M
2024,SE,FT,AI Engineer,236872,USD,236872,US,0,US,M
2024,SE,FT,AI Engineer,148045,USD,148045,US,0,US,M
2024,MI,FT,Data Scientist,143896,USD,143896,US,0,US,M
2024,MI,FT,Data Scientist,99208,USD,99208,US,0,US,M
2024,SE,FT,Applied Scientist,250000,USD,250000,US,0,US,M
2024,SE,FT,Applied Scientist,160000,USD,160000,US,0,US,M
2024,SE,FT,Machine Learning Engineer,200000,USD,200000,US,0,US,M
2024,SE,FT,Machine Learning Engineer,25000,USD,25000,US,0,US,M
2024,SE,FT,Data Engineer,137500,USD,137500,US,0,US,M
2024,SE,FT,Data Engineer,81500,USD,81500,US,0,US,M
2024,EX,FT,Data Scientist,209700,USD,209700,US,0,US,M
2024,EX,FT,Data Scientist,161300,USD,161300,US,0,US,M
2024,SE,FT,Data Scientist,249000,USD,249000,US,0,US,M
2024,SE,FT,Data Scientist,216000,USD,216000,US,0,US,M
2024,SE,FT,Data Engineer,170040,USD,170040,US,0,US,M
2024,SE,FT,Data Engineer,113360,USD,113360,US,0,US,M
2024,MI,FT,MLOps Engineer,178250,USD,178250,US,0,US,M
2024,MI,FT,MLOps Engineer,110500,USD,110500,US,0,US,M
2024,EN,FT,Data Analyst,83300,USD,83300,US,0,US,M
2024,EN,FT,Data Analyst,47500,USD,47500,US,0,US,M
2024,SE,FT,Data Scientist,200000,USD,200000,US,100,US,M
2024,SE,FT,Data Scientist,148500,USD,148500,US,100,US,M
2024,SE,FT,Data Architect,138000,USD,138000,US,0,US,M
2024,SE,FT,Data Architect,120000,USD,120000,US,0,US,M
2024,SE,FT,Research Scientist,250000,USD,250000,US,0,US,M
2024,SE,FT,Research Scientist,200000,USD,200000,US,0,US,M
2024,SE,FT,Data Engineer,110000,USD,110000,US,100,US,M
2024,SE,FT,Data Engineer,90000,USD,90000,US,100,US,M
2024,MI,FT,Data Engineer,142000,USD,142000,US,100,US,M
2024,MI,FT,Data Engineer,129500,USD,129500,US,100,US,M
2024,MI,FT,Data Product Manager,210554,USD,210554,US,0,US,M
2024,MI,FT,Data Product Manager,131596,USD,131596,US,0,US,M
2024,SE,FT,Data Engineer,170000,USD,170000,US,0,US,M
2024,SE,FT,Data Engineer,130000,USD,130000,US,0,US,M
2024,SE,FT,Data Engineer,159550,USD,159550,US,0,US,M
2024,SE,FT,Data Engineer,113000,USD,113000,US,0,US,M
2024,MI,FT,Data Engineer,135000,USD,135000,US,0,US,M
2024,MI,FT,Data Engineer,100000,USD,100000,US,0,US,M
2024,MI,FT,Machine Learning Engineer,245400,USD,245400,US,0,US,M
2024,MI,FT,Machine Learning Engineer,139000,USD,139000,US,0,US,M
2024,SE,FT,Data Engineer,190000,USD,190000,US,0,US,M
2024,SE,FT,Data Engineer,167000,USD,167000,US,0,US,M
2024,SE,FT,Machine Learning Engineer,304000,USD,304000,US,0,US,M
2024,SE,FT,Machine Learning Engineer,244000,USD,244000,US,0,US,M
2024,EN,FT,Data Analyst,50000,GBP,62500,US,0,US,M
2024,EN,FT,Data Analyst,44000,GBP,55000,US,0,US,M
2024,SE,FT,Data Scientist,247600,USD,247600,US,0,US,L
2024,SE,FT,Data Scientist,127300,USD,127300,US,0,US,L
2024,SE,FT,Data Scientist,210000,USD,210000,US,0,US,M
2024,SE,FT,Data Scientist,170000,USD,170000,US,0,US,M
2024,MI,FT,Applied Scientist,222200,USD,222200,US,0,US,L
2024,MI,FT,Applied Scientist,136000,USD,136000,US,0,US,L
2024,MI,FT,Research Analyst,200000,USD,200000,US,100,US,M
2024,MI,FT,Research Analyst,151300,USD,151300,US,100,US,M
2024,MI,FT,Data Scientist,110000,USD,110000,US,100,US,M
2024,MI,FT,Data Scientist,90000,USD,90000,US,100,US,M
2024,EN,FT,Data Analyst,156000,USD,156000,US,0,US,M
2024,EN,FT,Data Analyst,94000,USD,94000,US,0,US,M
2024,MI,FT,Research Scientist,212800,USD,212800,US,0,US,L
2024,MI,FT,Research Scientist,124100,USD,124100,US,0,US,L
2024,MI,FT,Analytics Engineer,195000,USD,195000,US,0,US,M
2024,MI,FT,Analytics Engineer,140000,USD,140000,US,0,US,M
2024,SE,FT,Data Management Analyst,199068,USD,199068,US,0,US,M
2024,SE,FT,Data Management Analyst,150000,USD,150000,US,0,US,M
2024,EX,FT,Data Scientist,250900,USD,250900,US,0,US,M
2024,EX,FT,Data Scientist,173100,USD,173100,US,0,US,M
2024,MI,FT,Data Analyst,95000,USD,95000,US,0,US,M
2024,MI,FT,Data Analyst,80000,USD,80000,US,0,US,M
2024,EN,FT,Data Scientist,60000,EUR,66666,FR,0,FR,M
2024,EN,FT,Data Scientist,40000,EUR,44444,FR,0,FR,M
2024,SE,FT,Data Engineer,138000,USD,138000,US,0,US,M
2024,SE,FT,Data Engineer,86000,USD,86000,US,0,US,M
2024,SE,FT,AI Engineer,186754,USD,186754,US,0,US,M
2024,SE,FT,AI Engineer,101000,USD,101000,US,0,US,M
2024,SE,FT,Data Scientist,234000,USD,234000,US,0,US,M
2024,SE,FT,Data Scientist,146000,USD,146000,US,0,US,M
2024,MI,FT,Research Scientist,96200,USD,96200,US,100,US,M
2024,MI,FT,Research Scientist,69800,USD,69800,US,100,US,M
2024,SE,FT,Encounter Data Management Professional,96200,USD,96200,US,100,US,M
2024,SE,FT,Encounter Data Management Professional,69800,USD,69800,US,100,US,M
2024,SE,FT,Business Intelligence,170000,USD,170000,US,0,US,M
2024,SE,FT,Business Intelligence,150000,USD,150000,US,0,US,M
2024,MI,FT,Data Engineer,157500,USD,157500,US,0,US,M
2024,MI,FT,Data Engineer,149900,USD,149900,US,0,US,M
2024,SE,FT,Data Analyst,169000,USD,169000,US,0,US,M
2024,SE,FT,Data Analyst,105000,USD,105000,US,0,US,M
2024,SE,FT,Data Engineer,148017,USD,148017,US,100,US,M
2024,SE,FT,Data Engineer,87069,USD,87069,US,100,US,M
2024,MI,FT,Data Specialist,106336,USD,106336,CA,0,CA,M
2024,MI,FT,Data Specialist,83150,USD,83150,CA,0,CA,M
2024,MI,FT,Data Analytics Specialist,130000,USD,130000,US,100,US,M
2024,MI,FT,Data Analytics Specialist,91000,USD,91000,US,100,US,M
2024,SE,FT,Data Analyst,149925,USD,149925,US,0,US,M
2024,SE,FT,Data Analyst,91260,USD,91260,US,0,US,M
2024,SE,FT,Machine Learning Engineer,185000,USD,185000,US,0,US,M
2024,SE,FT,Machine Learning Engineer,25000,USD,25000,US,0,US,M
2024,SE,FT,Data Scientist,155000,USD,155000,US,100,US,M
2024,SE,FT,Data Scientist,120000,USD,120000,US,100,US,M
2024,SE,FT,Machine Learning Engineer,209700,USD,209700,US,0,US,M
2024,SE,FT,Machine Learning Engineer,144600,USD,144600,US,0,US,M
2024,SE,FT,Data Architect,175000,USD,175000,US,0,US,M
2024,SE,FT,Data Architect,117000,USD,117000,US,0,US,M
2024,MI,FT,Data Analyst,77280,USD,77280,US,0,US,M
2024,MI,FT,Data Analyst,58000,USD,58000,US,0,US,M
2024,SE,FT,Data Engineer,170200,USD,170200,US,100,US,M
2024,SE,FT,Data Engineer,125800,USD,125800,US,100,US,M
2024,SE,FT,Data Architect,202730,USD,202730,US,100,US,M
2024,SE,FT,Data Architect,92118,USD,92118,US,100,US,M
2024,MI,FT,Data Analyst,125000,USD,125000,US,100,US,M
2024,MI,FT,Data Analyst,100000,USD,100000,US,100,US,M
2024,SE,FT,Applied Scientist,200000,USD,200000,US,100,US,M
2024,SE,FT,Applied Scientist,160000,USD,160000,US,100,US,M
2024,MI,FT,Data Scientist,157144,USD,157144,US,0,US,M
2024,MI,FT,Data Scientist,93101,USD,93101,US,0,US,M
2024,SE,FT,Data Scientist,209000,CAD,160769,CA,0,CA,M
2024,SE,FT,Data Scientist,150000,CAD,115384,CA,0,CA,M
2024,SE,FT,Applied Scientist,260000,USD,260000,US,0,US,L
2024,SE,FT,Applied Scientist,136000,USD,136000,US,0,US,L
2024,SE,FT,Machine Learning Engineer,189000,USD,189000,US,0,US,M
2024,SE,FT,Machine Learning Engineer,145400,USD,145400,US,0,US,M
2024,SE,FT,Data Architect,200070,USD,200070,CA,0,CA,M
2024,SE,FT,Data Architect,107730,USD,107730,CA,0,CA,M
2024,SE,FT,Data Engineer,154000,USD,154000,US,0,US,M
2024,SE,FT,Data Engineer,103000,USD,103000,US,0,US,M
2024,EX,FT,Head of Data,223000,USD,223000,US,0,US,M
2024,EX,FT,Head of Data,205000,USD,205000,US,0,US,M
2024,SE,FT,Data Analyst,209000,USD,209000,US,0,US,M
2024,SE,FT,Data Analyst,120000,USD,120000,US,0,US,M
2024,MI,FT,Machine Learning Engineer,200000,USD,200000,CA,0,CA,M
2024,MI,FT,Machine Learning Engineer,160000,USD,160000,CA,0,CA,M
2024,MI,FT,Data Scientist,110000,USD,110000,US,100,US,M
2024,MI,FT,Data Scientist,90000,USD,90000,US,100,US,M
2024,SE,FT,Data Scientist,252000,USD,252000,US,0,US,M
2024,SE,FT,Data Scientist,168000,USD,168000,US,0,US,M
2024,MI,FT,Applied Scientist,222200,USD,222200,US,0,US,L
2024,MI,FT,Applied Scientist,136000,USD,136000,US,0,US,L
2024,SE,FT,Data Analytics Lead,250000,USD,250000,US,100,US,M
2024,SE,FT,Data Scientist,385000,USD,385000,US,100,US,M
2024,SE,FT,Data Scientist,130000,USD,130000,US,100,US,M
2024,MI,FT,Data Scientist,150000,USD,150000,US,0,US,M
2024,MI,FT,Data Scientist,127500,USD,127500,US,0,US,M
2024,EN,FT,Business Intelligence Analyst,142136,USD,142136,US,0,US,M
2024,EN,FT,Business Intelligence Analyst,123596,USD,123596,US,0,US,M
2024,MI,FT,Data Scientist,285200,USD,285200,US,100,US,M
2024,MI,FT,Data Scientist,168600,USD,168600,US,100,US,M
2024,SE,FT,Data Scientist,223500,USD,223500,US,0,US,M
2024,SE,FT,Data Scientist,109100,USD,109100,US,0,US,M
2024,EN,FT,Data Analyst,64500,USD,64500,US,0,US,M
2024,EN,FT,Data Analyst,46500,USD,46500,US,0,US,M
2024,SE,FT,Data Engineer,180500,USD,180500,US,0,US,M
2024,SE,FT,Data Engineer,96200,USD,96200,US,0,US,M
2024,MI,FT,Data Analyst,86940,USD,86940,US,0,US,M
2024,MI,FT,Data Analyst,66000,USD,66000,US,0,US,M
2024,MI,FT,Data Analyst,77280,USD,77280,US,0,US,M
2024,MI,FT,Data Analyst,58000,USD,58000,US,0,US,M
2024,SE,FT,Data Specialist,41418,GBP,51772,GB,0,GB,M
2024,SE,FT,Data Specialist,38223,GBP,47778,GB,0,GB,M
2024,SE,FT,Data Manager,166000,USD,166000,US,0,US,M
2024,SE,FT,Data Manager,104000,USD,104000,US,0,US,M
2024,EN,FT,Data Analyst,97000,USD,97000,US,0,US,M
2024,EN,FT,Data Analyst,62000,USD,62000,US,0,US,M
2024,MI,FT,Machine Learning Scientist,176000,USD,176000,US,0,US,M
2024,MI,FT,Machine Learning Scientist,72700,USD,72700,US,0,US,M
2024,MI,FT,Data Scientist,33966,GBP,42457,ZA,0,ZA,M
2024,MI,FT,Data Scientist,31396,GBP,39245,ZA,0,ZA,M
2024,EN,FT,Research Scientist,170500,USD,170500,US,100,US,M
2024,EN,FT,Research Scientist,123200,USD,123200,US,100,US,M
2024,SE,FT,Machine Learning Engineer,296400,USD,296400,US,0,US,M
2024,SE,FT,Machine Learning Engineer,159600,USD,159600,US,0,US,M
2024,SE,FT,Applied Scientist,158200,USD,158200,US,0,US,M
2024,SE,FT,Applied Scientist,79000,USD,79000,US,0,US,M
2024,SE,FT,Data Scientist,153000,USD,153000,NZ,0,NZ,M
2024,SE,FT,Data Scientist,135000,USD,135000,NZ,0,NZ,M
2024,MI,FT,Data Scientist,145000,USD,145000,US,0,US,M
2024,MI,FT,Data Scientist,125000,USD,125000,US,0,US,M
2024,EX,FT,Head of Data,230000,USD,230000,US,100,US,M
2024,EX,FT,Head of Data,200000,USD,200000,US,100,US,M
2024,SE,FT,Machine Learning Engineer,278000,USD,278000,US,0,US,M
2024,SE,FT,Machine Learning Engineer,196000,USD,196000,US,0,US,M
2024,SE,FT,Data Engineer,140000,USD,140000,US,100,US,M
2024,SE,FT,Data Engineer,100000,USD,100000,US,100,US,M
2024,MI,FT,Data Scientist,45000,USD,45000,AR,100,AR,M
2024,MI,FT,Data Scientist,30000,USD,30000,AR,100,AR,M
2024,SE,FT,Data Scientist,218000,USD,218000,US,0,US,M
2024,SE,FT,Data Scientist,145000,USD,145000,US,0,US,M
2024,SE,FT,Data Analyst,100000,USD,100000,US,0,US,M
2024,SE,FT,Data Analyst,86220,USD,86220,US,0,US,M
2024,MI,FT,Data Engineer,190000,USD,190000,US,0,US,M
2024,MI,FT,Data Engineer,150000,USD,150000,US,0,US,M
2024,MI,FT,Business Intelligence,110000,USD,110000,US,0,US,M
2024,MI,FT,Business Intelligence,95000,USD,95000,US,0,US,M
2024,SE,FT,Data Scientist,110000,USD,110000,US,0,US,M
2024,SE,FT,Data Scientist,90000,USD,90000,US,0,US,M
2024,MI,FT,Data Engineer,140000,USD,140000,US,0,US,M
2024,MI,FT,Data Engineer,110000,USD,110000,US,0,US,M
2024,MI,FT,Data Analyst,80000,USD,80000,US,100,US,M
2024,MI,FT,Data Analyst,50000,USD,50000,US,100,US,M
2024,SE,FT,Data Analyst,180000,USD,180000,US,100,US,M
2024,SE,FT,Data Analyst,130000,USD,130000,US,100,US,M
2024,SE,FT,Data Engineer,200000,USD,200000,US,0,US,M
2024,SE,FT,Data Engineer,147000,USD,147000,US,0,US,M
2024,SE,FT,Data Analyst,148000,USD,148000,US,0,US,M
2024,SE,FT,Data Analyst,125000,USD,125000,US,0,US,M
2024,SE,FT,Data Scientist,150000,USD,150000,US,0,US,M
2024,SE,FT,Data Scientist,110000,USD,110000,US,0,US,M
2024,SE,FT,Data Analyst,245400,USD,245400,US,100,US,M
2024,SE,FT,Data Analyst,135800,USD,135800,US,100,US,M
2024,EX,FT,Business Intelligence,200000,USD,200000,US,0,US,M
2024,EX,FT,Business Intelligence,175000,USD,175000,US,0,US,M
2024,SE,FT,Applied Scientist,249700,USD,249700,US,100,US,M
2024,SE,FT,Applied Scientist,156300,USD,156300,US,100,US,M
2024,SE,FT,Data Architect,190000,USD,190000,US,100,US,M
2024,SE,FT,Data Architect,140000,USD,140000,US,100,US,M
2024,SE,FT,Machine Learning Engineer,370000,USD,370000,US,0,US,M
2024,SE,FT,Machine Learning Engineer,220000,USD,220000,US,0,US,M
2024,EN,FT,Data Engineer,35000,EUR,38888,ES,0,ES,M
2024,EN,FT,Data Engineer,27000,EUR,30000,ES,0,ES,M
2024,SE,FT,Machine Learning Engineer,280000,USD,280000,US,100,US,M
2024,SE,FT,Machine Learning Engineer,184000,USD,184000,US,100,US,M
2024,MI,FT,Data Analyst,174000,USD,174000,US,0,US,M
2024,MI,FT,Data Analyst,132000,USD,132000,US,0,US,M
2024,SE,FT,Analytics Engineer,720000,USD,720000,US,0,US,M
2024,SE,FT,Analytics Engineer,170000,USD,170000,US,0,US,M
2024,SE,FT,Machine Learning Engineer,200000,USD,200000,US,0,US,M
2024,SE,FT,Machine Learning Engineer,160000,USD,160000,US,0,US,M
2024,SE,FT,Data Scientist,150000,USD,150000,US,0,US,M
2024,SE,FT,Data Scientist,111000,USD,111000,US,0,US,M
2024,SE,FT,Machine Learning Engineer,280000,USD,280000,US,100,US,M
2024,SE,FT,Machine Learning Engineer,184000,USD,184000,US,100,US,M
2024,SE,FT,Machine Learning Engineer,302900,USD,302900,US,0,US,M
2024,SE,FT,Machine Learning Engineer,302900,USD,302900,US,0,US,M
2024,MI,FT,Data Engineer,179500,USD,179500,US,0,US,M
2024,MI,FT,Data Engineer,149500,USD,149500,US,0,US,M
2024,SE,FT,Data Architect,238000,USD,238000,US,100,US,M
2024,SE,FT,Data Architect,149000,USD,149000,US,100,US,M
2024,SE,FT,Data Scientist,190000,USD,190000,US,0,US,M
2024,SE,FT,Data Scientist,148000,USD,148000,US,0,US,M
2024,SE,FT,Data Modeler,162225,USD,162225,US,0,US,M
2024,SE,FT,Data Modeler,139050,USD,139050,US,0,US,M
2024,SE,FT,Data Engineer,190000,USD,190000,US,100,US,M
2024,SE,FT,Data Engineer,105301,USD,105301,US,100,US,M
2024,SE,FT,Data Scientist,180000,USD,180000,US,0,US,M
2024,SE,FT,Data Scientist,139000,USD,139000,US,0,US,M
2024,SE,FT,Data Analyst,50000,GBP,62500,GB,0,GB,M
2024,SE,FT,Data Analyst,44000,GBP,55000,GB,0,GB,M
2024,SE,FT,Machine Learning Engineer,252000,USD,252000,US,0,US,M
2024,SE,FT,Machine Learning Engineer,168000,USD,168000,US,0,US,M
2024,MI,FT,Data Engineer,85000,USD,85000,US,0,US,M
2024,MI,FT,Data Engineer,74880,USD,74880,US,0,US,M
2024,SE,FT,Machine Learning Engineer,260000,USD,260000,US,0,US,M
2024,SE,FT,Machine Learning Engineer,160000,USD,160000,US,0,US,M
2024,SE,FT,Data Engineer,190000,USD,190000,US,100,US,M
2024,SE,FT,Data Engineer,150000,USD,150000,US,100,US,M
2024,MI,FT,Research Engineer,234000,USD,234000,US,0,US,M
2024,MI,FT,Research Engineer,176000,USD,176000,US,0,US,M
2024,MI,FT,Data Engineer,125000,USD,125000,US,100,US,M
2024,MI,FT,Data Engineer,100000,USD,100000,US,100,US,M
2024,SE,FT,Machine Learning Engineer,155000,USD,155000,US,0,US,M
2024,SE,FT,Machine Learning Engineer,100000,USD,100000,US,0,US,M
2024,SE,FT,Data Analyst,170000,USD,170000,CA,100,CA,M
2024,SE,FT,Data Analyst,130000,USD,130000,CA,100,CA,M
2024,MI,FT,Data Engineer,184000,USD,184000,US,0,US,M
2024,MI,FT,Data Engineer,123000,USD,123000,US,0,US,M
2024,SE,FT,Data Modeler,140000,USD,140000,US,100,US,M
2024,SE,FT,Data Modeler,130000,USD,130000,US,100,US,M
2024,MI,FT,Data Scientist,159550,USD,159550,US,0,US,M
2024,MI,FT,Data Scientist,113000,USD,113000,US,0,US,M
2024,SE,FT,Data Scientist,222300,USD,222300,FR,0,FR,M
2024,SE,FT,Data Scientist,119700,USD,119700,FR,0,FR,M
2024,SE,FT,Machine Learning Engineer,120000,USD,120000,US,0,US,M
2024,SE,FT,Machine Learning Engineer,75000,USD,75000,US,0,US,M
2024,SE,FT,AI Scientist,166000,USD,166000,US,0,US,M
2024,SE,FT,AI Scientist,110781,USD,110781,US,0,US,M
2024,MI,FT,Data Scientist,121500,USD,121500,US,100,US,M
2024,MI,FT,Data Scientist,88200,USD,88200,US,100,US,M
2024,EN,PT,Data Scientist,63162,USD,63162,US,0,US,M
2024,EN,PT,Data Scientist,37154,USD,37154,US,0,US,M
2024,SE,FT,Data Scientist,195800,USD,195800,US,0,US,M
2024,SE,FT,Data Scientist,161900,USD,161900,US,0,US,M
2024,SE,FT,Data Analyst,142166,USD,142166,US,0,US,M
2024,SE,FT,Data Analyst,88854,USD,88854,US,0,US,M
2024,EN,FT,Business Intelligence Developer,137000,USD,137000,US,0,US,M
2024,EN,FT,Business Intelligence Developer,60400,USD,60400,US,0,US,M
2024,SE,FT,Data Architect,178090,USD,178090,US,100,US,M
2024,SE,FT,Data Architect,92118,USD,92118,US,100,US,M
2024,EX,FT,Head of Data,257500,USD,257500,US,0,US,M
2024,EX,FT,Head of Data,190000,USD,190000,US,0,US,M
2024,MI,FT,AI Engineer,176000,USD,176000,US,0,US,M
2024,MI,FT,AI Engineer,106500,USD,106500,US,0,US,M
2024,MI,FT,Business Intelligence,125500,USD,125500,US,0,US,M
2024,MI,FT,Business Intelligence,78000,USD,78000,US,0,US,M
2024,SE,FT,Data Engineer,200000,USD,200000,US,100,US,M
2024,SE,FT,Data Engineer,96000,USD,96000,US,100,US,M
2024,EN,FT,Business Intelligence Analyst,192500,USD,192500,US,0,US,M
2024,EN,FT,Business Intelligence Analyst,140000,USD,140000,US,0,US,M
2024,SE,FT,Data Engineer,220000,USD,220000,US,0,US,M
2024,SE,FT,Data Engineer,96600,USD,96600,US,0,US,M
2024,SE,FT,Data Engineer,195500,USD,195500,US,0,US,M
2024,SE,FT,Data Engineer,117300,USD,117300,US,0,US,M
2024,SE,FT,Data Engineer,156000,USD,156000,US,0,US,M
2024,SE,FT,Data Engineer,124000,USD,124000,US,0,US,M
2024,SE,FT,Data Architect,178090,USD,178090,US,0,US,M
2024,SE,FT,Data Architect,81978,USD,81978,US,0,US,M
2024,SE,FT,Data Engineer,142500,USD,142500,US,0,US,M
2024,SE,FT,Data Engineer,90000,USD,90000,US,0,US,M
2024,SE,FT,Data Engineer,171210,USD,171210,CA,0,CA,M
2024,SE,FT,Data Engineer,92190,USD,92190,CA,0,CA,M
2024,SE,FT,Data Architect,59421,GBP,74276,GB,0,GB,M
2024,SE,FT,Data Architect,48350,GBP,60437,GB,0,GB,M
2024,MI,FT,Machine Learning Developer,125000,USD,125000,CA,0,CA,M
2024,MI,FT,Machine Learning Developer,90000,USD,90000,CA,0,CA,M
2024,MI,FT,Data Scientist,176000,USD,176000,US,100,US,M
2024,MI,FT,Data Scientist,72700,USD,72700,US,100,US,M
2024,MI,FT,Data Engineer,132600,USD,132600,US,0,US,M
2024,MI,FT,Data Engineer,80845,USD,80845,US,0,US,M
2024,EX,FT,Data Engineer,250000,USD,250000,US,0,US,M
2024,EX,FT,Data Engineer,150000,USD,150000,US,0,US,M
2024,MI,FT,Data Management Specialist,79000,USD,79000,US,0,US,M
2024,MI,FT,Data Management Specialist,72000,USD,72000,US,0,US,M
2024,SE,FT,Data Scientist,230800,USD,230800,US,100,US,M
2024,SE,FT,Data Scientist,96200,USD,96200,US,100,US,M
2024,EN,FT,Data Scientist,187415,USD,187415,US,0,US,M
2024,EN,FT,Data Scientist,114080,USD,114080,US,0,US,M
2024,EN,FT,Business Intelligence Lead,187415,USD,187415,US,0,US,M
2024,EN,FT,Business Intelligence Lead,114080,USD,114080,US,0,US,M
2024,SE,FT,Data Engineer,277000,USD,277000,US,0,US,M
2024,SE,FT,Data Engineer,173000,USD,173000,US,0,US,M
2024,MI,FT,Data Engineer,175000,USD,175000,US,0,US,M
2024,MI,FT,Data Engineer,117000,USD,117000,US,0,US,M
2024,SE,FT,Data Architect,193000,USD,193000,US,0,US,M
2024,SE,FT,Data Architect,84600,USD,84600,US,0,US,M
2024,SE,FT,AI Engineer,220000,USD,220000,US,0,US,M
2024,SE,FT,AI Engineer,96600,USD,96600,US,0,US,M
2024,SE,FT,Data Analyst,170000,USD,170000,US,0,US,M
2024,SE,FT,Data Analyst,130000,USD,130000,US,0,US,M
2024,MI,FT,Data Scientist,172000,USD,172000,US,0,US,M
2024,MI,FT,Data Scientist,75600,USD,75600,US,0,US,M
2024,SE,FT,Machine Learning Scientist,201000,USD,201000,US,0,US,M
2024,SE,FT,Machine Learning Scientist,125500,USD,125500,US,0,US,M
2024,SE,FT,Business Intelligence Analyst,187000,USD,187000,US,100,US,M
2024,SE,FT,Business Intelligence Analyst,117000,USD,117000,US,100,US,M
2024,EN,FT,Data Analyst,61700,USD,61700,US,0,US,M
2024,EN,FT,Data Analyst,55000,USD,55000,US,0,US,M
2024,MI,FT,Data Engineer,45000,GBP,56250,GB,0,GB,M
2024,MI,FT,Data Engineer,35000,GBP,43750,GB,0,GB,M
2024,SE,FT,Data Scientist,292300,USD,292300,CA,0,CA,M
2024,SE,FT,Data Scientist,149700,USD,149700,CA,0,CA,M
2024,SE,FT,Business Intelligence Engineer,165600,USD,165600,US,0,US,L
2024,SE,FT,Business Intelligence Engineer,65800,USD,65800,US,0,US,L
2024,MI,FT,Data Engineer,148000,USD,148000,US,0,US,M
2024,MI,FT,Data Engineer,118000,USD,118000,US,0,US,M
2024,SE,FT,Data Scientist,50000,GBP,62500,GB,0,GB,M
2024,SE,FT,Data Scientist,50000,GBP,62500,GB,0,GB,M
2024,MI,FT,Machine Learning Engineer,252000,USD,252000,US,0,US,M
2024,MI,FT,Machine Learning Engineer,168000,USD,168000,US,0,US,M
2024,SE,FT,Data Engineer,149076,USD,149076,US,0,US,M
2024,SE,FT,Data Engineer,82365,USD,82365,US,0,US,M
2024,SE,FT,Data Engineer,160000,USD,160000,US,0,US,M
2024,SE,FT,Data Engineer,120000,USD,120000,US,0,US,M
2024,SE,FT,Data Engineer,160000,USD,160000,US,0,US,M
2024,SE,FT,Data Engineer,115000,USD,115000,US,0,US,M
2024,MI,FT,Data Engineer,193000,USD,193000,US,0,US,M
2024,MI,FT,Data Engineer,128000,USD,128000,US,0,US,M
2024,SE,FT,Machine Learning Engineer,220000,USD,220000,US,0,US,M
2024,SE,FT,Machine Learning Engineer,170000,USD,170000,US,0,US,M
2024,SE,FT,Machine Learning Engineer,189000,USD,189000,US,0,US,M
2024,SE,FT,Machine Learning Engineer,136000,USD,136000,US,0,US,M
2024,MI,FT,Business Intelligence Engineer,185000,USD,185000,US,0,US,L
2024,MI,FT,Business Intelligence Engineer,79600,USD,79600,US,0,US,L
2024,MI,FT,Applied Scientist,210000,USD,210000,US,0,US,M
2024,MI,FT,Applied Scientist,160000,USD,160000,US,0,US,M
2024,EX,FT,Data Scientist,200000,USD,200000,US,0,US,M
2024,EX,FT,Data Scientist,160000,USD,160000,US,0,US,M
2024,SE,FT,Machine Learning Engineer,150000,USD,150000,US,0,US,M
2024,SE,FT,Machine Learning Engineer,90000,USD,90000,US,0,US,M
2024,MI,FT,Machine Learning Engineer,208200,USD,208200,US,100,US,M
2024,MI,FT,Machine Learning Engineer,124900,USD,124900,US,100,US,M
2024,SE,FT,Data Engineer,150000,USD,150000,US,0,US,M
2024,SE,FT,Data Engineer,130000,USD,130000,US,0,US,M
2024,SE,FT,Machine Learning Engineer,189000,USD,189000,US,0,US,M
2024,SE,FT,Machine Learning Engineer,160000,USD,160000,US,0,US,M
2024,SE,FT,Data Engineer,255475,USD,255475,US,0,US,M
2024,SE,FT,Data Engineer,185800,USD,185800,US,0,US,M
2024,SE,FT,Data Engineer,220000,USD,220000,US,0,US,M
2024,SE,FT,Data Engineer,170000,USD,170000,US,0,US,M
2024,SE,FT,Machine Learning Engineer,220000,USD,220000,US,0,US,M
2024,SE,FT,Machine Learning Engineer,170000,USD,170000,US,0,US,M
2024,SE,FT,Data Analyst,113800,USD,113800,US,100,US,M
2024,SE,FT,Data Analyst,74400,USD,74400,US,100,US,M
2024,SE,FT,Machine Learning Engineer,260000,USD,260000,US,0,US,M
2024,MI,FT,Data Scientist,180000,USD,180000,US,0,US,M
2024,MI,FT,Data Scientist,140000,USD,140000,US,0,US,M
2024,SE,FT,Business Intelligence Engineer,108500,USD,108500,US,0,US,M
2024,SE,FT,Business Intelligence Engineer,78800,USD,78800,US,0,US,M
2024,SE,FT,Machine Learning Engineer,252000,USD,252000,US,0,US,M
2024,SE,FT,Machine Learning Engineer,181000,USD,181000,US,0,US,M
2024,SE,FT,Data Scientist,301126,USD,301126,US,100,US,M
2024,SE,FT,Data Scientist,210788,USD,210788,US,100,US,M
2024,EN,FT,Data Analyst,20000,USD,20000,KE,100,KE,M
2024,SE,FT,Data Analyst,147500,USD,147500,US,0,US,M
2024,SE,FT,Data Analyst,85000,USD,85000,US,0,US,M
2024,SE,FT,Data Architect,175000,USD,175000,US,0,US,M
2024,SE,FT,Data Architect,117000,USD,117000,US,0,US,M
2024,EN,FT,Data Analyst,102927,USD,102927,AU,0,AU,M
2024,EN,FT,Data Analyst,95010,USD,95010,AU,0,AU,M
2024,EN,FT,Business Intelligence Analyst,157400,USD,157400,US,100,US,M
2024,EN,FT,Business Intelligence Analyst,98600,USD,98600,US,100,US,M
2024,EN,FT,Data Analyst,83000,USD,83000,US,100,US,M
2024,EN,FT,Data Analyst,64000,USD,64000,US,100,US,M
2024,SE,FT,Data Engineer,200000,USD,200000,US,100,US,M
2024,SE,FT,Data Engineer,90000,USD,90000,US,100,US,M
2024,SE,FT,Machine Learning Engineer,250000,USD,250000,US,100,US,M
2024,SE,FT,Machine Learning Engineer,190000,USD,190000,US,100,US,M
2024,SE,FT,Machine Learning Engineer,258750,USD,258750,US,0,US,M
2024,SE,FT,Machine Learning Engineer,191250,USD,191250,US,0,US,M
2024,EN,FT,Machine Learning Engineer,177100,USD,177100,US,0,US,M
2024,EN,FT,Machine Learning Engineer,130900,USD,130900,US,0,US,M
2024,EN,FT,Data Analyst,99200,USD,99200,US,100,US,M
2024,EN,FT,Data Analyst,69400,USD,69400,US,100,US,M
2024,MI,FT,Encounter Data Management Professional,79500,USD,79500,US,100,US,M
2024,MI,FT,Encounter Data Management Professional,57700,USD,57700,US,100,US,M
2024,SE,FT,Data Engineer,179000,USD,179000,US,0,US,M
2024,SE,FT,Data Engineer,112000,USD,112000,US,0,US,M
2024,SE,FT,Machine Learning Engineer,206000,USD,206000,US,0,US,M
2024,SE,FT,Machine Learning Engineer,97335,USD,97335,US,0,US,M
2024,MI,FT,Machine Learning Engineer,223900,USD,223900,US,100,US,M
2024,MI,FT,Machine Learning Engineer,140100,USD,140100,US,100,US,M
2024,SE,FT,Data Architect,75000,GBP,93750,GB,0,GB,M
2024,SE,FT,Data Architect,65000,GBP,81250,GB,0,GB,M
2024,SE,FT,Data Manager,144300,USD,144300,US,100,US,M
2024,SE,FT,Data Manager,104800,USD,104800,US,100,US,M
2024,MI,FT,Business Intelligence,168000,USD,168000,US,100,US,L
2024,MI,FT,Business Intelligence,78400,USD,78400,US,100,US,L
2024,SE,FT,Data Analyst,207300,USD,207300,US,0,US,M
2024,SE,FT,Data Analyst,114700,USD,114700,US,0,US,M
2024,SE,FT,Data Scientist,265000,USD,265000,US,100,US,M
2024,SE,FT,Data Scientist,220000,USD,220000,US,100,US,M
2024,SE,FT,Business Intelligence Analyst,120000,USD,120000,US,0,US,M
2024,SE,FT,Business Intelligence Analyst,100000,USD,100000,US,0,US,M
2024,SE,FT,Machine Learning Engineer,306000,USD,306000,US,0,US,M
2024,SE,FT,Machine Learning Engineer,151600,USD,151600,US,0,US,M
2024,EX,FT,Data Scientist,300000,USD,300000,US,100,US,M
2024,EX,FT,Data Scientist,220000,USD,220000,US,100,US,M
2024,SE,FT,Data Scientist,167500,USD,167500,US,0,US,M
2024,SE,FT,Data Scientist,138500,USD,138500,US,0,US,M
2024,MI,FT,Data Scientist,194000,USD,194000,US,0,US,M
2024,MI,FT,Data Scientist,125500,USD,125500,US,0,US,M
2024,SE,FT,Analytics Engineer,95000,GBP,118750,GB,0,GB,M
2024,SE,FT,Analytics Engineer,60000,GBP,75000,GB,0,GB,M
2024,SE,FT,Data Engineer,194500,USD,194500,US,0,US,M
2024,SE,FT,Data Engineer,147368,USD,147368,US,0,US,M
2024,MI,FT,Data Engineer,165000,USD,165000,US,0,US,M
2024,MI,FT,Data Engineer,117000,USD,117000,US,0,US,M
2024,SE,FT,Data Analyst,170000,USD,170000,US,0,US,M
2024,SE,FT,Data Analyst,148000,USD,148000,US,0,US,M
2024,SE,FT,Data Manager,160500,USD,160500,US,100,US,M
2024,SE,FT,Data Manager,107000,USD,107000,US,100,US,M
2024,SE,FT,Analytics Engineer,500000,USD,500000,US,0,US,M
2024,SE,FT,Analytics Engineer,80000,USD,80000,US,0,US,M
2024,MI,FT,Data Infrastructure Engineer,241000,USD,241000,US,0,US,M
2024,MI,FT,Data Infrastructure Engineer,189000,USD,189000,US,0,US,M
2024,SE,FT,Data Scientist,167500,USD,167500,US,0,US,M
2024,SE,FT,Data Scientist,138500,USD,138500,US,0,US,M
2024,SE,FT,Research Scientist,200000,USD,200000,US,100,US,M
2024,SE,FT,Research Scientist,148500,USD,148500,US,100,US,M
2024,SE,FT,Research Engineer,273000,USD,273000,US,0,US,M
2024,SE,FT,Research Engineer,166500,USD,166500,US,0,US,M
2024,SE,FT,Data Analyst,106260,USD,106260,US,0,US,M
2024,SE,FT,Data Analyst,82000,USD,82000,US,0,US,M
2024,MI,FT,Business Intelligence Analyst,115000,USD,115000,US,100,US,M
2024,MI,FT,Business Intelligence Analyst,100000,USD,100000,US,100,US,M
2024,MI,FT,Data Scientist,105000,USD,105000,US,0,US,M
2024,MI,FT,Data Scientist,90000,USD,90000,US,0,US,M
2024,SE,FT,Data Scientist,170000,USD,170000,US,0,US,M
2024,SE,FT,Data Scientist,140000,USD,140000,US,0,US,M
2024,MI,FT,Data Scientist,170000,USD,170000,US,0,US,M
2024,MI,FT,Data Scientist,145000,USD,145000,US,0,US,M
2024,SE,FT,Data Engineer,233000,USD,233000,US,0,US,M
2024,SE,FT,Data Engineer,140000,USD,140000,US,0,US,M
2024,SE,FT,Data Analyst,202800,USD,202800,US,0,US,M
2024,SE,FT,Data Analyst,108200,USD,108200,US,0,US,M
2024,EX,FT,Head of Data,190000,USD,190000,US,0,US,M
2024,EX,FT,Head of Data,150000,USD,150000,US,0,US,M
2024,SE,FT,Data Scientist,214872,USD,214872,US,100,US,M
2024,SE,FT,Data Scientist,186846,USD,186846,US,100,US,M
2024,EN,FT,Data Scientist,35000,GBP,43750,GB,0,GB,M
2024,EN,FT,Data Scientist,30000,GBP,37500,GB,0,GB,M
2024,SE,FT,Data Engineer,145360,USD,145360,US,100,US,M
2024,SE,FT,Data Engineer,107440,USD,107440,US,100,US,M
2024,SE,FT,Applied Scientist,212800,USD,212800,US,0,US,L
2024,SE,FT,Applied Scientist,115100,USD,115100,US,0,US,L
2024,SE,FT,AI Software Engineer,174000,USD,174000,US,0,US,M
2024,SE,FT,AI Software Engineer,116000,USD,116000,US,0,US,M
2024,MI,FT,Data Engineer,181700,USD,181700,US,0,US,M
2024,MI,FT,Data Engineer,64300,USD,64300,US,0,US,M
2024,EN,FT,Data Analyst,26800,GBP,33500,GB,0,GB,M
2024,EN,FT,Data Analyst,26800,GBP,33500,GB,0,GB,M
2024,MI,FT,Data Engineer,185000,USD,185000,US,0,US,L
2024,MI,FT,Data Engineer,81000,USD,81000,US,0,US,L
2024,SE,FT,Encounter Data Management Professional,96200,USD,96200,US,0,US,M
2024,SE,FT,Encounter Data Management Professional,69800,USD,69800,US,0,US,M
2024,EN,FT,Data Analyst,77280,USD,77280,US,0,US,M
2024,EN,FT,Data Analyst,58000,USD,58000,US,0,US,M
2024,EN,FT,Data Scientist,26800,GBP,33500,GB,0,GB,M
2024,EN,FT,Data Scientist,26800,GBP,33500,GB,0,GB,M
2024,SE,FT,Research Scientist,178200,USD,178200,US,0,US,M
2024,SE,FT,Research Scientist,74800,USD,74800,US,0,US,M
2024,EN,FT,Business Intelligence Analyst,164500,USD,164500,US,0,US,M
2024,EN,FT,Business Intelligence Analyst,67200,USD,67200,US,0,US,M
2024,SE,FT,Data Architect,165000,USD,165000,US,0,US,M
2024,SE,FT,Data Architect,117000,USD,117000,US,0,US,M
2024,EN,FT,Data Engineer,185000,USD,185000,US,0,US,L
2024,EN,FT,Data Engineer,81000,USD,81000,US,0,US,L
2024,MI,FT,Data Scientist,287800,USD,287800,US,0,US,M
2024,MI,FT,Data Scientist,287800,USD,287800,US,0,US,M
2024,SE,FT,Data Scientist,150000,USD,150000,US,0,US,M
2024,SE,FT,Data Scientist,110000,USD,110000,US,0,US,M
2024,MI,FT,Research Engineer,250000,USD,250000,US,0,US,M
2024,MI,FT,Research Engineer,200000,USD,200000,US,0,US,M
2024,SE,FT,Machine Learning Engineer,200000,USD,200000,US,0,US,M
2024,SE,FT,Machine Learning Engineer,160000,USD,160000,US,0,US,M
2024,MI,FT,Data Scientist,172000,USD,172000,US,0,US,M
2024,MI,FT,Data Scientist,75600,USD,75600,US,0,US,M
2024,EN,PT,Data Scientist,291340,USD,291340,US,0,US,M
2024,EN,PT,Data Scientist,194240,USD,194240,US,0,US,M
2024,MI,FT,Applied Scientist,191070,USD,191070,US,0,US,M
2024,MI,FT,Applied Scientist,135900,USD,135900,US,0,US,M
2024,MI,FT,BI Developer,38000,GBP,47500,GB,0,GB,M
2024,MI,FT,BI Developer,35000,GBP,43750,GB,0,GB,M
2024,SE,FT,Research Engineer,282000,USD,282000,US,0,US,M
2024,SE,FT,Research Engineer,171000,USD,171000,US,0,US,M
2024,SE,FT,Applied Scientist,260000,USD,260000,US,0,US,L
2024,SE,FT,Applied Scientist,136000,USD,136000,US,0,US,L
2024,MI,FT,Data Engineer,152800,USD,152800,US,0,US,M
2024,MI,FT,Data Engineer,149282,USD,149282,US,0,US,M
2024,SE,FT,Machine Learning Engineer,264500,USD,264500,US,100,US,M
2024,SE,FT,Machine Learning Engineer,165600,USD,165600,US,100,US,M
2024,MI,FT,Data Scientist,228000,USD,228000,US,0,US,M
2024,MI,FT,Data Scientist,134000,USD,134000,US,0,US,M
2024,SE,FT,Data Engineer,78000,EUR,86666,LV,0,LV,M
2024,SE,FT,Data Engineer,54000,EUR,60000,LV,0,LV,M
2024,SE,FT,Applied Scientist,199500,USD,199500,US,0,US,M
2024,SE,FT,Applied Scientist,97400,USD,97400,US,0,US,M
2024,SE,FT,Data Engineer,155000,USD,155000,US,0,US,M
2024,SE,FT,Data Engineer,139500,USD,139500,US,0,US,M
2024,MI,FT,Data Engineer,140000,USD,140000,US,0,US,M
2024,MI,FT,Data Engineer,100000,USD,100000,US,0,US,M
2024,SE,FT,Data Engineer,205000,USD,205000,US,100,US,M
2024,SE,FT,Data Engineer,155000,USD,155000,US,100,US,M
2024,EN,FT,Data Analyst,110000,USD,110000,US,100,US,M
2024,EN,FT,Data Analyst,90000,USD,90000,US,100,US,M
2024,EN,FT,Data Analyst,83300,USD,83300,US,0,US,M
2024,EN,FT,Data Analyst,47500,USD,47500,US,0,US,M
2024,SE,FT,Data Scientist,208500,USD,208500,US,0,US,M
2024,SE,FT,Data Scientist,174000,USD,174000,US,0,US,M
2024,SE,FT,Data Engineer,170000,USD,170000,US,0,US,M
2024,SE,FT,Data Engineer,130000,USD,130000,US,0,US,M
2024,MI,FT,Data Scientist,240000,USD,240000,US,0,US,M
2024,MI,FT,Data Scientist,180000,USD,180000,US,0,US,M
2024,MI,FT,Data Engineer,90000,USD,90000,US,0,US,M
2024,MI,FT,Data Engineer,70000,USD,70000,US,0,US,M
2024,SE,FT,Business Intelligence Analyst,138000,USD,138000,US,0,US,M
2024,SE,FT,Business Intelligence Analyst,110400,USD,110400,US,0,US,M
2024,SE,FT,Data Scientist,239000,USD,239000,US,100,US,M
2024,SE,FT,Data Scientist,159000,USD,159000,US,100,US,M
2024,SE,FT,Data Engineer,145000,USD,145000,US,0,US,M
2024,SE,FT,Data Engineer,115000,USD,115000,US,0,US,M
2024,SE,FT,Data Engineer,185000,USD,185000,US,0,US,M
2024,SE,FT,Data Engineer,160000,USD,160000,US,0,US,M
2024,MI,FT,Applied Scientist,210000,USD,210000,US,0,US,M
2024,MI,FT,Applied Scientist,160000,USD,160000,US,0,US,M
2024,EN,FT,Data Scientist,128750,USD,128750,US,0,US,M
2024,EN,FT,Data Scientist,61875,USD,61875,US,0,US,M
2024,SE,FT,Machine Learning Engineer,240000,USD,240000,CA,0,CA,M
2024,SE,FT,Machine Learning Engineer,178000,USD,178000,CA,0,CA,M
2024,EN,FT,Research Analyst,91200,USD,91200,US,0,US,M
2024,EN,FT,Research Analyst,58200,USD,58200,US,0,US,M
2024,SE,FT,Data Engineer,122000,USD,122000,US,0,US,M
2024,SE,FT,Data Engineer,94500,USD,94500,US,0,US,M
2024,MI,FT,Data Analyst,152300,USD,152300,US,0,US,M
2024,MI,FT,Data Analyst,76200,USD,76200,US,0,US,M
2024,SE,FT,Machine Learning Engineer,336000,USD,336000,CA,100,CA,M
2024,SE,FT,Machine Learning Engineer,304000,USD,304000,CA,100,CA,M
2024,MI,FT,Data Analyst,70000,USD,70000,US,100,US,M
2024,MI,FT,Data Analyst,51000,USD,51000,US,100,US,M
2024,SE,FT,Machine Learning Engineer,223000,USD,223000,US,0,US,M
2024,SE,FT,Machine Learning Engineer,185000,USD,185000,US,0,US,M
2024,MI,FT,Data Engineer,155000,USD,155000,US,0,US,M
2024,MI,FT,Data Engineer,120000,USD,120000,US,0,US,M
2024,SE,FT,Data Infrastructure Engineer,245900,USD,245900,US,100,US,M
2024,SE,FT,Data Infrastructure Engineer,139000,USD,139000,US,100,US,M
2024,MI,FT,Admin & Data Analyst,95000,USD,95000,US,0,US,M
2024,SE,FT,Data Scientist,213000,USD,213000,US,0,US,M
2024,SE,FT,Data Scientist,120700,USD,120700,US,0,US,M
2024,MI,FT,Data Engineer,128000,USD,128000,US,0,US,M
2024,MI,FT,Data Engineer,81500,USD,81500,US,0,US,M
2024,EN,FT,Data Scientist,46000,USD,46000,US,0,US,M
2024,EN,FT,Data Scientist,40000,USD,40000,US,0,US,M
2024,SE,FT,Insight Analyst,60000,GBP,75000,US,0,US,M
2024,SE,FT,Insight Analyst,55000,GBP,68750,US,0,US,M
2024,EN,FT,Business Intelligence,176627,USD,176627,US,0,US,M
2024,EN,FT,Business Intelligence,106029,USD,106029,US,0,US,M
2024,SE,FT,Data Architect,193000,USD,193000,US,0,US,M
2024,SE,FT,Data Architect,84600,USD,84600,US,0,US,M
2024,EN,FT,Business Intelligence,94250,USD,94250,US,100,US,M
2024,EN,FT,Business Intelligence,65000,USD,65000,US,100,US,M
2024,MI,FT,Data Analyst,148017,USD,148017,US,0,US,M
2024,MI,FT,Data Analyst,87069,USD,87069,US,0,US,M
2024,MI,FT,Data Scientist,135800,USD,135800,US,100,US,M
2024,MI,FT,Data Scientist,95100,USD,95100,US,100,US,M
2024,SE,FT,Data Engineer,175000,USD,175000,US,0,US,M
2024,SE,FT,Data Engineer,117000,USD,117000,US,0,US,M
2024,SE,FT,Data Architect,234000,USD,234000,US,0,US,M
2024,SE,FT,Data Architect,146000,USD,146000,US,0,US,M
2024,MI,FT,Data Analyst,120000,USD,120000,US,0,US,M
2024,MI,FT,Data Analyst,105000,USD,105000,US,0,US,M
2024,EN,FT,Data Analyst,43500,USD,43500,US,0,US,M
2024,EN,FT,Data Analyst,41000,USD,41000,US,0,US,M
2024,SE,FT,Data Engineer,234000,USD,234000,US,0,US,M
2024,SE,FT,Data Engineer,117000,USD,117000,US,0,US,M
2024,SE,FT,Machine Learning Engineer,211888,USD,211888,US,0,US,M
2024,SE,FT,Machine Learning Engineer,154100,USD,154100,US,0,US,M
2024,SE,FT,Data Analyst,185100,USD,185100,US,0,US,M
2024,SE,FT,Data Analyst,148500,USD,148500,US,0,US,M
2024,SE,FT,Data Analyst,147000,USD,147000,US,100,US,M
2024,SE,FT,Data Analyst,92000,USD,92000,US,100,US,M
2024,SE,FT,Analytics Engineer,148500,USD,148500,US,0,US,M
2024,SE,FT,Analytics Engineer,117000,USD,117000,US,0,US,M
2024,SE,FT,Data Analyst,130000,USD,130000,US,100,US,M
2024,SE,FT,Data Analyst,100000,USD,100000,US,100,US,M
2024,MI,FT,Machine Learning Engineer,203000,USD,203000,US,100,US,M
2024,MI,FT,Machine Learning Engineer,135000,USD,135000,US,100,US,M
2024,SE,FT,Consultant Data Engineer,50000,USD,50000,GE,100,US,M
2024,SE,FT,Data Scientist,322100,USD,322100,US,100,US,M
2024,SE,FT,Data Scientist,173400,USD,173400,US,100,US,M
2024,SE,FT,Business Intelligence Analyst,158900,USD,158900,US,100,US,M
2024,SE,FT,Business Intelligence Analyst,132400,USD,132400,US,100,US,M
2024,SE,FT,Machine Learning Engineer,370000,USD,370000,US,0,US,M
2024,SE,FT,Machine Learning Engineer,220000,USD,220000,US,0,US,M
2024,SE,FT,Analytics Engineer,180000,USD,180000,US,0,US,M
2024,SE,FT,Analytics Engineer,140000,USD,140000,US,0,US,M
2024,SE,FT,Data Engineer,247300,USD,247300,US,0,US,M
2024,SE,FT,Data Engineer,139800,USD,139800,US,0,US,M
2024,SE,FT,Data Scientist,213000,USD,213000,US,0,US,M
2024,SE,FT,Data Scientist,120700,USD,120700,US,0,US,M
2024,SE,FT,Data Engineer,172000,USD,172000,US,100,US,M
2024,SE,FT,Data Engineer,141000,USD,141000,US,100,US,M
2024,MI,FT,Business Intelligence Manager,140000,USD,140000,US,100,US,M
2024,MI,FT,Business Intelligence Manager,100000,USD,100000,US,100,US,M
2024,EN,FT,Data Analyst,100000,USD,100000,US,100,US,M
2024,EN,FT,Data Analyst,90000,USD,90000,US,100,US,M
2024,SE,FT,Data Engineer,135000,USD,135000,US,0,US,M
2024,SE,FT,Data Engineer,115000,USD,115000,US,0,US,M
2024,SE,FT,Data Engineer,130000,USD,130000,US,0,US,M
2024,SE,FT,Data Engineer,100000,USD,100000,US,0,US,M
2024,SE,FT,Data Scientist,240901,USD,240901,US,100,US,M
2024,SE,FT,Data Scientist,168630,USD,168630,US,100,US,M
2024,MI,FT,Data Analyst,100000,USD,100000,US,0,US,M
2024,MI,FT,Data Analyst,90000,USD,90000,US,0,US,M
2024,EX,FT,Head of Data,312300,USD,312300,US,100,US,M
2024,EX,FT,Head of Data,269000,USD,269000,US,100,US,M
2024,EX,FT,Data Engineer,273600,USD,273600,US,100,US,M
2024,EX,FT,Data Engineer,182400,USD,182400,US,100,US,M
2024,SE,FT,Data Architect,184000,USD,184000,US,0,US,M
2024,SE,FT,Data Architect,123000,USD,123000,US,0,US,M
2024,SE,FT,Research Engineer,250000,USD,250000,US,100,US,M
2024,SE,FT,Research Engineer,150000,USD,150000,US,100,US,M
2024,SE,FT,Business Intelligence Analyst,140000,USD,140000,US,100,US,M
2024,SE,FT,Business Intelligence Analyst,100000,USD,100000,US,100,US,M
2024,SE,FT,Data Scientist,202500,USD,202500,US,0,US,M
2024,SE,FT,Data Scientist,135000,USD,135000,US,0,US,M
2024,MI,FT,Data Engineer,159550,USD,159550,US,0,US,M
2024,MI,FT,Data Engineer,113000,USD,113000,US,0,US,M
2024,MI,FT,Data Scientist,75000,USD,75000,US,100,US,M
2024,MI,FT,Data Scientist,55000,USD,55000,US,100,US,M
2024,EX,FT,Data Engineer,253900,USD,253900,US,0,US,M
2024,EX,FT,Data Engineer,145100,USD,145100,US,0,US,M
2024,MI,FT,Research Scientist,138000,USD,138000,US,0,US,M
2024,MI,FT,Research Scientist,86000,USD,86000,US,0,US,M
2024,SE,FT,Research Scientist,179000,USD,179000,US,0,US,M
2024,SE,FT,Research Scientist,112000,USD,112000,US,0,US,M
2024,EN,FT,Data Management Analyst,105000,USD,105000,CA,0,CA,M
2024,EN,FT,Data Management Analyst,80800,USD,80800,CA,0,CA,M
2024,EN,FT,Data Analyst,64500,USD,64500,US,0,US,M
2024,EN,FT,Data Analyst,46500,USD,46500,US,0,US,M
2024,SE,FT,Data Engineer,120750,USD,120750,US,0,US,M
2024,SE,FT,Data Engineer,85000,USD,85000,US,0,US,M
2024,SE,FT,Data Architect,180000,USD,180000,US,100,US,M
2024,SE,FT,Data Architect,144000,USD,144000,US,100,US,M
2024,SE,FT,Data Analyst,144606,USD,144606,US,0,US,M
2024,SE,FT,Data Analyst,128539,USD,128539,US,0,US,M
2024,MI,FT,BI Developer,79400,USD,79400,US,0,US,M
2024,MI,FT,BI Developer,55600,USD,55600,US,0,US,M
2024,MI,FT,Data Engineer,131700,USD,131700,US,0,US,M
2024,MI,FT,Data Engineer,84000,USD,84000,US,0,US,M
2024,SE,FT,Data Scientist,206000,USD,206000,US,0,US,M
2024,SE,FT,Data Scientist,106605,USD,106605,US,0,US,M
2024,MI,FT,Data Analyst,179000,USD,179000,US,0,US,M
2024,MI,FT,Data Analyst,112000,USD,112000,US,0,US,M
2024,SE,FT,Business Intelligence,120750,USD,120750,US,0,US,M
2024,SE,FT,Business Intelligence,85000,USD,85000,US,0,US,M
2024,SE,FT,Research Scientist,175000,USD,175000,US,0,US,M
2024,SE,FT,Research Scientist,118000,USD,118000,US,0,US,M
2024,SE,FT,Data Analyst,194000,USD,194000,US,0,US,M
2024,SE,FT,Data Analyst,122000,USD,122000,US,0,US,M
2024,SE,FT,Business Intelligence,142250,USD,142250,US,0,US,M
2024,SE,FT,Business Intelligence,100000,USD,100000,US,0,US,M
2024,MI,FT,Data Scientist,99000,USD,99000,US,0,US,M
2024,MI,FT,Data Scientist,87000,USD,87000,US,0,US,M
2024,EN,FT,Research Engineer,118400,USD,118400,US,0,US,M
2024,EN,FT,Research Engineer,64000,USD,64000,US,0,US,M
2024,MI,FT,Machine Learning Engineer,176000,USD,176000,US,0,US,M
2024,MI,FT,Machine Learning Engineer,72700,USD,72700,US,0,US,M
2024,SE,FL,Manager Data Management,3000000,INR,36014,IN,100,IN,S
2024,MI,FT,Data Engineer,145000,USD,145000,US,0,US,M
2024,MI,FT,Data Engineer,120000,USD,120000,US,0,US,M
2024,EN,FT,Research Analyst,126225,USD,126225,US,0,US,M
2024,EN,FT,Research Analyst,61846,USD,61846,US,0,US,M
2024,SE,FT,Data Analyst,114200,USD,114200,US,0,US,M
2024,SE,FT,Data Analyst,92900,USD,92900,US,0,US,M
2024,SE,FT,Data Engineer,219700,USD,219700,US,0,US,M
2024,SE,FT,Data Engineer,137300,USD,137300,US,0,US,M
2024,SE,FT,Business Intelligence Engineer,108500,USD,108500,US,0,US,M
2024,SE,FT,Business Intelligence Engineer,78800,USD,78800,US,0,US,M
2024,MI,FT,Data Scientist,44263,GBP,55328,ZA,0,ZA,M
2024,MI,FT,Data Scientist,33966,GBP,42457,ZA,0,ZA,M
2024,SE,FT,Data Analyst,95000,USD,95000,US,0,US,M
2024,SE,FT,Data Analyst,85000,USD,85000,US,0,US,M
2024,MI,FT,Data Quality Manager,50000,EUR,55555,ES,0,ES,M
2024,MI,FT,Data Quality Manager,40000,EUR,44444,ES,0,ES,M
2024,SE,FT,Data Modeler,155000,USD,155000,US,100,US,M
2024,SE,FT,Data Modeler,140000,USD,140000,US,100,US,M
2024,MI,FT,Data Analytics Manager,128000,USD,128000,US,0,US,M
2024,MI,FT,Data Analytics Manager,81500,USD,81500,US,0,US,M
2024,MI,FT,Business Intelligence Analyst,95000,USD,95000,US,100,US,M
2024,MI,FT,Business Intelligence Analyst,68000,USD,68000,US,100,US,M
2024,EN,FT,Data Scientist,194500,USD,194500,US,0,US,M
2024,EN,FT,Data Scientist,125500,USD,125500,US,0,US,M
2024,MI,FT,Data Scientist,187000,USD,187000,US,0,US,M
2024,MI,FT,Data Scientist,153000,USD,153000,US,0,US,M
2024,SE,FT,Data Architect,146000,USD,146000,US,0,US,M
2024,SE,FT,Data Architect,128000,USD,128000,US,0,US,M
2024,MI,FT,Data Scientist,130500,USD,130500,US,0,US,M
2024,MI,FT,Data Scientist,96000,USD,96000,US,0,US,M
2024,SE,FT,Business Intelligence Analyst,140000,USD,140000,US,100,US,M
2024,SE,FT,Business Intelligence Analyst,105000,USD,105000,US,100,US,M
2024,SE,FT,Data Engineer,153000,USD,153000,US,100,US,M
2024,SE,FT,Data Engineer,122000,USD,122000,US,100,US,M
2024,SE,FT,Data Scientist,190000,USD,190000,US,100,US,M
2024,SE,FT,Data Scientist,126000,USD,126000,US,100,US,M
2024,MI,FT,Research Engineer,108100,USD,108100,US,0,US,M
2024,MI,FT,Research Engineer,60800,USD,60800,US,0,US,M
2024,MI,FT,Data Scientist,170000,USD,170000,US,100,US,M
2024,MI,FT,Data Scientist,100000,USD,100000,US,100,US,M
2024,SE,FT,Data Scientist,208000,USD,208000,US,0,US,M
2024,SE,FT,Data Scientist,175000,USD,175000,US,0,US,M
2024,SE,FT,Research Engineer,485000,USD,485000,US,0,US,M
2024,SE,FT,Research Engineer,280000,USD,280000,US,0,US,M
2024,SE,FT,Robotics Engineer,240000,USD,240000,US,0,US,M
2024,SE,FT,Robotics Engineer,160000,USD,160000,US,0,US,M
2024,SE,FT,Data Scientist,239000,USD,239000,US,0,US,M
2024,SE,FT,Data Scientist,177000,USD,177000,US,0,US,M
2024,SE,FT,Data Engineer,135000,USD,135000,US,100,US,M
2024,SE,FT,Data Engineer,110000,USD,110000,US,100,US,M
2024,MI,FT,Data Scientist,177300,USD,177300,US,0,US,M
2024,MI,FT,Data Scientist,136300,USD,136300,US,0,US,M
2024,SE,FT,Data Scientist,250944,USD,250944,US,100,US,M
2024,SE,FT,Data Scientist,178538,USD,178538,US,100,US,M
2024,SE,FT,Data Scientist,180000,USD,180000,US,100,US,M
2024,SE,FT,Data Scientist,140000,USD,140000,US,100,US,M
2024,SE,FT,Data Engineer,250000,USD,250000,US,100,US,M
2024,SE,FT,Data Engineer,180700,USD,180700,US,100,US,M
2024,EX,FT,Head of Data,243000,USD,243000,US,0,US,M
2024,EX,FT,Head of Data,163000,USD,163000,US,0,US,M
2024,MI,FT,Research Scientist,250000,USD,250000,US,0,US,M
2024,MI,FT,Research Scientist,190000,USD,190000,US,0,US,M
2024,SE,FT,Data Scientist,150000,USD,150000,US,100,US,M
2024,SE,FT,Data Scientist,90200,USD,90200,US,100,US,M
2024,MI,FT,Research Scientist,162000,USD,162000,US,0,US,M
2024,MI,FT,Research Scientist,128000,USD,128000,US,0,US,M
2024,SE,FT,Data Analyst,140000,USD,140000,US,0,US,M
2024,SE,FT,Data Analyst,107000,USD,107000,US,0,US,M
2024,MI,FT,Data Analyst,155700,USD,155700,US,0,US,M
2024,MI,FT,Data Analyst,75500,USD,75500,US,0,US,M
2024,EN,FT,Business Intelligence Analyst,111400,USD,111400,US,100,US,M
2024,EN,FT,Business Intelligence Analyst,62800,USD,62800,US,100,US,M
2024,SE,FT,Research Scientist,234000,USD,234000,US,0,US,M
2024,SE,FT,Research Scientist,146000,USD,146000,US,0,US,M
2024,MI,FT,Data Scientist,172000,USD,172000,US,0,US,M
2024,MI,FT,Data Scientist,75600,USD,75600,US,0,US,M
2024,SE,FT,Business Intelligence,204000,USD,204000,US,0,US,M
2024,SE,FT,Business Intelligence,105800,USD,105800,US,0,US,M
2024,SE,FT,Business Intelligence,246000,USD,246000,US,0,US,M
2024,SE,FT,Business Intelligence,132600,USD,132600,US,0,US,M
2024,SE,FT,Data Analyst,190000,USD,190000,US,0,US,M
2024,SE,FT,Data Analyst,152000,USD,152000,US,0,US,M
2024,SE,FT,Machine Learning Scientist,125000,USD,125000,US,100,US,M
2024,SE,FT,Machine Learning Scientist,110000,USD,110000,US,100,US,M
2024,MI,FT,Data Analyst,84105,USD,84105,US,0,US,M
2024,MI,FT,Data Analyst,76095,USD,76095,US,0,US,M
2024,MI,FT,Data Analytics Manager,203900,USD,203900,US,0,US,M
2024,MI,FT,Data Analytics Manager,116600,USD,116600,US,0,US,M
2024,SE,FT,Data Engineer,143706,USD,143706,US,100,US,M
2024,SE,FT,Data Engineer,84533,USD,84533,US,100,US,M
2024,SE,FT,Data Architect,201700,USD,201700,US,100,US,M
2024,SE,FT,Data Architect,122300,USD,122300,US,100,US,M
2024,MI,FT,Analytics Engineer,45600,EUR,50666,LT,0,LT,M
2024,MI,FT,Analytics Engineer,26400,EUR,29333,LT,0,LT,M
2024,SE,FT,Analytics Engineer,194000,USD,194000,US,100,US,M
2024,SE,FT,Analytics Engineer,96000,USD,96000,US,100,US,M
2024,SE,FT,Data Scientist,70000,EUR,77777,DE,0,DE,M
2024,SE,FT,Data Scientist,40000,EUR,44444,DE,0,DE,M
2024,SE,FT,Data Analyst,165000,USD,165000,US,100,US,M
2024,SE,FT,Data Analyst,165000,USD,165000,US,100,US,M
2024,SE,FT,Research Engineer,142200,USD,142200,US,0,US,M
2024,SE,FT,Research Engineer,116200,USD,116200,US,0,US,M
2024,SE,FT,Data Scientist,175000,USD,175000,US,0,US,M
2024,SE,FT,Data Scientist,100000,USD,100000,US,0,US,M
2024,MI,FT,Data Scientist,80000,USD,80000,US,0,US,M
2024,MI,FT,Data Scientist,52500,USD,52500,US,0,US,M
2024,SE,FT,Data Scientist,213000,USD,213000,US,0,US,M
2024,SE,FT,Data Scientist,120700,USD,120700,US,0,US,M
2024,SE,FT,Data Scientist,200000,USD,200000,US,100,US,M
2024,SE,FT,Data Scientist,160000,USD,160000,US,100,US,M
2024,SE,FT,Machine Learning Engineer,169200,USD,169200,US,0,US,M
2024,SE,FT,Machine Learning Engineer,130100,USD,130100,US,0,US,M
2024,SE,FT,Data Architect,227000,USD,227000,US,0,US,M
2024,SE,FT,Data Architect,122200,USD,122200,US,0,US,M
2024,MI,FT,Data Engineer,136400,USD,136400,US,100,US,M
2024,MI,FT,Data Engineer,77000,USD,77000,US,100,US,M
2024,SE,FT,Machine Learning Engineer,179000,USD,179000,US,0,US,M
2024,SE,FT,Machine Learning Engineer,140000,USD,140000,US,0,US,M
2024,SE,FT,Data Scientist,247600,USD,247600,US,0,US,L
2024,SE,FT,Data Scientist,127300,USD,127300,US,0,US,L
2024,SE,FT,Business Intelligence Specialist,120529,USD,120529,US,0,US,M
2024,SE,FT,Business Intelligence Specialist,96428,USD,96428,US,0,US,M
2024,SE,FT,Data Operations Analyst,168000,USD,168000,US,0,US,M
2024,SE,FT,Data Operations Analyst,90900,USD,90900,US,0,US,M
2024,SE,FT,Data Scientist,209000,USD,209000,US,0,US,M
2024,SE,FT,Data Scientist,171000,USD,171000,US,0,US,M
2024,EX,FT,Director of Business Intelligence,200000,USD,200000,US,0,US,M
2024,EX,FT,Director of Business Intelligence,175000,USD,175000,US,0,US,M
2024,SE,FT,Data Scientist,243000,USD,243000,US,0,US,M
2024,SE,FT,Data Scientist,192000,USD,192000,US,0,US,M
2024,SE,FT,Data Architect,170000,USD,170000,US,0,US,M
2024,SE,FT,Data Architect,25000,USD,25000,US,0,US,M
2024,SE,FT,Data Scientist,314100,USD,314100,US,0,US,M
2024,SE,FT,Data Scientist,169700,USD,169700,US,0,US,M
2024,SE,FT,Data Analyst,160000,USD,160000,US,0,US,M
2024,SE,FT,Data Analyst,128000,USD,128000,US,0,US,M
2024,SE,FT,Data Engineer,178500,USD,178500,US,0,US,M
2024,SE,FT,Data Engineer,156312,USD,156312,US,0,US,M
2024,MI,FT,Machine Learning Engineer,208200,USD,208200,US,100,US,M
2024,MI,FT,Machine Learning Engineer,124900,USD,124900,US,100,US,M
2024,MI,FT,Data Engineer,300000,USD,300000,US,0,US,M
2024,MI,FT,Data Engineer,130000,USD,130000,US,0,US,M
2024,SE,FT,Research Scientist,200000,USD,200000,US,0,US,M
2024,SE,FT,Research Scientist,180000,USD,180000,US,0,US,M
2024,MI,FT,Machine Learning Engineer,200000,USD,200000,CA,0,CA,M
2024,MI,FT,Machine Learning Engineer,160000,USD,160000,CA,0,CA,M
2024,SE,FT,Machine Learning Engineer,355000,USD,355000,US,0,US,M
2024,SE,FT,Machine Learning Engineer,213500,USD,213500,US,0,US,M
2024,SE,FT,Data Engineer,185000,USD,185000,US,0,US,M
2024,SE,FT,Data Engineer,102600,USD,102600,US,0,US,M
2024,EN,FT,Data Analyst,50000,GBP,62500,GB,0,GB,M
2024,MI,FT,Data Engineer,110000,USD,110000,US,0,US,M
2024,MI,FT,Data Engineer,90000,USD,90000,US,0,US,M
2024,MI,FT,Data Engineer,108600,USD,108600,US,100,US,M
2024,MI,FT,Data Engineer,74400,USD,74400,US,100,US,M
2024,MI,FT,Applied Scientist,212800,USD,212800,US,0,US,L
2024,MI,FT,Applied Scientist,115100,USD,115100,US,0,US,L
2024,SE,FT,Business Intelligence Engineer,202800,USD,202800,US,0,US,L
2024,SE,FT,Business Intelligence Engineer,104300,USD,104300,US,0,US,L
2024,EN,FT,Data Analyst,225000,USD,225000,US,0,US,M
2024,EN,FT,Data Analyst,150000,USD,150000,US,0,US,M
2024,EN,FT,Data Analyst,129000,USD,129000,US,0,US,M
2024,EN,FT,Data Analyst,86000,USD,86000,US,0,US,M
2022,MI,FT,AI Engineer,360000,ILS,107093,IL,100,IL,L
2024,MI,FT,Data Scientist,172000,USD,172000,US,0,US,M
2024,MI,FT,Data Scientist,75600,USD,75600,US,0,US,M
2024,MI,FT,Machine Learning Engineer,265400,USD,265400,US,0,US,M
2024,MI,FT,Machine Learning Engineer,127400,USD,127400,US,0,US,M
2024,SE,FT,Data Architect,363000,USD,363000,US,0,US,M
2024,SE,FT,Data Architect,139800,USD,139800,US,0,US,M
2024,EN,FT,Data Scientist,175100,USD,175100,US,0,US,M
2024,EN,FT,Data Scientist,82915,USD,82915,US,0,US,M
2024,MI,FT,Business Intelligence Analyst,192300,USD,192300,US,0,US,M
2024,MI,FT,Business Intelligence Analyst,120200,USD,120200,US,0,US,M
2024,MI,FT,Data Scientist,155000,USD,155000,US,0,US,M
2024,MI,FT,Data Scientist,135000,USD,135000,US,0,US,M
2024,MI,FT,Data Scientist,150200,USD,150200,CA,0,CA,M
2024,MI,FT,Data Scientist,100100,USD,100100,CA,0,CA,M
2024,SE,FT,Data Engineer,220000,USD,220000,US,0,US,M
2024,SE,FT,Data Engineer,137500,USD,137500,US,0,US,M
2024,MI,FT,Data Manager,100000,USD,100000,US,0,US,M
2024,MI,FT,Data Manager,90000,USD,90000,US,0,US,M
2024,MI,FT,Data Scientist,165000,USD,165000,US,0,US,M
2024,MI,FT,Data Scientist,110000,USD,110000,US,0,US,M
2024,EN,FT,Data Analyst,54000,USD,54000,US,100,US,M
2024,EN,FT,Data Analyst,43400,USD,43400,US,100,US,M
2024,MI,FT,Data Analyst,101081,USD,101081,US,0,US,M
2024,MI,FT,Data Analyst,78108,USD,78108,US,0,US,M
2024,SE,FT,Machine Learning Engineer,285500,USD,285500,US,0,US,M
2024,SE,FT,Machine Learning Engineer,142500,USD,142500,US,0,US,M
2024,SE,FT,Machine Learning Engineer,324000,USD,324000,US,0,US,M
2024,SE,FT,Machine Learning Engineer,159000,USD,159000,US,0,US,M
2024,MI,FT,Data Specialist,150000,USD,150000,US,0,US,M
2024,MI,FT,Data Specialist,130000,USD,130000,US,0,US,M
2024,SE,FT,Data Engineer,277000,USD,277000,US,0,US,M
2024,SE,FT,Data Engineer,173000,USD,173000,US,0,US,M
2024,MI,FT,Data Engineer,137000,USD,137000,US,0,US,M
2024,MI,FT,Data Engineer,60300,USD,60300,US,0,US,M
2024,SE,FT,Data Product Owner,159120,USD,159120,US,0,US,M
2024,SE,FT,Data Product Owner,92240,USD,92240,US,0,US,M
2024,MI,FT,Data Scientist,225000,USD,225000,US,0,US,M
2024,MI,FT,Data Scientist,200000,USD,200000,US,0,US,M
2024,SE,FT,Data Analyst,180500,USD,180500,US,0,US,M
2024,SE,FT,Data Analyst,96200,USD,96200,US,0,US,M
2024,MI,FT,Machine Learning Engineer,245400,USD,245400,US,0,US,M
2024,MI,FT,Machine Learning Engineer,139000,USD,139000,US,0,US,M
2024,SE,FT,Data Analytics Lead,176500,USD,176500,US,0,US,M
2024,SE,FT,Data Analytics Lead,116600,USD,116600,US,0,US,M
2024,SE,FT,Machine Learning Engineer,208500,USD,208500,US,0,US,M
2024,SE,FT,Machine Learning Engineer,100100,USD,100100,US,0,US,M
2024,SE,FT,Data Scientist,40000,GBP,50000,GB,0,GB,M
2024,SE,FT,Data Scientist,25000,GBP,31250,GB,0,GB,M
2024,SE,FT,Machine Learning Engineer,260000,USD,260000,US,100,US,M
2024,SE,FT,Machine Learning Engineer,190000,USD,190000,US,100,US,M
2024,MI,FT,Applied Scientist,222200,USD,222200,US,0,US,L
2024,MI,FT,Applied Scientist,136000,USD,136000,US,0,US,L
2024,SE,FT,Analytics Engineer,153018,USD,153018,US,0,US,M
2024,SE,FT,Analytics Engineer,135000,USD,135000,US,0,US,M
2024,SE,FT,Research Scientist,303050,USD,303050,US,0,US,M
2024,SE,FT,Research Scientist,202350,USD,202350,US,0,US,M
2024,SE,FT,Machine Learning Engineer,173000,USD,173000,CA,100,CA,M
2024,SE,FT,Machine Learning Engineer,108000,USD,108000,CA,100,CA,M
2024,MI,FT,Analytics Engineer,228900,USD,228900,US,100,US,M
2024,MI,FT,Analytics Engineer,174400,USD,174400,US,100,US,M
2024,EN,FT,Data Analyst,144000,USD,144000,US,100,US,M
2024,EN,FT,Data Analyst,81000,USD,81000,US,100,US,M
2024,SE,FT,Data Analyst,110000,USD,110000,US,100,US,M
2024,SE,FT,Data Analyst,100000,USD,100000,US,100,US,M
2024,MI,FT,Data Operations Manager,140000,USD,140000,CA,100,CA,M
2024,MI,FT,Data Operations Manager,80000,USD,80000,CA,100,CA,M
2024,SE,FT,Data Scientist,230300,USD,230300,US,0,US,M
2024,SE,FT,Data Scientist,114700,USD,114700,US,0,US,M
2024,SE,FT,Business Intelligence Analyst,190000,USD,190000,US,0,US,M
2024,SE,FT,Business Intelligence Analyst,160000,USD,160000,US,0,US,M
2024,SE,FT,Machine Learning Engineer,245400,USD,245400,US,0,US,M
2024,SE,FT,Machine Learning Engineer,139000,USD,139000,US,0,US,M
2024,SE,FT,Data Analyst,108334,USD,108334,US,0,US,M
2024,SE,FT,Data Analyst,59923,USD,59923,US,0,US,M
2024,SE,FT,Data Scientist,249000,USD,249000,US,0,US,M
2024,SE,FT,Data Scientist,216000,USD,216000,US,0,US,M
2024,SE,FT,Data Engineer,241000,USD,241000,US,100,US,M
2024,SE,FT,Data Engineer,172000,USD,172000,US,100,US,M
2024,EX,FT,Data Scientist,340000,USD,340000,US,0,US,M
2024,EX,FT,Data Scientist,256000,USD,256000,US,0,US,M
2024,MI,FT,Machine Learning Engineer,223600,USD,223600,US,0,US,L
2024,MI,FT,Machine Learning Engineer,115000,USD,115000,US,0,US,L
2024,MI,FT,Data Engineer,175000,USD,175000,CA,100,CA,M
2024,MI,FT,Data Engineer,100000,USD,100000,CA,100,CA,M
2024,SE,FT,Research Scientist,250800,USD,250800,US,0,US,M
2024,SE,FT,Research Scientist,167200,USD,167200,US,0,US,M
2024,SE,FT,Machine Learning Engineer,75000,USD,75000,IN,100,IN,M
2024,SE,FT,Machine Learning Engineer,55000,USD,55000,IN,100,IN,M
2024,SE,FT,Data Analyst,150000,USD,150000,US,100,US,M
2024,SE,FT,Data Analyst,120000,USD,120000,US,100,US,M
2024,MI,FT,Business Intelligence Developer,128000,USD,128000,US,0,US,M
2024,MI,FT,Business Intelligence Developer,92000,USD,92000,US,0,US,M
2024,SE,FT,Data Engineer,235000,USD,235000,US,100,US,M
2024,SE,FT,Data Engineer,210000,USD,210000,US,100,US,M
2024,SE,FT,Business Intelligence,125000,USD,125000,US,100,US,M
2024,SE,FT,Business Intelligence,120000,USD,120000,US,100,US,M
2024,SE,FT,Data Architect,189600,USD,189600,US,0,US,M
2024,SE,FT,Data Architect,101100,USD,101100,US,0,US,M
2024,SE,FT,Machine Learning Engineer,270400,USD,270400,US,0,US,M
2024,SE,FT,Machine Learning Engineer,145600,USD,145600,US,0,US,M
2024,EN,FT,Data Scientist,137000,USD,137000,US,0,US,M
2024,EN,FT,Data Scientist,60400,USD,60400,US,0,US,M
2024,MI,FT,Machine Learning Engineer,158100,USD,158100,US,0,US,M
2024,MI,FT,Machine Learning Engineer,138500,USD,138500,US,0,US,M
2024,SE,FT,Machine Learning Engineer,188500,USD,188500,US,0,US,M
2024,SE,FT,Machine Learning Engineer,165100,USD,165100,US,0,US,M
2024,SE,FT,Machine Learning Engineer,250000,USD,250000,US,0,US,M
2024,SE,FT,Machine Learning Engineer,180000,USD,180000,US,0,US,M
2024,SE,FT,Machine Learning Engineer,160000,USD,160000,US,0,US,M
2024,SE,FT,Machine Learning Engineer,130000,USD,130000,US,0,US,M
2024,SE,FT,Data Engineer,115000,USD,115000,US,100,US,M
2024,SE,FT,Data Engineer,100500,USD,100500,US,100,US,M
2024,SE,FT,Data Architect,242100,USD,242100,US,0,US,M
2024,SE,FT,Data Architect,116200,USD,116200,US,0,US,M
2024,MI,FT,Analytics Engineer,126000,USD,126000,US,0,US,M
2024,MI,FT,Analytics Engineer,78000,USD,78000,US,0,US,M
2024,SE,FT,Data Engineer,185000,USD,185000,US,0,US,M
2024,SE,FT,Data Engineer,160000,USD,160000,US,0,US,M
2024,SE,FT,Data Analyst,172000,USD,172000,US,0,US,M
2024,SE,FT,Data Analyst,101000,USD,101000,US,0,US,M
2024,SE,FT,Data Modeler,130000,USD,130000,US,0,US,M
2024,SE,FT,Data Modeler,120000,USD,120000,US,0,US,M
2024,SE,FT,Business Intelligence,135000,USD,135000,US,100,US,M
2024,SE,FT,Business Intelligence,100000,USD,100000,US,100,US,M
2024,SE,FT,Analytics Engineer,138000,USD,138000,US,0,US,M
2024,SE,FT,Analytics Engineer,92000,USD,92000,US,0,US,M
2024,MI,FT,Data Engineer,145000,USD,145000,US,0,US,M
2024,MI,FT,Data Engineer,95000,USD,95000,US,0,US,M
2024,SE,FT,Business Intelligence Analyst,105000,USD,105000,US,100,US,M
2024,SE,FT,Business Intelligence Analyst,80000,USD,80000,US,100,US,M
2024,SE,FT,Data Architect,175000,USD,175000,US,0,US,M
2024,SE,FT,Data Architect,115200,USD,115200,US,0,US,M
2024,MI,FT,Machine Learning Scientist,270000,USD,270000,US,0,US,M
2024,MI,FT,Machine Learning Scientist,185000,USD,185000,US,0,US,M
2024,SE,FT,Data Analyst,165000,USD,165000,US,100,US,M
2024,SE,FT,Data Scientist,267900,USD,267900,US,0,US,M
2024,SE,FT,Data Scientist,234700,USD,234700,US,0,US,M
2024,MI,FT,Research Scientist,100000,USD,100000,US,0,US,M
2024,MI,FT,Research Scientist,75000,USD,75000,US,0,US,M
2024,SE,FT,Applied Scientist,260000,USD,260000,US,0,US,L
2024,SE,FT,Applied Scientist,136000,USD,136000,US,0,US,L
2024,SE,FT,Data Architect,175000,USD,175000,US,0,US,M
2024,SE,FT,Data Architect,117000,USD,117000,US,0,US,M
2024,SE,FT,Data Architect,143537,USD,143537,CA,0,CA,M
2024,SE,FT,Data Architect,112241,USD,112241,CA,0,CA,M
2024,EN,FT,Data Analyst,170000,USD,170000,US,0,US,M
2024,EN,FT,Data Analyst,140000,USD,140000,US,0,US,M
2024,SE,FT,Research Scientist,205000,USD,205000,US,0,US,M
2024,SE,FT,Research Scientist,178000,USD,178000,US,0,US,M
2024,SE,FT,Machine Learning Engineer,297000,USD,297000,US,0,US,M
2024,SE,FT,Machine Learning Engineer,168300,USD,168300,US,0,US,M
2024,MI,FT,Data Scientist,110000,USD,110000,US,0,US,M
2024,MI,FT,Data Scientist,92000,USD,92000,US,0,US,M
2024,EN,PT,Business Intelligence Engineer,151260,USD,151260,US,0,US,L
2024,EN,PT,Business Intelligence Engineer,30000,USD,30000,US,0,US,L
2024,MI,FT,Business Intelligence,152000,USD,152000,US,100,US,M
2024,MI,FT,Business Intelligence,120000,USD,120000,US,100,US,M
2024,EX,FT,Business Intelligence,237500,USD,237500,US,0,US,M
2024,EX,FT,Business Intelligence,157500,USD,157500,US,0,US,M
2024,SE,FT,Data Scientist,200000,USD,200000,US,0,US,M
2024,SE,FT,Data Scientist,172750,USD,172750,US,0,US,M
2024,EN,FT,Data Analyst,52000,GBP,65000,GB,0,GB,M
2024,EN,FT,Data Analyst,45000,GBP,56250,GB,0,GB,M
2024,EN,FT,Data Analyst,122000,USD,122000,US,0,US,M
2024,EN,FT,Data Analyst,94000,USD,94000,US,0,US,M
2024,SE,FT,Research Scientist,240000,USD,240000,US,0,US,M
2024,SE,FT,Research Scientist,133000,USD,133000,US,0,US,M
2024,EX,FT,Data Scientist,175762,USD,175762,US,0,US,M
2024,EX,FT,Data Scientist,97254,USD,97254,US,0,US,M
2024,MI,FT,Machine Learning Engineer,145000,USD,145000,US,100,US,M
2024,MI,FT,Machine Learning Engineer,89000,USD,89000,US,100,US,M
2024,SE,FT,Data Engineer,250000,USD,250000,US,0,US,M
2024,SE,FT,Data Engineer,141500,USD,141500,US,0,US,M
2024,SE,FT,Data Engineer,209362,USD,209362,US,100,US,M
2024,SE,FT,Data Engineer,182054,USD,182054,US,100,US,M
2024,SE,FT,Robotics Engineer,140000,USD,140000,US,0,US,M
2024,SE,FT,Robotics Engineer,65000,USD,65000,US,0,US,M
2024,SE,FT,Business Intelligence Analyst,157400,USD,157400,US,100,US,M
2024,SE,FT,Business Intelligence Analyst,98600,USD,98600,US,100,US,M
2024,SE,FT,Data Scientist,226500,USD,226500,US,100,US,M
2024,SE,FT,Data Scientist,110900,USD,110900,US,100,US,M
2024,EN,FT,Data Analyst,82402,USD,82402,US,0,US,M
2024,EN,FT,Data Analyst,48508,USD,48508,US,0,US,M
2024,SE,FT,Data Engineer,130500,USD,130500,US,0,US,M
2024,SE,FT,Data Engineer,96000,USD,96000,US,0,US,M
2024,SE,FT,Data Engineer,150000,USD,150000,US,0,US,M
2024,SE,FT,Data Engineer,130000,USD,130000,US,0,US,M
2024,SE,FT,Data Engineer,150000,USD,150000,US,100,US,M
2024,SE,FT,Data Engineer,90000,USD,90000,US,100,US,M
2024,SE,FT,Data Scientist,60000,EUR,66666,ES,0,ES,M
2024,SE,FT,Data Scientist,38000,EUR,42222,ES,0,ES,M
2024,MI,FT,Machine Learning Engineer,245400,USD,245400,US,0,US,M
2024,MI,FT,Machine Learning Engineer,139000,USD,139000,US,0,US,M
2024,MI,FT,Data Scientist,200000,USD,200000,US,0,US,M
2024,MI,FT,Data Scientist,140000,USD,140000,US,0,US,M
2024,SE,FT,Data Scientist,223100,USD,223100,US,0,US,M
2024,SE,FT,Data Scientist,126400,USD,126400,US,0,US,M
2024,EN,FT,Data Analyst,90000,USD,90000,US,0,US,M
2024,EN,FT,Data Analyst,75000,USD,75000,US,0,US,M
2024,SE,FT,Data Architect,173100,USD,173100,US,100,US,M
2024,SE,FT,Data Architect,108200,USD,108200,US,100,US,M
2024,SE,FT,Data Scientist,180000,USD,180000,US,0,US,M
2024,SE,FT,Data Scientist,162000,USD,162000,US,0,US,M
2024,SE,FT,Applied Scientist,309400,USD,309400,US,0,US,L
2024,SE,FT,Applied Scientist,159100,USD,159100,US,0,US,L
2024,EX,FT,Data Scientist,175762,USD,175762,US,0,US,M
2024,EX,FT,Data Scientist,97254,USD,97254,US,0,US,M
2024,EN,FT,Research Scientist,210000,USD,210000,US,100,US,M
2024,EN,FT,Research Scientist,180000,USD,180000,US,100,US,M
2024,EN,FT,Data Management Analyst,75000,USD,75000,US,0,US,M
2024,EN,FT,Data Management Analyst,50000,USD,50000,US,0,US,M
2024,EN,FT,Data Analyst,75000,USD,75000,US,100,US,M
2024,EN,FT,Data Analyst,47500,USD,47500,US,100,US,M
2024,SE,FT,Data Engineer,145000,USD,145000,US,0,US,M
2024,SE,FT,Data Engineer,115000,USD,115000,US,0,US,M
2024,SE,FT,Business Intelligence,150000,USD,150000,US,100,US,M
2024,SE,FT,Business Intelligence,90200,USD,90200,US,100,US,M
2024,MI,FT,Applied Scientist,222200,USD,222200,US,0,US,L
2024,MI,FT,Applied Scientist,136000,USD,136000,US,0,US,L
2024,MI,FT,Data Scientist,279500,USD,279500,US,100,US,M
2024,MI,FT,Data Scientist,216200,USD,216200,US,100,US,M
2024,SE,FT,Machine Learning Engineer,250000,USD,250000,US,100,US,M
2024,SE,FT,Machine Learning Engineer,185000,USD,185000,US,100,US,M
2024,SE,FT,Machine Learning Engineer,245400,USD,245400,US,0,US,M
2024,SE,FT,Machine Learning Engineer,139000,USD,139000,US,0,US,M
2024,SE,FT,Data Engineer,250000,USD,250000,US,100,US,M
2024,SE,FT,Data Engineer,185000,USD,185000,US,100,US,M
2024,SE,FT,Machine Learning Engineer,270000,USD,270000,US,100,US,M
2024,SE,FT,Machine Learning Engineer,229500,USD,229500,US,100,US,M
2024,SE,FT,Research Scientist,205500,USD,205500,US,0,US,M
2024,SE,FT,Research Scientist,132500,USD,132500,US,0,US,M
2024,SE,FT,Data Analyst,144538,USD,144538,US,0,US,M
2024,SE,FT,Data Analyst,96358,USD,96358,US,0,US,M
2024,SE,FT,Research Engineer,306000,USD,306000,US,0,US,M
2024,SE,FT,Research Engineer,180000,USD,180000,US,0,US,M
2024,MI,FT,AI Research Scientist,84500,CAD,65000,CA,50,CA,S
2024,MI,FT,Applied Scientist,222200,USD,222200,US,0,US,L
2024,MI,FT,Applied Scientist,136000,USD,136000,US,0,US,L
2024,MI,FT,Data Engineer,30000,GBP,37500,GB,0,GB,M
2024,MI,FT,Data Engineer,27000,GBP,33750,GB,0,GB,M
2024,SE,FT,Applied Scientist,315000,USD,315000,US,100,US,M
2024,SE,FT,Applied Scientist,285000,USD,285000,US,100,US,M
2024,MI,FT,Data Scientist,130000,USD,130000,US,0,US,M
2024,MI,FT,Data Scientist,100000,USD,100000,US,0,US,M
2024,EN,FT,Data Analyst,77280,USD,77280,US,0,US,M
2024,EN,FT,Data Analyst,58000,USD,58000,US,0,US,M
2024,SE,FT,Data Scientist,264846,USD,264846,US,0,US,M
2024,SE,FT,Data Scientist,143060,USD,143060,US,0,US,M
2024,MI,FT,Business Intelligence Developer,75000,USD,75000,US,0,US,M
2024,MI,FT,Business Intelligence Developer,65000,USD,65000,US,0,US,M
2024,MI,FT,Data Scientist,172000,USD,172000,US,0,US,M
2024,MI,FT,Data Scientist,75600,USD,75600,US,0,US,M
2024,MI,FT,Business Intelligence Manager,187000,USD,187000,US,100,US,M
2024,MI,FT,Business Intelligence Manager,117000,USD,117000,US,100,US,M
2024,MI,FT,Data Scientist,158100,USD,158100,US,0,US,M
2024,MI,FT,Data Scientist,138500,USD,138500,US,0,US,M
2024,SE,FT,Data Scientist,283800,USD,283800,US,0,US,M
2024,SE,FT,Data Scientist,234700,USD,234700,US,0,US,M
2024,MI,FT,Data Manager,134000,USD,134000,US,100,US,M
2024,MI,FT,Data Manager,120000,USD,120000,US,100,US,M
2024,EN,FT,Data Analyst,198000,USD,198000,US,0,US,M
2024,EN,FT,Data Analyst,144000,USD,144000,US,0,US,M
2024,SE,FT,Data Engineer,220000,USD,220000,US,0,US,M
2024,SE,FT,Data Engineer,96600,USD,96600,US,0,US,M
2024,EN,FT,Research Analyst,83300,USD,83300,US,0,US,M
2024,EN,FT,Research Analyst,47500,USD,47500,US,0,US,M
2024,SE,FT,Data Analyst,118000,USD,118000,US,0,US,M
2024,SE,FT,Data Analyst,100000,USD,100000,US,0,US,M
2024,MI,FT,Data Scientist,162819,USD,162819,US,100,US,M
2024,MI,FT,Data Scientist,95776,USD,95776,US,100,US,M
2024,MI,FT,Research Engineer,220000,USD,220000,US,0,US,M
2024,MI,FT,Research Engineer,96600,USD,96600,US,0,US,M
2024,MI,FT,Data Operations Specialist,132500,USD,132500,US,0,US,M
2024,MI,FT,Data Operations Specialist,88000,USD,88000,US,0,US,M
2024,EN,FT,Data Analyst,93100,USD,93100,US,0,US,M
2024,EN,FT,Data Analyst,60000,USD,60000,US,0,US,M
2024,MI,FT,Data Engineer,135000,USD,135000,US,0,US,M
2024,MI,FT,Data Engineer,100000,USD,100000,US,0,US,M
2024,SE,FT,Machine Learning Engineer,190000,USD,190000,US,100,US,M
2024,SE,FT,Machine Learning Engineer,140000,USD,140000,US,100,US,M
2024,MI,FT,Bear Robotics,215000,USD,215000,US,0,US,M
2024,MI,FT,Bear Robotics,120000,USD,120000,US,0,US,M
2024,MI,FT,Data Scientist,56000,EUR,62222,FI,0,FI,M
2024,MI,FT,Data Scientist,42000,EUR,46666,FI,0,FI,M
2024,SE,FT,Data Scientist,160000,USD,160000,US,100,US,M
2024,SE,FT,Data Scientist,120000,USD,120000,US,100,US,M
2024,SE,FT,Data Scientist,171210,USD,171210,CA,0,CA,M
2024,SE,FT,Data Scientist,92190,USD,92190,CA,0,CA,M
2024,MI,FT,Data Scientist,177250,USD,177250,US,0,US,M
2024,MI,FT,Data Scientist,125500,USD,125500,US,0,US,M
2024,SE,FT,Data Engineer,139500,USD,139500,CA,0,CA,M
2024,SE,FT,Data Engineer,90000,USD,90000,CA,0,CA,M
2024,SE,FT,Data Scientist,122000,USD,122000,US,0,US,M
2024,SE,FT,Data Scientist,94000,USD,94000,US,0,US,M
2024,SE,FT,Data Engineer,140000,USD,140000,US,100,US,M
2024,SE,FT,Data Engineer,55000,USD,55000,US,100,US,M
2024,EN,FT,Business Intelligence Analyst,95000,USD,95000,US,0,US,M
2024,EN,FT,Business Intelligence Analyst,85000,USD,85000,US,0,US,M
2024,EN,FT,Data Analyst,67095,USD,67095,US,0,US,M
2024,EN,FT,Data Analyst,51120,USD,51120,US,0,US,M
2024,EN,FT,Business Intelligence Analyst,234000,USD,234000,US,0,US,M
2024,EN,FT,Business Intelligence Analyst,146000,USD,146000,US,0,US,M
2024,SE,FT,Data Analyst,150700,USD,150700,US,0,US,M
2024,SE,FT,Data Analyst,87400,USD,87400,US,0,US,M
2024,EN,FT,Data Analyst,80000,USD,80000,US,0,US,M
2024,EN,FT,Data Analyst,75000,USD,75000,US,0,US,M
2024,SE,FT,Business Intelligence,117000,USD,117000,US,0,US,M
2024,SE,FT,Business Intelligence,99600,USD,99600,US,0,US,M
2024,SE,FT,Data Engineer,180000,USD,180000,US,100,US,M
2024,SE,FT,Data Engineer,160000,USD,160000,US,100,US,M
2024,SE,FT,Data Scientist,221000,USD,221000,US,0,US,M
2024,SE,FT,Data Scientist,138000,USD,138000,US,0,US,M
2024,SE,FT,Business Intelligence Engineer,202800,USD,202800,US,0,US,L
2024,SE,FT,Business Intelligence Engineer,104300,USD,104300,US,0,US,L
2024,SE,FT,Research Engineer,268000,USD,268000,US,100,US,M
2024,SE,FT,Research Engineer,202000,USD,202000,US,100,US,M
2024,SE,FT,Data Engineer,213580,USD,213580,US,100,US,M
2024,SE,FT,Data Engineer,173000,USD,173000,US,100,US,M
2024,SE,FT,Data Engineer,159550,USD,159550,US,0,US,M
2024,SE,FT,Data Engineer,113000,USD,113000,US,0,US,M
2024,SE,FT,Data Analyst,200000,USD,200000,US,100,US,M
2024,SE,FT,Data Analyst,168000,USD,168000,US,100,US,M
2024,EN,FT,Data Analyst,100000,USD,100000,US,0,US,M
2024,EN,FT,Data Analyst,64000,USD,64000,US,0,US,M
2024,EN,FT,Data Analyst,124650,USD,124650,US,0,US,M
2024,EN,FT,Data Analyst,88200,USD,88200,US,0,US,M
2024,SE,FT,Data Analyst,180000,USD,180000,US,100,US,M
2024,SE,FT,Data Analyst,140000,USD,140000,US,100,US,M
2024,SE,FT,Data Analyst,150000,USD,150000,US,0,US,M
2024,SE,FT,Data Analyst,130000,USD,130000,US,0,US,M
2024,MI,FT,Data Analytics Manager,128000,USD,128000,US,0,US,M
2024,MI,FT,Data Analytics Manager,81500,USD,81500,US,0,US,M
2024,SE,FT,Data Engineer,173300,USD,173300,US,0,US,M
2024,SE,FT,Data Engineer,98800,USD,98800,US,0,US,M
2024,MI,FT,Business Intelligence,150000,USD,150000,US,0,US,M
2024,MI,FT,Business Intelligence,113000,USD,113000,US,0,US,M
2024,MI,FT,Applied Scientist,210000,USD,210000,US,0,US,M
2024,MI,FT,Applied Scientist,160000,USD,160000,US,0,US,M
2024,SE,FT,Data Analyst,204650,USD,204650,US,100,US,M
2024,SE,FT,Data Analyst,123990,USD,123990,US,100,US,M
2024,SE,FT,Data Scientist,131000,USD,131000,US,0,US,M
2024,SE,FT,Data Scientist,128000,USD,128000,US,0,US,M
2024,MI,FT,Data Scientist,137930,USD,137930,CA,0,CA,M
2024,MI,FT,Data Scientist,74270,USD,74270,CA,0,CA,M
2024,SE,FT,Business Intelligence Developer,156000,USD,156000,US,0,US,M
2024,SE,FT,Business Intelligence Developer,105267,USD,105267,US,0,US,M
2024,EN,FT,Data Analyst,106000,USD,106000,US,0,US,M
2024,EN,FT,Data Analyst,66000,USD,66000,US,0,US,M
2024,MI,FT,Data Analyst,95000,USD,95000,US,0,US,M
2024,MI,FT,Data Analyst,75000,USD,75000,US,0,US,M
2024,MI,FT,Data Manager,128000,USD,128000,US,0,US,M
2024,MI,FT,Data Manager,81500,USD,81500,US,0,US,M
2024,SE,FT,Research Engineer,138000,USD,138000,US,0,US,M
2024,SE,FT,Research Engineer,86000,USD,86000,US,0,US,M
2024,SE,FT,Data Scientist,194000,USD,194000,US,0,US,M
2024,SE,FT,Data Scientist,122000,USD,122000,US,0,US,M
2024,SE,FT,Data Analytics Lead,239880,USD,239880,US,0,US,M
2024,SE,FT,Data Analytics Lead,146010,USD,146010,US,0,US,M
2024,MI,FT,BI Developer,101098,USD,101098,US,100,US,M
2024,MI,FT,BI Developer,59469,USD,59469,US,100,US,M
2024,EX,FT,Data Analyst,125000,USD,125000,US,0,US,M
2024,EX,FT,Data Analyst,100000,USD,100000,US,0,US,M
2024,EN,FT,Data Scientist,140000,USD,140000,US,0,US,M
2024,EN,FT,Data Scientist,70000,USD,70000,US,0,US,M
2024,SE,FT,Data Scientist,155000,USD,155000,US,100,US,M
2024,SE,FT,Data Scientist,120000,USD,120000,US,100,US,M
2024,SE,FT,Data Engineer,65000,GBP,81250,GB,0,GB,M
2024,SE,FT,Data Engineer,45000,GBP,56250,GB,0,GB,M
2024,SE,FT,Business Intelligence Engineer,202800,USD,202800,US,100,US,M
2024,SE,FT,Business Intelligence Engineer,115000,USD,115000,US,100,US,M
2024,SE,FT,Machine Learning Engineer,210100,USD,210100,US,0,US,M
2024,SE,FT,Machine Learning Engineer,210100,USD,210100,US,0,US,M
2024,MI,FT,Data Scientist,149600,USD,149600,US,0,US,M
2024,MI,FT,Data Scientist,90200,USD,90200,US,0,US,M
2024,SE,FT,Analytics Engineer,243600,USD,243600,US,100,US,M
2024,SE,FT,Analytics Engineer,139200,USD,139200,US,100,US,M
2024,MI,FT,Data Analyst,83552,USD,83552,US,100,US,M
2024,MI,FT,Data Analyst,49148,USD,49148,US,100,US,M
2024,SE,FT,Applied Scientist,260000,USD,260000,US,0,US,L
2024,SE,FT,Applied Scientist,136000,USD,136000,US,0,US,L
2024,SE,FT,Data Manager,176000,USD,176000,US,0,US,M
2024,SE,FT,Data Manager,106000,USD,106000,US,0,US,M
2024,EX,FT,Data Scientist,300000,USD,300000,US,100,US,M
2024,EX,FT,Data Scientist,220000,USD,220000,US,100,US,M
2024,EN,FT,Data Engineer,47820,EUR,53133,NL,0,NL,M
2024,EN,FT,Data Engineer,34538,EUR,38375,NL,0,NL,M
2024,SE,FT,Data Engineer,223000,USD,223000,US,0,US,M
2024,SE,FT,Data Engineer,190000,USD,190000,US,0,US,M
2024,MI,FT,Data Engineer,116000,USD,116000,US,0,US,M
2024,MI,FT,Data Engineer,97800,USD,97800,US,0,US,M
2024,SE,FT,Data Scientist,174300,USD,174300,US,0,US,M
2024,SE,FT,Data Scientist,145000,USD,145000,US,0,US,M
2024,SE,FT,Data Engineer,52000,EUR,57777,AT,0,AT,M
2024,SE,FT,Data Engineer,43000,EUR,47777,AT,0,AT,M
2024,SE,FT,Data Engineer,175000,USD,175000,US,100,US,M
2024,SE,FT,Data Engineer,161201,USD,161201,US,100,US,M
2024,MI,FT,Applied Scientist,210000,USD,210000,US,0,US,M
2024,MI,FT,Applied Scientist,160000,USD,160000,US,0,US,M
2024,SE,FT,Data Engineer,202000,USD,202000,US,0,US,M
2024,SE,FT,Data Engineer,180000,USD,180000,US,0,US,M
2024,SE,FT,Data Analyst,148000,USD,148000,US,0,US,M
2024,SE,FT,Data Analyst,125000,USD,125000,US,0,US,M
2024,SE,FT,Machine Learning Engineer,250000,USD,250000,US,100,US,M
2024,SE,FT,Machine Learning Engineer,195000,USD,195000,US,100,US,M
2024,SE,FT,Data Engineer,215000,USD,215000,DE,0,DE,M
2024,SE,FT,Data Engineer,193000,USD,193000,DE,0,DE,M
2024,SE,FT,Data Engineer,223800,USD,223800,US,0,US,M
2024,SE,FT,Data Engineer,172100,USD,172100,US,0,US,M
2024,EX,FT,Data Scientist,200000,USD,200000,US,100,US,M
2024,EX,FT,Data Scientist,150000,USD,150000,US,100,US,M
2024,SE,FT,Data Scientist,210000,USD,210000,US,0,US,M
2024,SE,FT,Data Scientist,160000,USD,160000,US,0,US,M
2024,SE,FT,Machine Learning Engineer,212800,USD,212800,US,100,US,M
2024,SE,FT,Machine Learning Engineer,177300,USD,177300,US,100,US,M
2024,SE,FT,Data Scientist,238000,USD,238000,US,0,US,M
2024,SE,FT,Data Scientist,158000,USD,158000,US,0,US,M
2024,SE,FT,Data Lead,200400,USD,200400,US,0,US,M
2024,SE,FT,Data Lead,190500,USD,190500,US,0,US,M
2024,MI,FT,Data Scientist,115000,USD,115000,US,100,US,M
2024,MI,FT,Data Scientist,85000,USD,85000,US,100,US,M
2024,MI,FT,AI Engineer,212000,USD,212000,US,0,US,M
2024,MI,FT,AI Engineer,93300,USD,93300,US,0,US,M
2024,SE,FT,Business Intelligence,182800,USD,182800,US,100,US,M
2024,SE,FT,Business Intelligence,136100,USD,136100,US,100,US,M
2024,SE,FT,Data Scientist,227900,USD,227900,US,0,US,M
2024,SE,FT,Data Scientist,126600,USD,126600,US,0,US,M
2024,EN,FT,Data Analyst,92700,USD,92700,US,0,US,M
2024,EN,FT,Data Analyst,64900,USD,64900,US,0,US,M
2024,SE,FT,Data Analyst,179000,USD,179000,US,0,US,M
2024,SE,FT,Data Analyst,112000,USD,112000,US,0,US,M
2024,EN,FT,Data Analyst,136000,USD,136000,US,0,US,M
2024,EN,FT,Data Analyst,82000,USD,82000,US,0,US,M
2024,SE,FT,Data Scientist,221550,USD,221550,US,0,US,M
2024,SE,FT,Data Scientist,143850,USD,143850,US,0,US,M
2024,MI,FT,Data Analyst,92000,USD,92000,US,0,US,M
2024,MI,FT,Data Analyst,82000,USD,82000,US,0,US,M
2024,EN,FT,Research Analyst,143000,USD,143000,US,0,US,M
2024,EN,FT,Research Analyst,70400,USD,70400,US,0,US,M
2024,SE,FT,Data Scientist,260940,USD,260940,US,100,US,M
2024,SE,FT,Data Scientist,158130,USD,158130,US,100,US,M
2024,EN,FT,Data Analyst,80000,USD,80000,US,0,US,M
2024,EN,FT,Data Analyst,70000,USD,70000,US,0,US,M
2024,MI,PT,Data Scientist,122328,USD,122328,US,100,US,M
2024,MI,PT,Data Scientist,71958,USD,71958,US,100,US,M
2024,SE,FT,Data Analyst,204650,USD,204650,US,100,US,M
2024,SE,FT,Data Analyst,123990,USD,123990,US,100,US,M
2024,SE,FT,Research Scientist,299375,USD,299375,US,0,US,M
2024,SE,FT,Research Scientist,143625,USD,143625,US,0,US,M
2024,SE,FT,Machine Learning Engineer,75000,GBP,93750,GB,100,GB,M
2024,SE,FT,Machine Learning Engineer,55000,GBP,68750,GB,100,GB,M
2024,MI,FT,Analytics Engineer,170000,USD,170000,CA,100,CA,M
2024,MI,FT,Analytics Engineer,95000,USD,95000,CA,100,CA,M
2024,SE,FT,Machine Learning Engineer,309000,USD,309000,US,0,US,M
2024,SE,FT,Machine Learning Engineer,142000,USD,142000,US,0,US,M
2024,SE,FT,Machine Learning Engineer,184800,USD,184800,CA,100,CA,M
2024,SE,FT,Machine Learning Engineer,123200,USD,123200,CA,100,CA,M
2024,MI,FT,Data Scientist,95000,GBP,118750,DE,0,DE,M
2024,MI,FT,Data Scientist,75000,GBP,93750,DE,0,DE,M
2024,SE,FT,Data Engineer,105000,USD,105000,US,100,US,M
2024,SE,FT,Data Engineer,75000,USD,75000,US,100,US,M
2024,SE,FT,Machine Learning Scientist,235000,USD,235000,CA,0,CA,M
2024,SE,FT,Machine Learning Scientist,178000,USD,178000,CA,0,CA,M
2024,SE,FT,Data Architect,165000,USD,165000,US,0,US,M
2024,SE,FT,Data Architect,123000,USD,123000,US,0,US,M
2024,SE,FT,Data Infrastructure Engineer,190000,USD,190000,US,0,US,M
2024,SE,FT,Data Infrastructure Engineer,170000,USD,170000,US,0,US,M
2024,MI,FT,Machine Learning Engineer,247500,USD,247500,US,0,US,M
2024,MI,FT,Machine Learning Engineer,172200,USD,172200,US,0,US,M
2024,SE,FT,Business Intelligence,125000,USD,125000,US,100,US,M
2024,SE,FT,Business Intelligence,120000,USD,120000,US,100,US,M
2024,MI,FT,Data Analyst,152300,USD,152300,US,0,US,M
2024,MI,FT,Data Analyst,76200,USD,76200,US,0,US,M
2024,SE,FT,Data Scientist,269000,USD,269000,CA,0,CA,M
2024,SE,FT,Data Scientist,139000,USD,139000,CA,0,CA,M
2024,MI,FT,Data Engineer,214300,USD,214300,US,0,US,M
2024,MI,FT,Data Engineer,108500,USD,108500,US,0,US,M
2024,SE,FT,Machine Learning Engineer,195000,USD,195000,US,100,US,M
2024,SE,FT,Machine Learning Engineer,130000,USD,130000,US,100,US,M
2024,MI,FT,Data Engineer,115000,USD,115000,US,100,US,M
2024,MI,FT,Data Engineer,95000,USD,95000,US,100,US,M
2024,SE,FT,Data Analyst,150000,USD,150000,US,100,US,M
2024,SE,FT,Data Analyst,125000,USD,125000,US,100,US,M
2024,MI,FT,Data Operations Associate,120000,USD,120000,US,0,US,M
2024,MI,FT,Data Operations Associate,100000,USD,100000,US,0,US,M
2024,MI,FT,Data Engineer,170000,USD,170000,US,100,US,M
2024,MI,FT,Data Engineer,90000,USD,90000,US,100,US,M
2024,MI,FT,Business Intelligence,151250,USD,151250,US,0,US,M
2024,MI,FT,Business Intelligence,137500,USD,137500,US,0,US,M
2024,SE,FT,Data Analyst,119900,USD,119900,US,0,US,M
2024,SE,FT,Data Analyst,109000,USD,109000,US,0,US,M
2024,MI,FT,Data Scientist,200000,USD,200000,US,100,US,M
2024,MI,FT,Data Scientist,160000,USD,160000,US,100,US,M
2024,EN,FT,Data Analyst,135000,USD,135000,US,0,US,M
2024,EN,FT,Data Analyst,90000,USD,90000,US,0,US,M
2024,SE,FT,Data Scientist,260000,USD,260000,CA,0,CA,M
2024,SE,FT,Data Scientist,178000,USD,178000,CA,0,CA,M
2022,SE,FT,AI Architect,180000,USD,180000,HR,100,US,M
2024,SE,FT,Data Scientist,4000000,INR,48019,IN,100,IN,L
2024,MI,FT,Data Analyst,89500,USD,89500,US,100,US,M
2024,MI,FT,Data Analyst,65000,USD,65000,US,100,US,M
2024,SE,FT,Data Scientist,179000,USD,179000,US,0,US,M
2024,SE,FT,Data Scientist,112000,USD,112000,US,0,US,M
2024,SE,FT,Data Manager,96600,USD,96600,US,0,US,M
2024,SE,FT,Data Manager,55200,USD,55200,US,0,US,M
2024,SE,FT,Data Engineer,235700,USD,235700,US,0,US,M
2024,SE,FT,Data Engineer,124400,USD,124400,US,0,US,M
2024,SE,FT,Business Intelligence Analyst,109000,USD,109000,US,0,US,M
2024,SE,FT,Business Intelligence Analyst,62300,USD,62300,US,0,US,M
2024,MI,FT,Data Engineer,144200,USD,144200,US,0,US,M
2024,MI,FT,Data Engineer,72100,USD,72100,US,0,US,M
2024,SE,FT,Business Intelligence,135193,USD,135193,US,0,US,M
2024,SE,FT,Business Intelligence,90129,USD,90129,US,0,US,M
2024,MI,FT,Machine Learning Scientist,165000,USD,165000,US,0,US,M
2024,MI,FT,Machine Learning Scientist,103000,USD,103000,US,0,US,M
2024,SE,FT,Business Intelligence Lead,144300,USD,144300,US,100,US,M
2024,SE,FT,Business Intelligence Lead,104800,USD,104800,US,100,US,M
2024,MI,FT,Data Scientist,212000,USD,212000,US,0,US,M
2024,MI,FT,Data Scientist,93300,USD,93300,US,0,US,M
2024,EN,FT,Data Scientist,50000,USD,50000,US,0,US,M
2024,EN,FT,Data Scientist,40000,USD,40000,US,0,US,M
2024,MI,FT,Data Scientist,149925,USD,149925,US,0,US,M
2024,MI,FT,Data Scientist,91260,USD,91260,US,0,US,M
2024,MI,FT,Data Scientist,150000,USD,150000,US,0,US,M
2024,MI,FT,Data Scientist,140000,USD,140000,US,0,US,M
2024,SE,FT,Data Scientist,212000,USD,212000,US,0,US,M
2024,SE,FT,Data Scientist,93300,USD,93300,US,0,US,M
2024,SE,FT,Data Architect,271500,USD,271500,US,0,US,M
2024,SE,FT,Data Architect,136800,USD,136800,US,0,US,M
2024,SE,FT,Data Scientist,170000,USD,170000,US,0,US,M
2024,SE,FT,Data Scientist,160000,USD,160000,US,0,US,M
2024,EX,FT,Machine Learning Engineer,238500,USD,238500,US,0,US,M
2024,EX,FT,Machine Learning Engineer,183400,USD,183400,US,0,US,M
2024,SE,FT,Data Engineer,193200,USD,193200,US,0,US,M
2024,SE,FT,Data Engineer,154560,USD,154560,US,0,US,M
2024,SE,FT,Machine Learning Engineer,277200,USD,277200,US,0,US,M
2024,SE,FT,Machine Learning Engineer,151600,USD,151600,US,0,US,M
2024,SE,FT,Data Scientist,220800,USD,220800,US,100,US,M
2024,SE,FT,Data Scientist,124800,USD,124800,US,100,US,M
2024,MI,FT,Data Manager,208800,USD,208800,US,100,US,M
2024,MI,FT,Data Manager,177500,USD,177500,US,100,US,M
2024,SE,FT,Data Scientist,205000,USD,205000,US,0,US,M
2024,SE,FT,Data Scientist,139000,USD,139000,US,0,US,M
2024,SE,FT,Data Scientist,175000,USD,175000,US,0,US,M
2024,SE,FT,Data Scientist,157500,USD,157500,US,0,US,M
2024,SE,FT,Data Analyst,150000,USD,150000,US,100,US,M
2024,SE,FT,Data Analyst,135000,USD,135000,US,100,US,M
2024,EX,FT,Data Engineer,140000,USD,140000,US,0,US,M
2024,EX,FT,Data Engineer,120000,USD,120000,US,0,US,M
2024,MI,FT,Data Product Manager,135000,USD,135000,US,0,US,M
2024,MI,FT,Data Product Manager,115000,USD,115000,US,0,US,M
2024,SE,FT,Research Scientist,240000,USD,240000,US,0,US,M
2024,SE,FT,Research Scientist,133000,USD,133000,US,0,US,M
2024,SE,FT,Machine Learning Engineer,169200,USD,169200,US,0,US,M
2024,SE,FT,Machine Learning Engineer,130100,USD,130100,US,0,US,M
2024,EX,FT,Data Engineer,150000,USD,150000,US,0,US,M
2024,EX,FT,Data Engineer,120000,USD,120000,US,0,US,M
2024,MI,FT,Data Manager,100000,USD,100000,US,0,US,M
2024,MI,FT,Data Manager,90000,USD,90000,US,0,US,M
2024,SE,FT,Research Scientist,300000,USD,300000,CA,100,CA,M
2024,SE,FT,Research Scientist,190000,USD,190000,CA,100,CA,M
2024,SE,FT,Machine Learning Engineer,193000,USD,193000,CA,0,CA,M
2024,SE,FT,Machine Learning Engineer,154400,USD,154400,CA,0,CA,M
2024,SE,FT,Data Scientist,200000,USD,200000,US,0,US,M
2024,SE,FT,Data Scientist,180000,USD,180000,US,0,US,M
2024,SE,FT,Data Scientist,209000,USD,209000,US,100,US,M
2024,SE,FT,Data Scientist,145350,USD,145350,US,100,US,M
2024,SE,FT,Robotics Engineer,190000,USD,190000,US,0,US,M
2024,SE,FT,Robotics Engineer,152000,USD,152000,US,0,US,M
2024,MI,FT,Data Scientist,212800,USD,212800,US,0,US,L
2024,MI,FT,Data Scientist,111600,USD,111600,US,0,US,L
2024,SE,FT,Research Engineer,240000,USD,240000,US,0,US,M
2024,SE,FT,Research Engineer,133000,USD,133000,US,0,US,M
2024,MI,FT,Data Scientist,196400,USD,196400,US,0,US,M
2024,MI,FT,Data Scientist,174117,USD,174117,US,0,US,M
2024,MI,FT,Applied Scientist,222200,USD,222200,US,0,US,L
2024,MI,FT,Applied Scientist,136000,USD,136000,US,0,US,L
2024,SE,FT,Lead Data Scientist,95000,EUR,105555,DE,100,DE,L
2024,EN,FT,Data Analyst,110000,USD,110000,US,0,US,M
2024,EN,FT,Data Analyst,80000,USD,80000,US,0,US,M
2024,EX,FT,Machine Learning Engineer,408500,USD,408500,US,0,US,M
2024,EX,FT,Machine Learning Engineer,233500,USD,233500,US,0,US,M
2024,EN,FT,Business Intelligence Analyst,192300,USD,192300,US,0,US,M
2024,EN,FT,Business Intelligence Analyst,120200,USD,120200,US,0,US,M
2024,SE,FT,Data Engineer,238000,USD,238000,US,0,US,M
2024,SE,FT,Data Engineer,158000,USD,158000,US,0,US,M
2024,SE,FT,Machine Learning Engineer,254000,USD,254000,US,0,US,M
2024,SE,FT,Machine Learning Engineer,200000,USD,200000,US,0,US,M
2024,EN,FT,Research Scientist,253000,USD,253000,US,0,US,M
2024,EN,FT,Research Scientist,160000,USD,160000,US,0,US,M
2024,EN,FT,Machine Learning Engineer,108806,USD,108806,US,0,US,M
2024,EN,FT,Machine Learning Engineer,82909,USD,82909,US,0,US,M
2024,SE,FT,MLOps Engineer,200000,USD,200000,US,0,US,M
2024,SE,FT,MLOps Engineer,160000,USD,160000,US,0,US,M
2024,SE,FT,Data Engineer,185000,USD,185000,US,0,US,M
2024,SE,FT,Data Engineer,160000,USD,160000,US,0,US,M
2024,SE,FT,Data Analyst,198000,USD,198000,US,0,US,M
2024,SE,FT,Data Analyst,108000,USD,108000,US,0,US,M
2024,SE,FT,Data Scientist,245000,USD,245000,US,0,US,M
2024,SE,FT,Data Scientist,185000,USD,185000,US,0,US,M
2024,SE,FT,Applied Scientist,249700,USD,249700,US,100,US,M
2024,SE,FT,Applied Scientist,156300,USD,156300,US,100,US,M
2024,SE,FT,Machine Learning Engineer,254000,USD,254000,US,0,US,M
2024,SE,FT,Machine Learning Engineer,204000,USD,204000,US,0,US,M
2024,SE,FT,Research Engineer,203000,USD,203000,US,0,US,M
2024,SE,FT,Research Engineer,112000,USD,112000,US,0,US,M
2024,MI,FT,Data Scientist,155000,USD,155000,US,0,US,M
2024,MI,FT,Data Scientist,139000,USD,139000,US,0,US,M
2024,SE,FT,Data Scientist,237500,USD,237500,US,0,US,M
2024,SE,FT,Data Scientist,192000,USD,192000,US,0,US,M
2024,SE,FT,Data Engineer,300000,USD,300000,US,0,US,M
2024,SE,FT,Data Engineer,244000,USD,244000,US,0,US,M
2024,SE,FT,Data Quality Manager,162000,USD,162000,US,100,US,M
2024,SE,FT,Data Quality Manager,117000,USD,117000,US,100,US,M
2024,SE,FT,Data Scientist,285200,USD,285200,US,100,US,M
2024,SE,FT,Data Scientist,168600,USD,168600,US,100,US,M
2024,SE,FT,Machine Learning Engineer,221000,USD,221000,US,0,US,M
2024,SE,FT,Machine Learning Engineer,185000,USD,185000,US,0,US,M
2024,SE,FT,Machine Learning Engineer,184800,USD,184800,CA,100,CA,M
2024,SE,FT,Machine Learning Engineer,123200,USD,123200,CA,100,CA,M
2024,SE,FT,Data Engineer,221000,USD,221000,US,0,US,M
2024,SE,FT,Data Engineer,185000,USD,185000,US,0,US,M
2024,MI,FT,Data Scientist,135000,USD,135000,US,0,US,M
2024,MI,FT,Data Scientist,110000,USD,110000,US,0,US,M
2024,SE,FT,Data Engineer,222200,USD,222200,US,0,US,M
2024,SE,FT,Data Engineer,150900,USD,150900,US,0,US,M
2024,SE,FT,Data Scientist,245000,USD,245000,US,0,US,M
2024,SE,FT,Data Scientist,185000,USD,185000,US,0,US,M
2024,SE,FT,Data Scientist,202800,USD,202800,US,0,US,M
2024,SE,FT,Data Scientist,115000,USD,115000,US,0,US,M
2024,SE,FT,Machine Learning Engineer,254000,USD,254000,US,0,US,M
2024,SE,FT,Machine Learning Engineer,204000,USD,204000,US,0,US,M
2024,SE,FT,Data Scientist,155000,USD,155000,US,0,US,M
2024,SE,FT,Data Scientist,139500,USD,139500,US,0,US,M
2024,EN,FT,Data Analyst,71250,USD,71250,US,100,US,M
2024,EN,FT,Data Analyst,57000,USD,57000,US,100,US,M
2024,SE,FT,Data Engineer,200000,USD,200000,US,0,US,M
2024,SE,FT,Data Engineer,180000,USD,180000,US,0,US,M
2024,SE,FT,Machine Learning Engineer,159550,USD,159550,US,0,US,M
2024,SE,FT,Machine Learning Engineer,113000,USD,113000,US,0,US,M
2024,SE,FT,Data Scientist,225000,USD,225000,US,0,US,M
2024,SE,FT,Data Scientist,175000,USD,175000,US,0,US,M
2024,MI,FT,Data Engineer,130000,USD,130000,US,100,US,M
2024,MI,FT,Data Engineer,100000,USD,100000,US,100,US,M
2024,SE,FT,Data Scientist,170000,USD,170000,US,100,US,M
2024,SE,FT,Data Scientist,150000,USD,150000,US,100,US,M
2022,SE,FT,BI Analyst,133333,BRL,25804,BR,100,BR,M
2024,SE,FT,Applied Research Scientist,60000,EUR,66666,DE,0,DE,S
2024,SE,FT,Data Scientist,226500,USD,226500,US,100,US,M
2024,SE,FT,Data Scientist,110900,USD,110900,US,100,US,M
2024,SE,FT,Business Intelligence,115254,USD,115254,US,100,US,M
2024,SE,FT,Business Intelligence,85393,USD,85393,US,100,US,M
2024,EN,FT,Business Intelligence Analyst,95166,USD,95166,US,0,US,M
2024,EN,FT,Business Intelligence Analyst,63444,USD,63444,US,0,US,M
2024,MI,FT,Machine Learning Engineer,250900,USD,250900,US,0,US,M
2024,MI,FT,Machine Learning Engineer,135200,USD,135200,US,0,US,M
2024,SE,FT,Prompt Engineer,217508,USD,217508,US,0,US,M
2024,SE,FT,Prompt Engineer,177961,USD,177961,US,0,US,M
2024,MI,FT,Data Scientist,80000,GBP,100000,GB,0,GB,M
2024,MI,FT,Data Scientist,80000,GBP,100000,GB,0,GB,M
2024,MI,FT,Machine Learning Engineer,140000,USD,140000,US,0,US,M
2024,MI,FT,Machine Learning Engineer,110000,USD,110000,US,0,US,M
2024,MI,FT,Data Engineer,140000,USD,140000,CA,0,CA,M
2024,MI,FT,Data Engineer,65000,USD,65000,CA,0,CA,M
2024,SE,FT,Research Scientist,206800,USD,206800,CA,0,CA,M
2024,SE,FT,Research Scientist,119900,USD,119900,CA,0,CA,M
2024,SE,FT,Data Scientist,185000,USD,185000,US,0,US,M
2024,SE,FT,Data Scientist,100200,USD,100200,US,0,US,M
2024,SE,FT,Data Engineer,200000,USD,200000,US,0,US,M
2024,SE,FT,Data Engineer,100200,USD,100200,US,0,US,M
2024,SE,FT,Business Intelligence,246000,USD,246000,US,0,US,M
2024,SE,FT,Business Intelligence,132600,USD,132600,US,0,US,M
2024,SE,FT,Data Scientist,238400,USD,238400,US,0,US,M
2024,SE,FT,Data Scientist,140300,USD,140300,US,0,US,M
2024,MI,FT,Business Intelligence Engineer,89500,USD,89500,US,100,US,M
2024,MI,FT,Business Intelligence Engineer,65000,USD,65000,US,100,US,M
2024,MI,FT,Data Scientist,180000,USD,180000,US,0,US,M
2024,MI,FT,Data Scientist,130000,USD,130000,US,0,US,M
2024,SE,FT,Machine Learning Scientist,220000,USD,220000,US,0,US,M
2024,SE,FT,Machine Learning Scientist,137500,USD,137500,US,0,US,M
2024,SE,FT,Data Scientist,215000,USD,215000,US,0,US,M
2024,SE,FT,Data Scientist,100200,USD,100200,US,0,US,M
2024,SE,FT,Data Scientist,150000,USD,150000,US,0,US,M
2024,SE,FT,Data Scientist,85000,USD,85000,US,0,US,M
2024,MI,FT,Data Engineer,120000,CHF,136363,CH,50,CH,L
2024,SE,PT,Data Architect,212000,USD,212000,US,0,US,M
2024,SE,PT,Data Architect,93300,USD,93300,US,0,US,M
2024,MI,FT,Data Product Owner,321830,USD,321830,US,0,US,M
2024,MI,FT,Data Product Owner,124690,USD,124690,US,0,US,M
2024,SE,FT,MLOps Engineer,210000,USD,210000,US,0,US,M
2024,SE,FT,MLOps Engineer,117800,USD,117800,US,0,US,M
2024,SE,FT,Data Specialist,224800,USD,224800,US,0,US,M
2024,SE,FT,Data Specialist,127000,USD,127000,US,0,US,M
2024,SE,FT,Data Engineer,182600,USD,182600,US,0,US,M
2024,SE,FT,Data Engineer,105800,USD,105800,US,0,US,M
2024,SE,FT,Data Manager,122116,USD,122116,CA,0,CA,M
2024,SE,FT,Data Manager,97693,USD,97693,CA,0,CA,M
2024,MI,FT,Analytics Engineer,174000,USD,174000,US,0,US,M
2024,MI,FT,Analytics Engineer,97300,USD,97300,US,0,US,M
2024,SE,FT,Data Analyst,96600,USD,96600,US,0,US,M
2024,SE,FT,Data Analyst,55200,USD,55200,US,0,US,M
2024,SE,FT,Data Architect,186000,USD,186000,US,0,US,M
2024,SE,FT,Data Architect,81800,USD,81800,US,0,US,M
2024,SE,FT,Machine Learning Scientist,220000,USD,220000,US,0,US,M
2024,SE,FT,Machine Learning Scientist,137500,USD,137500,US,0,US,M
2024,MI,FT,Business Intelligence Engineer,89500,USD,89500,US,100,US,M
2024,MI,FT,Business Intelligence Engineer,65000,USD,65000,US,100,US,M
2024,EN,FT,Data Analyst,140000,USD,140000,US,0,US,M
2024,EN,FT,Data Analyst,112000,USD,112000,US,0,US,M
2024,SE,FT,Data Engineer,217508,USD,217508,US,0,US,M
2024,SE,FT,Data Engineer,177961,USD,177961,US,0,US,M
2024,MI,FT,Data Scientist,115000,USD,115000,US,0,US,M
2024,MI,FT,Data Scientist,90950,USD,90950,US,0,US,M
2024,SE,FT,Data Scientist,198000,USD,198000,US,0,US,M
2024,SE,FT,Data Scientist,144000,USD,144000,US,0,US,M
2024,SE,FT,Data Analyst,132974,USD,132974,US,0,US,M
2024,SE,FT,Data Analyst,88670,USD,88670,US,0,US,M
2024,SE,FT,Business Intelligence Analyst,112000,GBP,140000,GB,0,GB,M
2024,SE,FT,Business Intelligence Analyst,74000,GBP,92500,GB,0,GB,M
2024,SE,FT,Data Scientist,286000,USD,286000,US,0,US,M
2024,SE,FT,Data Scientist,143000,USD,143000,US,0,US,M
2024,MI,FT,Data Analyst,80000,USD,80000,US,0,US,M
2024,MI,FT,Data Analyst,70000,USD,70000,US,0,US,M
2024,SE,FT,Data Scientist,200000,USD,200000,US,0,US,M
2024,SE,FT,Data Scientist,170000,USD,170000,US,0,US,M
2024,SE,FT,Data Analyst,192500,USD,192500,US,100,US,M
2024,SE,FT,Data Analyst,122500,USD,122500,US,100,US,M
2024,SE,FT,Business Intelligence Analyst,198200,USD,198200,US,0,US,M
2024,SE,FT,Business Intelligence Analyst,113100,USD,113100,US,0,US,M
2024,SE,FT,Data Architect,135127,USD,135127,US,100,US,M
2024,SE,FT,Data Architect,119250,USD,119250,US,100,US,M
2024,MI,FT,Data Analytics Manager,160000,USD,160000,US,100,US,M
2024,MI,FT,Data Analytics Manager,130000,USD,130000,US,100,US,M
2024,MI,FT,Encounter Data Management Professional,65600,USD,65600,US,0,US,M
2024,MI,FT,Encounter Data Management Professional,47700,USD,47700,US,0,US,M
2024,SE,FT,Machine Learning Engineer,229900,USD,229900,US,0,US,M
2024,SE,FT,Machine Learning Engineer,201400,USD,201400,US,0,US,M
2024,SE,FT,Data Scientist,185400,USD,185400,US,0,US,M
2024,SE,FT,Data Scientist,92700,USD,92700,US,0,US,M
2024,SE,FT,Research Scientist,211900,USD,211900,US,0,US,M
2024,SE,FT,Research Scientist,113700,USD,113700,US,0,US,M
2024,MI,FT,Data Scientist,170000,USD,170000,US,100,US,M
2024,MI,FT,Data Scientist,90000,USD,90000,US,100,US,M
2024,MI,FT,Data Engineer,198000,USD,198000,US,100,US,M
2024,MI,FT,Data Engineer,132000,USD,132000,US,100,US,M
2024,SE,FT,Research Engineer,235680,USD,235680,US,0,US,M
2024,SE,FT,Research Engineer,153040,USD,153040,US,0,US,M
2024,EX,FT,AI Engineer,240000,USD,240000,US,0,US,M
2024,EX,FT,AI Engineer,150000,USD,150000,US,0,US,M
2024,EX,FT,Business Intelligence Analyst,180000,USD,180000,US,0,US,M
2024,EX,FT,Business Intelligence Analyst,130000,USD,130000,US,0,US,M
2024,EX,FT,Data Engineer,312287,USD,312287,US,0,US,M
2024,EX,FT,Data Engineer,208122,USD,208122,US,0,US,M
2024,SE,FT,Machine Learning Engineer,157476,USD,157476,US,100,US,M
2024,SE,FT,Machine Learning Engineer,104981,USD,104981,US,100,US,M
2024,SE,FT,Data Engineer,180000,USD,180000,US,100,US,M
2024,SE,FT,Data Engineer,110000,USD,110000,US,100,US,M
2024,MI,FT,Data Modeler,185800,USD,185800,US,0,US,M
2024,MI,FT,Data Modeler,93400,USD,93400,US,0,US,M
2024,SE,FT,Machine Learning Scientist,175000,USD,175000,US,0,US,M
2024,SE,FT,Machine Learning Scientist,145000,USD,145000,US,0,US,M
2024,MI,FT,Machine Learning Engineer,223600,USD,223600,US,0,US,L
2024,MI,FT,Machine Learning Engineer,115000,USD,115000,US,0,US,L
2024,EN,FT,Research Analyst,80000,USD,80000,US,0,US,M
2024,EN,FT,Research Analyst,50000,USD,50000,US,0,US,M
2024,MI,FT,Machine Learning Engineer,230000,USD,230000,US,100,US,M
2024,MI,FT,Machine Learning Engineer,150000,USD,150000,US,100,US,M
2024,MI,FT,Data Engineer,118300,USD,118300,CA,0,CA,M
2024,MI,FT,Data Engineer,94600,USD,94600,CA,0,CA,M
2024,SE,FT,Data Engineer,135000,USD,135000,US,100,US,M
2024,SE,FT,Data Engineer,110000,USD,110000,US,100,US,M
2024,SE,FT,Machine Learning Scientist,196350,USD,196350,US,100,US,M
2024,SE,FT,Machine Learning Scientist,127500,USD,127500,US,100,US,M
2024,MI,FT,Data Scientist,116259,USD,116259,AU,0,AU,M
2024,MI,FT,Data Scientist,88995,USD,88995,AU,0,AU,M
2024,EN,FT,Data Scientist,46080,USD,46080,US,0,US,M
2024,EN,FT,Data Scientist,37120,USD,37120,US,0,US,M
2024,MI,FT,Business Intelligence Analyst,150000,USD,150000,US,0,US,M
2024,MI,FT,Business Intelligence Analyst,100000,USD,100000,US,0,US,M
2024,MI,FT,Data Scientist,135000,USD,135000,US,0,US,M
2024,MI,FT,Data Scientist,110000,USD,110000,US,0,US,M
2024,SE,FT,Data Architect,231600,USD,231600,US,100,US,M
2024,SE,FT,Data Architect,154400,USD,154400,US,100,US,M
2024,SE,FT,Data Engineer,190000,USD,190000,US,0,US,M
2024,SE,FT,Data Engineer,167000,USD,167000,US,0,US,M
2024,SE,FT,Business Intelligence Engineer,147600,USD,147600,US,0,US,M
2024,SE,FT,Business Intelligence Engineer,106300,USD,106300,US,0,US,M
2024,SE,FT,Analytics Engineer,145000,USD,145000,US,100,US,M
2024,SE,FT,Analytics Engineer,130000,USD,130000,US,100,US,M
2024,SE,FT,Data Analyst,65000,GBP,81250,GB,0,GB,M
2024,SE,FT,Data Analyst,60000,GBP,75000,GB,0,GB,M
2024,MI,FT,Data Analyst,70000,USD,70000,US,0,US,M
2024,MI,FT,Data Analyst,60000,USD,60000,US,0,US,M
2024,SE,FT,Data Engineer,210000,USD,210000,US,100,US,M
2024,SE,FT,Data Engineer,190000,USD,190000,US,100,US,M
2024,SE,FT,Data Scientist,122000,USD,122000,US,0,US,M
2024,SE,FT,Data Scientist,94000,USD,94000,US,0,US,M
2024,EN,FT,Data Analyst,83300,USD,83300,US,0,US,M
2024,EN,FT,Data Analyst,47500,USD,47500,US,0,US,M
2024,SE,FT,Data Scientist,190000,USD,190000,US,100,US,M
2024,SE,FT,Data Scientist,155000,USD,155000,US,100,US,M
2024,SE,FT,Data Engineer,160000,USD,160000,US,0,US,M
2024,SE,FT,Data Engineer,94000,USD,94000,US,0,US,M
2024,SE,FT,Data Engineer,122000,USD,122000,US,0,US,M
2024,SE,FT,Data Engineer,94500,USD,94500,US,0,US,M
2024,MI,FT,Data Manager,150000,USD,150000,CA,0,CA,M
2024,MI,FT,Data Manager,110000,USD,110000,CA,0,CA,M
2024,EN,FT,Machine Learning Engineer,157900,USD,157900,CA,100,CA,M
2024,EN,FT,Machine Learning Engineer,105300,USD,105300,CA,100,CA,M
2024,MI,FT,Business Intelligence Analyst,58000,USD,58000,US,0,US,M
2024,MI,FT,Business Intelligence Analyst,48000,USD,48000,US,0,US,M
2024,MI,FT,Data Engineer,97000,USD,97000,US,0,US,M
2024,MI,FT,Data Engineer,62000,USD,62000,US,0,US,M
2024,MI,FT,Data Scientist,194200,USD,194200,US,0,US,M
2024,MI,FT,Data Scientist,110400,USD,110400,US,0,US,M
2024,SE,FT,Data Analyst,96600,USD,96600,US,0,US,M
2024,SE,FT,Data Analyst,55200,USD,55200,US,0,US,M
2024,MI,FT,Machine Learning Engineer,174000,USD,174000,US,100,US,M
2024,MI,FT,Machine Learning Engineer,147900,USD,147900,US,100,US,M
2024,MI,FT,Applied Scientist,250000,USD,250000,US,0,US,M
2024,MI,FT,Applied Scientist,170000,USD,170000,US,0,US,M
2024,SE,FT,BI Analyst,130000,USD,130000,US,0,US,M
2024,SE,FT,BI Analyst,110000,USD,110000,US,0,US,M
2024,SE,FT,Data Scientist,112000,USD,112000,US,0,US,M
2024,SE,FT,Data Scientist,109000,USD,109000,US,0,US,M
2024,SE,FT,Data Architect,175000,USD,175000,US,0,US,M
2024,SE,FT,Data Architect,150000,USD,150000,US,0,US,M
2024,SE,FT,Data Architect,150000,USD,150000,US,100,US,M
2024,SE,FT,Data Architect,120000,USD,120000,US,100,US,M
2024,SE,FT,Data Engineer,145000,USD,145000,US,0,US,M
2024,SE,FT,Data Engineer,104000,USD,104000,US,0,US,M
2024,EN,FT,Data Analyst,40000,USD,40000,BR,0,BR,M
2024,EN,FT,Data Analyst,30000,USD,30000,BR,0,BR,M
2024,SE,FT,Business Intelligence Engineer,202800,USD,202800,US,100,US,M
2024,SE,FT,Business Intelligence Engineer,115000,USD,115000,US,100,US,M
2024,MI,FT,Applied Scientist,250000,USD,250000,US,0,US,M
2024,MI,FT,Applied Scientist,170000,USD,170000,US,0,US,M
2024,SE,FT,Machine Learning Engineer,550000,USD,550000,US,0,US,M
2024,SE,FT,Machine Learning Engineer,310000,USD,310000,US,0,US,M
2024,SE,FT,Data Integration Engineer,148000,USD,148000,US,0,US,M
2024,SE,FT,Data Integration Engineer,100000,USD,100000,US,0,US,M
2024,SE,FT,Machine Learning Engineer,550000,USD,550000,US,0,US,M
2024,SE,FT,Machine Learning Engineer,310000,USD,310000,US,0,US,M
2024,MI,FT,Data Analyst,135000,USD,135000,US,0,US,M
2024,MI,FT,Data Analyst,120000,USD,120000,US,0,US,M
2024,SE,FT,Data Engineer,198433,USD,198433,US,100,US,M
2024,SE,FT,Data Engineer,119060,USD,119060,US,100,US,M
2024,SE,FT,Machine Learning Engineer,235000,USD,235000,US,100,US,M
2024,SE,FT,Machine Learning Engineer,175000,USD,175000,US,100,US,M
2024,SE,FT,Research Engineer,196720,USD,196720,US,0,US,M
2024,SE,FT,Research Engineer,113210,USD,113210,US,0,US,M
2024,SE,FT,Business Intelligence Engineer,204500,USD,204500,US,0,US,M
2024,SE,FT,Business Intelligence Engineer,139000,USD,139000,US,0,US,M
2024,SE,FT,Machine Learning Engineer,270000,USD,270000,US,0,US,M
2024,SE,FT,Machine Learning Engineer,153000,USD,153000,US,0,US,M
2024,MI,FT,Data Integration Specialist,75000,GBP,93750,GB,100,GB,M
2024,MI,FT,Data Integration Specialist,55000,GBP,68750,GB,100,GB,M
2024,EN,FT,Data Analyst,93500,USD,93500,US,0,US,M
2024,EN,FT,Data Analyst,53300,USD,53300,US,0,US,M
2024,SE,FT,Machine Learning Engineer,179000,USD,179000,US,0,US,M
2024,SE,FT,Machine Learning Engineer,112000,USD,112000,US,0,US,M
2024,SE,FT,Data Analyst,197100,USD,197100,US,100,US,M
2024,SE,FT,Data Analyst,131414,USD,131414,US,100,US,M
2024,EN,FT,Data Analyst,36500,GBP,45625,GB,0,GB,M
2024,EN,FT,Data Analyst,34000,GBP,42500,GB,0,GB,M
2024,SE,FT,Data Scientist,197000,USD,197000,US,0,US,M
2024,SE,FT,Data Scientist,106000,USD,106000,US,0,US,M
2024,EN,FT,MLOps Engineer,160000,USD,160000,US,0,US,M
2024,EN,FT,MLOps Engineer,140000,USD,140000,US,0,US,M
2024,SE,FT,Data Scientist,220000,USD,220000,US,0,US,M
2024,SE,FT,Data Scientist,170000,USD,170000,US,0,US,M
2024,SE,FT,Data Analyst,140000,USD,140000,US,0,US,M
2024,SE,FT,Data Analyst,100000,USD,100000,US,0,US,M
2024,EX,FT,Machine Learning Engineer,259850,USD,259850,US,0,US,M
2024,EX,FT,Machine Learning Engineer,179200,USD,179200,US,0,US,M
2024,SE,FT,Data Analyst,130000,USD,130000,US,100,US,M
2024,SE,FT,Data Analyst,120000,USD,120000,US,100,US,M
2024,SE,FT,Machine Learning Engineer,283780,USD,283780,US,0,US,M
2024,SE,FT,Machine Learning Engineer,233840,USD,233840,US,0,US,M
2024,SE,FT,Machine Learning Infrastructure Engineer,300000,USD,300000,US,0,US,M
2024,SE,FT,Machine Learning Infrastructure Engineer,180000,USD,180000,US,0,US,M
2024,SE,FT,Applied Scientist,260000,USD,260000,US,0,US,L
2024,SE,FT,Applied Scientist,136000,USD,136000,US,0,US,L
2024,SE,FT,Applied Scientist,260000,USD,260000,US,0,US,L
2024,SE,FT,Applied Scientist,136000,USD,136000,US,0,US,L
2024,SE,FT,Research Scientist,247600,USD,247600,US,0,US,L
2024,SE,FT,Research Scientist,127300,USD,127300,US,0,US,L
2024,SE,FT,Data Scientist,185000,USD,185000,US,0,US,M
2024,SE,FT,Data Scientist,175000,USD,175000,US,0,US,M
2024,MI,FT,Data Scientist,110000,USD,110000,US,100,US,M
2024,MI,FT,Data Scientist,90000,USD,90000,US,100,US,M
2024,SE,FT,Machine Learning Engineer,215000,USD,215000,US,0,US,M
2024,SE,FT,Machine Learning Engineer,160000,USD,160000,US,0,US,M
2024,SE,FT,Analytics Engineer,190000,USD,190000,US,100,US,M
2024,SE,FT,Analytics Engineer,137871,USD,137871,US,100,US,M
2024,MI,FT,Data Engineer,142500,USD,142500,US,0,US,M
2024,MI,FT,Data Engineer,120000,USD,120000,US,0,US,M
2024,SE,FT,Machine Learning Engineer,324000,USD,324000,US,0,US,M
2024,SE,FT,Machine Learning Engineer,159000,USD,159000,US,0,US,M
2024,MI,FT,Data Scientist,247600,USD,247600,US,0,US,L
2024,MI,FT,Data Scientist,127300,USD,127300,US,0,US,L
2024,MI,FT,Data Developer,100000,USD,100000,US,100,US,M
2024,MI,FT,Data Developer,85000,USD,85000,US,100,US,M
2024,MI,FT,Data Scientist,250000,USD,250000,US,0,US,M
2024,MI,FT,Data Scientist,190000,USD,190000,US,0,US,M
2024,SE,FT,Business Intelligence,190000,USD,190000,US,100,US,M
2024,SE,FT,Business Intelligence,139600,USD,139600,US,100,US,M
2024,MI,FT,Business Intelligence Analyst,135000,USD,135000,US,0,US,M
2024,MI,FT,Business Intelligence Analyst,125000,USD,125000,US,0,US,M
2024,MI,FT,AI Engineer,210000,USD,210000,GB,0,GB,M
2024,MI,FT,AI Engineer,50000,USD,50000,GB,0,GB,M
2024,SE,FT,Machine Learning Engineer,309000,USD,309000,US,0,US,M
2024,SE,FT,Machine Learning Engineer,142000,USD,142000,US,0,US,M
2024,SE,PT,CRM Data Analyst,40000,USD,40000,AE,100,AE,L
2024,SE,FT,Data Scientist,284500,CHF,323295,CH,50,CH,L
2024,SE,FT,Data Scientist,206000,USD,206000,US,0,US,M
2024,SE,FT,Data Scientist,106605,USD,106605,US,0,US,M
2024,EX,FT,Data Scientist,288400,USD,288400,US,0,US,M
2024,EX,FT,Data Scientist,144200,USD,144200,US,0,US,M
2024,MI,FT,Data Scientist,220000,USD,220000,US,0,US,M
2024,MI,FT,Data Scientist,137500,USD,137500,US,0,US,M
2024,SE,FT,Research Scientist,337300,USD,337300,US,0,US,M
2024,SE,FT,Research Scientist,192700,USD,192700,US,0,US,M
2024,SE,FT,Data Engineer,215000,USD,215000,US,0,US,M
2024,SE,FT,Data Engineer,190000,USD,190000,US,0,US,M
2024,MI,FT,Data Integration Engineer,100000,USD,100000,US,0,US,M
2024,MI,FT,Data Integration Engineer,70000,USD,70000,US,0,US,M
2024,MI,FT,ETL Developer,120000,USD,120000,US,0,US,M
2024,MI,FT,ETL Developer,72000,USD,72000,US,0,US,M
2024,MI,FT,Data Engineer,118400,USD,118400,US,0,US,M
2024,MI,FT,Data Engineer,100700,USD,100700,US,0,US,M
2024,MI,FT,Data Scientist,200300,USD,200300,US,0,US,M
2024,MI,FT,Data Scientist,151500,USD,151500,US,0,US,M
2024,SE,FT,Business Intelligence Analyst,55000,GBP,68750,GB,0,GB,M
2024,SE,FT,Business Intelligence Analyst,40000,GBP,50000,GB,0,GB,M
2024,MI,FT,Applied Scientist,222200,USD,222200,US,0,US,L
2024,MI,FT,Applied Scientist,136000,USD,136000,US,0,US,L
2024,SE,FT,Data Engineer,125000,USD,125000,US,0,US,M
2024,SE,FT,Data Engineer,106500,USD,106500,US,0,US,M
2024,SE,FT,Data Scientist,136000,USD,136000,US,0,US,M
2024,SE,FT,Data Scientist,97000,USD,97000,US,0,US,M
2024,EN,FT,Data Analyst,100000,USD,100000,US,100,US,M
2024,EN,FT,Data Analyst,80000,USD,80000,US,100,US,M
2024,SE,FT,Data Engineer,221630,USD,221630,US,0,US,M
2024,SE,FT,Data Engineer,199467,USD,199467,US,0,US,M
2024,SE,FT,Machine Learning Engineer,176000,USD,176000,US,0,US,M
2024,SE,FT,Machine Learning Engineer,140000,USD,140000,US,0,US,M
2024,MI,FT,Data Scientist,172200,USD,172200,US,0,US,M
2024,MI,FT,Data Scientist,131200,USD,131200,US,0,US,M
2024,SE,FT,Business Intelligence Manager,85000,GBP,106250,GB,0,GB,M
2024,SE,FT,Business Intelligence Manager,66000,GBP,82500,GB,0,GB,M
2024,SE,FT,Data Architect,252000,USD,252000,US,100,US,M
2024,SE,FT,Data Architect,210000,USD,210000,US,100,US,M
2024,SE,FT,Data Engineer,140000,USD,140000,US,100,US,M
2024,SE,FT,Data Engineer,90000,USD,90000,US,100,US,M
2024,MI,FT,Data Manager,128000,USD,128000,US,0,US,M
2024,MI,FT,Data Manager,81500,USD,81500,US,0,US,M
2024,EN,FT,Business Intelligence Analyst,95000,USD,95000,US,0,US,M
2024,EN,FT,Business Intelligence Analyst,80000,USD,80000,US,0,US,M
2024,SE,FT,Data Engineer,195000,USD,195000,US,100,US,M
2024,SE,FT,Data Engineer,147500,USD,147500,US,100,US,M
2024,SE,FT,Data Scientist,210000,USD,210000,US,100,US,M
2024,EX,FT,Business Intelligence,320000,USD,320000,US,0,US,M
2024,EX,FT,Business Intelligence,200000,USD,200000,US,0,US,M
2024,MI,FT,Machine Learning Engineer,150000,USD,150000,US,0,US,M
2024,MI,FT,Machine Learning Engineer,120000,USD,120000,US,0,US,M
2024,EN,FT,Data Analyst,70000,USD,70000,US,0,US,M
2024,EN,FT,Data Analyst,65000,USD,65000,US,0,US,M
2024,SE,FT,Data Analyst,192500,USD,192500,US,100,US,M
2024,SE,FT,Data Analyst,122500,USD,122500,US,100,US,M
2024,MI,FT,Data Scientist,174500,USD,174500,US,100,US,M
2024,MI,FT,Data Scientist,142500,USD,142500,US,100,US,M
2024,SE,FT,Data Engineer,265200,USD,265200,US,0,US,M
2024,SE,FT,Data Engineer,138000,USD,138000,US,0,US,M
2024,EN,FT,Data Analyst,82000,USD,82000,US,100,US,M
2024,EN,FT,Data Analyst,64000,USD,64000,US,100,US,M
2024,MI,FT,ETL Developer,160000,USD,160000,US,0,US,M
2024,MI,FT,ETL Developer,140000,USD,140000,US,0,US,M
2024,MI,FT,Data Analytics Manager,178250,USD,178250,US,100,US,M
2024,MI,FT,Data Analytics Manager,105500,USD,105500,US,100,US,M
2024,MI,FT,Data Scientist,147400,USD,147400,US,0,US,M
2024,MI,FT,Data Scientist,135097,USD,135097,US,0,US,M
2024,SE,FT,Data Engineer,212000,USD,212000,US,0,US,M
2024,SE,FT,Data Engineer,93300,USD,93300,US,0,US,M
2024,MI,FT,Data Specialist,93150,USD,93150,US,0,US,M
2024,MI,FT,Data Specialist,68850,USD,68850,US,0,US,M
2024,MI,FT,Data Scientist,166000,USD,166000,US,0,US,M
2024,MI,FT,Data Scientist,73100,USD,73100,US,0,US,M
2024,MI,FT,Data Engineer,70000,GBP,87500,GB,0,GB,M
2024,MI,FT,Data Engineer,55000,GBP,68750,GB,0,GB,M
2024,SE,FT,Data Engineer,55000,GBP,68750,GB,0,GB,M
2024,SE,FT,Data Engineer,40000,GBP,50000,GB,0,GB,M
2024,EN,FT,Data Analyst,88800,USD,88800,US,0,US,M
2024,EN,FT,Data Analyst,64600,USD,64600,US,0,US,M
2024,MI,FT,Data Scientist,86218,USD,86218,CA,0,CA,M
2024,MI,FT,Data Scientist,68975,USD,68975,CA,0,CA,M
2024,SE,FT,AI Architect,285000,USD,285000,US,0,US,M
2024,SE,FT,AI Architect,153400,USD,153400,US,0,US,M
2024,SE,FT,Data Scientist,101763,USD,101763,CA,0,CA,M
2024,SE,FT,Data Scientist,81410,USD,81410,CA,0,CA,M
2024,MI,FT,Data Analyst,166000,USD,166000,US,0,US,M
2024,MI,FT,Data Analyst,73100,USD,73100,US,0,US,M
2024,SE,FT,AI Engineer,170000,USD,170000,US,100,US,M
2024,SE,FT,AI Engineer,85000,USD,85000,US,100,US,M
2024,SE,FT,Data Architect,400000,USD,400000,US,100,US,M
2024,SE,FT,Data Architect,160100,USD,160100,US,100,US,M
2024,EX,FT,Data Engineer,258500,USD,258500,US,0,US,M
2024,EX,FT,Data Engineer,191857,USD,191857,US,0,US,M
2024,SE,FT,AI Engineer,212000,USD,212000,US,0,US,M
2024,SE,FT,AI Engineer,93300,USD,93300,US,0,US,M
2024,MI,FT,Data Scientist,160000,USD,160000,US,0,US,M
2024,MI,FT,Data Scientist,110000,USD,110000,US,0,US,M
2024,MI,FT,Data Integration Specialist,240000,USD,240000,US,100,US,M
2024,MI,FT,Data Integration Specialist,100000,USD,100000,US,100,US,M
2024,MI,FT,Data Scientist,180000,USD,180000,US,0,US,M
2024,MI,FT,Data Scientist,130000,USD,130000,US,0,US,M
2024,MI,FT,Data Scientist,145000,USD,145000,US,0,US,M
2024,MI,FT,Data Scientist,116000,USD,116000,US,0,US,M
2024,MI,FT,Data Scientist,176000,USD,176000,US,100,US,M
2024,MI,FT,Data Scientist,117000,USD,117000,US,100,US,M
2024,SE,FT,Robotics Engineer,181000,USD,181000,US,0,US,M
2024,SE,FT,Robotics Engineer,82000,USD,82000,US,0,US,M
2024,EN,FT,Research Analyst,127305,USD,127305,CA,0,CA,M
2024,EN,FT,Research Analyst,99548,USD,99548,CA,0,CA,M
2024,EN,FT,Data Analyst,153000,USD,153000,US,100,US,M
2024,EN,FT,Data Analyst,96000,USD,96000,US,100,US,M
2024,EX,FT,Data Engineer,219650,USD,219650,US,100,US,M
2024,EX,FT,Data Engineer,136000,USD,136000,US,100,US,M
2024,EN,FT,Data Analyst,153000,USD,153000,US,100,US,M
2024,EN,FT,Data Analyst,96000,USD,96000,US,100,US,M
2024,SE,FT,Applied Scientist,230000,USD,230000,US,0,US,M
2024,SE,FT,Applied Scientist,196000,USD,196000,US,0,US,M
2024,MI,FT,Data Engineer,80000,USD,80000,US,100,US,M
2024,MI,FT,Data Engineer,67000,USD,67000,US,100,US,M
2024,MI,FT,Data Engineer,100000,USD,100000,US,100,US,M
2024,MI,FT,Data Engineer,85000,USD,85000,US,100,US,M
2024,SE,FT,Data Engineer,135000,USD,135000,US,0,US,M
2024,SE,FT,Data Engineer,115000,USD,115000,US,0,US,M
2024,MI,FT,BI Developer,106100,USD,106100,US,0,US,M
2024,MI,FT,BI Developer,74300,USD,74300,US,0,US,M
2024,MI,FT,Data Engineer,143000,USD,143000,US,0,US,M
2024,MI,FT,Data Engineer,102000,USD,102000,US,0,US,M
2024,SE,FT,Data Scientist,214500,USD,214500,US,0,US,M
2024,SE,FT,Data Scientist,157500,USD,157500,US,0,US,M
2024,SE,FT,Data Engineer,194500,USD,194500,US,0,US,M
2024,SE,FT,Data Engineer,146266,USD,146266,US,0,US,M
2024,EN,FT,Business Intelligence Analyst,125000,USD,125000,US,0,US,M
2024,EN,FT,Business Intelligence Analyst,89000,USD,89000,US,0,US,M
2024,MI,FT,Machine Learning Engineer,223100,USD,223100,US,0,US,M
2024,MI,FT,Machine Learning Engineer,126400,USD,126400,US,0,US,M
2024,SE,FT,AI Engineer,276000,USD,276000,US,0,US,M
2024,SE,FT,AI Engineer,148000,USD,148000,US,0,US,M
2024,SE,FT,Machine Learning Engineer,229900,USD,229900,US,0,US,M
2024,SE,FT,Machine Learning Engineer,201400,USD,201400,US,0,US,M
2024,SE,FT,Research Scientist,337300,USD,337300,US,0,US,M
2024,SE,FT,Research Scientist,192700,USD,192700,US,0,US,M
2024,SE,FT,Data Engineer,194500,USD,194500,US,0,US,M
2024,SE,FT,Data Engineer,146266,USD,146266,US,0,US,M
2024,MI,FT,Data Engineer,89000,USD,89000,US,0,US,M
2024,MI,FT,Data Engineer,62300,USD,62300,US,0,US,M
2024,EN,FT,Data Analyst,85000,USD,85000,US,0,US,M
2024,EN,FT,Data Analyst,68000,USD,68000,US,0,US,M
2024,EX,FT,Head of Data,267500,USD,267500,US,0,US,M
2024,EX,FT,Head of Data,210000,USD,210000,US,0,US,M
2024,MI,FT,Data Engineer,106100,USD,106100,US,0,US,M
2024,MI,FT,Data Engineer,74300,USD,74300,US,0,US,M
2024,EN,FT,Data Analyst,85420,USD,85420,US,0,US,M
2024,EN,FT,Data Analyst,65400,USD,65400,US,0,US,M
2024,SE,FT,Machine Learning Engineer,175000,USD,175000,US,0,US,M
2024,SE,FT,Machine Learning Engineer,148750,USD,148750,US,0,US,M
2024,MI,FT,Data Scientist,166000,USD,166000,US,0,US,M
2024,MI,FT,Data Scientist,73100,USD,73100,US,0,US,M
2024,MI,FT,Data Scientist,180000,USD,180000,US,0,US,M
2024,MI,FT,Data Scientist,143000,USD,143000,US,0,US,M
2024,SE,FT,Data Modeler,106100,USD,106100,US,0,US,M
2024,SE,FT,Data Modeler,74300,USD,74300,US,0,US,M
2024,EN,FT,Data Analyst,60080,USD,60080,US,0,US,M
2024,EN,FT,Data Analyst,57300,USD,57300,US,0,US,M
2024,SE,FT,Data Engineer,125000,USD,125000,US,100,US,M
2024,SE,FT,Data Engineer,90000,USD,90000,US,100,US,M
2024,EX,FT,Data Scientist,300000,USD,300000,US,100,US,M
2024,EX,FT,Data Scientist,220000,USD,220000,US,100,US,M
2024,SE,FT,Data Scientist,45000,GBP,56250,GB,0,GB,M
2024,SE,FT,Data Scientist,45000,GBP,56250,GB,0,GB,M
2024,SE,FT,Machine Learning Engineer,247500,USD,247500,US,0,US,M
2024,SE,FT,Machine Learning Engineer,172200,USD,172200,US,0,US,M
2024,MI,FT,Data Scientist,194500,USD,194500,US,0,US,M
2024,MI,FT,Data Scientist,125500,USD,125500,US,0,US,M
2024,SE,FT,Business Intelligence Engineer,108500,USD,108500,US,100,US,M
2024,SE,FT,Business Intelligence Engineer,78800,USD,78800,US,100,US,M
2024,MI,FT,Cloud Database Engineer,189000,USD,189000,US,0,US,M
2024,MI,FT,Cloud Database Engineer,106000,USD,106000,US,0,US,M
2024,SE,FT,Data Architect,160000,USD,160000,US,0,US,M
2024,SE,FT,Data Architect,110000,USD,110000,US,0,US,M
2024,MI,FT,Machine Learning Scientist,720000,USD,720000,US,0,US,M
2024,MI,FT,Machine Learning Scientist,170000,USD,170000,US,0,US,M
2024,EN,FT,Data Analyst,181610,USD,181610,US,0,US,M
2024,EN,FT,Data Analyst,100000,USD,100000,US,0,US,M
2024,SE,FT,Research Scientist,321000,USD,321000,US,0,US,M
2024,SE,FT,Research Scientist,190000,USD,190000,US,0,US,M
2024,EN,FT,Data Specialist,90000,USD,90000,US,0,US,M
2024,EN,FT,Data Specialist,65000,USD,65000,US,0,US,M
2024,EN,PT,Applied Scientist,151260,USD,151260,US,0,US,L
2024,EN,PT,Applied Scientist,30000,USD,30000,US,0,US,L
2024,MI,FT,Data Operations Analyst,114000,USD,114000,US,0,US,M
2024,MI,FT,Data Operations Analyst,67000,USD,67000,US,0,US,M
2024,SE,FT,Data Scientist,231000,USD,231000,US,100,US,M
2024,SE,FT,Data Scientist,160700,USD,160700,US,100,US,M
2024,SE,FT,Data Developer,137000,USD,137000,US,0,US,M
2024,SE,FT,Data Developer,110000,USD,110000,US,0,US,M
2024,SE,FT,Data Engineer,137000,USD,137000,US,0,US,M
2024,SE,FT,Data Engineer,110000,USD,110000,US,0,US,M
2024,EX,FT,Machine Learning Engineer,408500,USD,408500,US,0,US,M
2024,EX,FT,Machine Learning Engineer,233500,USD,233500,US,0,US,M
2023,EN,FT,Data Analyst,25000,EUR,26992,GR,100,GB,S
2024,EN,FT,Data Engineer,115000,USD,115000,US,100,US,M
2024,EN,FT,Data Engineer,87550,USD,87550,US,100,US,M
2024,EN,FT,Data Analyst,123625,USD,123625,US,0,US,M
2024,EN,FT,Data Analyst,77265,USD,77265,US,0,US,M
2024,SE,FT,Data Scientist,199700,USD,199700,US,0,US,M
2024,SE,FT,Data Scientist,165100,USD,165100,US,0,US,M
2024,SE,FT,Machine Learning Engineer,188500,USD,188500,US,0,US,M
2024,SE,FT,Machine Learning Engineer,165100,USD,165100,US,0,US,M
2024,SE,FT,Research Engineer,176700,USD,176700,US,0,US,M
2024,SE,FT,Research Engineer,144600,USD,144600,US,0,US,M
2024,SE,FT,Research Engineer,176700,USD,176700,US,100,US,M
2024,SE,FT,Research Engineer,144600,USD,144600,US,100,US,M
2024,SE,FT,Data Architect,278800,USD,278800,US,0,US,M
2024,SE,FT,Data Architect,154000,USD,154000,US,0,US,M
2024,EN,FT,Data Analyst,150700,USD,150700,US,0,US,M
2024,EN,FT,Data Analyst,87400,USD,87400,US,0,US,M
2024,MI,FT,Data Engineer,50000,GBP,62500,GB,0,GB,M
2024,MI,FT,Data Engineer,27000,GBP,33750,GB,0,GB,M
2024,SE,FT,Data Architect,149750,USD,149750,US,100,US,M
2024,SE,FT,Data Architect,84500,USD,84500,US,100,US,M
2024,SE,FT,Data Engineer,152375,USD,152375,US,100,US,M
2024,SE,FT,Data Engineer,94000,USD,94000,US,100,US,M
2024,EN,FT,Research Scientist,253000,USD,253000,US,0,US,M
2024,EN,FT,Research Scientist,160000,USD,160000,US,0,US,M
2024,SE,FT,AI Architect,449000,USD,449000,US,0,US,M
2024,SE,FT,AI Architect,173000,USD,173000,US,0,US,M
2024,SE,FT,Data Scientist,359170,USD,359170,US,0,US,M
2024,SE,FT,Data Scientist,295490,USD,295490,US,0,US,M
2024,SE,FT,Research Scientist,176700,USD,176700,US,0,US,M
2024,SE,FT,Research Scientist,144600,USD,144600,US,0,US,M
2024,EN,FT,Data Operations Analyst,90000,USD,90000,US,100,US,M
2024,EN,FT,Data Operations Analyst,70000,USD,70000,US,100,US,M
2024,SE,FT,Data Scientist,155000,USD,155000,US,0,US,M
2024,SE,FT,Data Scientist,130000,USD,130000,US,0,US,M
2024,EN,FT,Data Analyst,122328,USD,122328,US,0,US,M
2024,EN,FT,Data Analyst,71958,USD,71958,US,0,US,M
2024,MI,FT,Data Engineer,45000,GBP,56250,GB,0,GB,M
2024,MI,FT,Data Engineer,35000,GBP,43750,GB,0,GB,M
2024,MI,FT,Data Developer,110000,USD,110000,US,0,US,M
2024,MI,FT,Data Developer,79000,USD,79000,US,0,US,M
2024,SE,FT,Data Operations Analyst,140000,USD,140000,US,0,US,M
2024,SE,FT,Data Operations Analyst,120000,USD,120000,US,0,US,M
2024,EN,FT,Data Scientist,150000,USD,150000,US,0,US,M
2024,EN,FT,Data Scientist,120000,USD,120000,US,0,US,M
2024,MI,FT,Data Scientist,132100,USD,132100,US,0,US,M
2024,MI,FT,Data Scientist,68400,USD,68400,US,0,US,M
2024,SE,FT,Data Engineer,201900,USD,201900,US,0,US,M
2024,SE,FT,Data Engineer,97335,USD,97335,US,0,US,M
2024,SE,FT,Machine Learning Engineer,255000,USD,255000,US,100,US,M
2024,SE,FT,Machine Learning Engineer,163000,USD,163000,US,100,US,M
2024,EN,FT,Data Management Analyst,75000,USD,75000,US,0,US,M
2024,EN,FT,Data Management Analyst,50000,USD,50000,US,0,US,M
2024,MI,FT,Data Scientist,115000,USD,115000,US,100,US,M
2024,MI,FT,Data Scientist,90500,USD,90500,US,100,US,M
2024,SE,FT,Data Scientist,240000,USD,240000,FR,0,FR,M
2024,SE,FT,Data Scientist,187000,USD,187000,FR,0,FR,M
2024,SE,FT,Data Scientist,210000,USD,210000,US,0,US,M
2024,SE,FT,Data Scientist,160000,USD,160000,US,0,US,M
2024,MI,FT,Analytics Engineer,130000,GBP,162500,GB,100,GB,M
2024,MI,FT,Analytics Engineer,92000,GBP,115000,GB,100,GB,M
2024,SE,FT,Data Scientist,122000,USD,122000,US,0,US,M
2024,SE,FT,Data Scientist,94000,USD,94000,US,0,US,M
2024,EN,FT,Data Management Analyst,90000,USD,90000,US,0,US,M
2024,EN,FT,Data Management Analyst,60000,USD,60000,US,0,US,M
2024,SE,FT,Data Engineer,122000,USD,122000,US,0,US,M
2024,SE,FT,Data Engineer,94500,USD,94500,US,0,US,M
2024,SE,FT,Machine Learning Engineer,331640,USD,331640,US,0,US,M
2024,SE,FT,Machine Learning Engineer,283780,USD,283780,US,0,US,M
2024,SE,FT,AI Engineer,255000,USD,255000,US,100,US,M
2024,SE,FT,AI Engineer,163000,USD,163000,US,100,US,M
2024,MI,FT,Data Engineer,100000,USD,100000,US,100,US,M
2024,MI,FT,Data Engineer,85000,USD,85000,US,100,US,M
2024,SE,FT,Data Engineer,45000,GBP,56250,GB,100,GB,M
2024,SE,FT,Data Engineer,38000,GBP,47500,GB,100,GB,M
2024,MI,FT,BI Data Analyst,40000,GBP,50000,GB,50,GB,L
2024,EN,FL,Applied Data Scientist,30000,USD,30000,GB,100,GB,M
2024,EX,FT,Business Intelligence,230000,USD,230000,US,0,US,M
2024,EX,FT,Business Intelligence,176900,USD,176900,US,0,US,M
2024,SE,FT,Data Architect,171210,USD,171210,CA,0,CA,M
2024,SE,FT,Data Architect,92190,USD,92190,CA,0,CA,M
2024,MI,FT,Data Scientist,46203,GBP,57753,GB,0,GB,M
2024,MI,FT,Data Scientist,38280,GBP,47850,GB,0,GB,M
2024,EN,FT,Insight Analyst,50000,USD,50000,US,100,US,M
2024,EN,FT,Insight Analyst,40000,USD,40000,US,100,US,M
2024,SE,FT,Data Engineer,276000,USD,276000,US,0,US,M
2024,SE,FT,Data Engineer,148000,USD,148000,US,0,US,M
2024,SE,FT,Research Scientist,234000,USD,234000,US,0,US,M
2024,SE,FT,Research Scientist,146000,USD,146000,US,0,US,M
2024,EN,FT,Business Intelligence Analyst,192300,USD,192300,US,0,US,M
2024,EN,FT,Business Intelligence Analyst,120200,USD,120200,US,0,US,M
2024,EN,FT,Analytics Engineer,132500,USD,132500,US,0,US,M
2024,EN,FT,Analytics Engineer,111500,USD,111500,US,0,US,M
2024,EN,FT,Data Engineer,234000,USD,234000,US,0,US,M
2024,EN,FT,Data Engineer,146000,USD,146000,US,0,US,M
2024,SE,FT,Data Scientist,322000,USD,322000,US,0,US,M
2024,SE,FT,Data Scientist,168000,USD,168000,US,0,US,M
2024,MI,FT,Data Scientist,152000,USD,152000,CA,0,CA,M
2024,MI,FT,Data Scientist,98000,USD,98000,CA,0,CA,M
2024,SE,FT,Research Engineer,138000,USD,138000,US,0,US,M
2024,SE,FT,Research Engineer,86000,USD,86000,US,0,US,M
2024,SE,FT,Data Scientist,268700,USD,268700,US,0,US,M
2024,SE,FT,Data Scientist,130300,USD,130300,US,0,US,M
2024,SE,FT,BI Developer,60000,GBP,75000,GB,0,GB,M
2024,SE,FT,BI Developer,40000,GBP,50000,GB,0,GB,M
2024,SE,FT,Data Analyst,115000,USD,115000,US,0,US,M
2024,SE,FT,Data Analyst,105000,USD,105000,US,0,US,M
2024,SE,FT,Data Scientist,80000,GBP,100000,GB,0,GB,M
2024,SE,FT,Data Scientist,70000,GBP,87500,GB,0,GB,M
2024,SE,FT,Business Intelligence Engineer,156476,USD,156476,US,100,US,M
2024,SE,FT,Business Intelligence Engineer,104981,USD,104981,US,100,US,M
2024,MI,FT,Data Engineer,146000,USD,146000,US,100,US,M
2024,MI,FT,Data Engineer,110000,USD,110000,US,100,US,M
2024,SE,FT,Data Scientist,297000,USD,297000,US,0,US,M
2024,SE,FT,Data Scientist,138000,USD,138000,US,0,US,M
2024,SE,FT,Data Quality Engineer,190000,USD,190000,US,0,US,M
2024,SE,FT,Data Quality Engineer,25000,USD,25000,US,0,US,M
2024,MI,FT,Machine Learning Engineer,160480,USD,160480,US,0,US,M
2024,MI,FT,Machine Learning Engineer,109920,USD,109920,US,0,US,M
2024,SE,FT,Data Engineer,224000,USD,224000,US,0,US,M
2024,SE,FT,Data Engineer,150000,USD,150000,US,0,US,M
2024,EN,FT,Data Analyst,84000,USD,84000,US,0,US,M
2024,EN,FT,Data Analyst,75800,USD,75800,US,0,US,M
2024,MI,FT,Cloud Database Engineer,146125,USD,146125,US,100,US,M
2024,MI,FT,Cloud Database Engineer,82000,USD,82000,US,100,US,M
2024,MI,FT,Business Intelligence,207600,USD,207600,US,0,US,M
2024,MI,FT,Business Intelligence,138400,USD,138400,US,0,US,M
2024,EN,FT,Data Analyst,94600,USD,94600,US,0,US,M
2024,EN,FT,Data Analyst,75700,USD,75700,US,0,US,M
2024,SE,FT,Data Scientist,331292,USD,331292,US,0,US,M
2024,SE,FT,Data Scientist,244868,USD,244868,US,0,US,M
2024,SE,FT,Data Scientist,190000,USD,190000,US,100,US,M
2024,SE,FT,Data Scientist,155000,USD,155000,US,100,US,M
2024,MI,FT,Data Engineer,168000,USD,168000,US,0,US,M
2024,MI,FT,Data Engineer,158000,USD,158000,US,0,US,M
2024,EX,FT,Head of Data,243000,USD,243000,US,0,US,M
2024,EX,FT,Head of Data,163000,USD,163000,US,0,US,M
2024,SE,FT,Data Scientist,190000,USD,190000,US,100,US,M
2024,SE,FT,Data Scientist,155000,USD,155000,US,100,US,M
2024,SE,FT,Data Scientist,720000,USD,720000,US,100,US,M
2024,SE,FT,Data Scientist,170000,USD,170000,US,100,US,M
2024,SE,FT,Machine Learning Engineer,112800,EUR,125333,LT,0,LT,M
2024,SE,FT,Machine Learning Engineer,73200,EUR,81333,LT,0,LT,M
2024,SE,FT,Business Intelligence,192500,USD,192500,US,0,US,M
2024,SE,FT,Business Intelligence,134900,USD,134900,US,0,US,M
2024,SE,FT,Data Scientist,227000,USD,227000,US,0,US,M
2024,SE,FT,Data Scientist,192780,USD,192780,US,0,US,M
2024,MI,FT,BI Analyst,85000,USD,85000,US,100,US,M
2024,MI,FT,BI Analyst,70000,USD,70000,US,100,US,M
2024,SE,FT,Analytics Engineer,180000,USD,180000,US,0,US,M
2024,SE,FT,Analytics Engineer,112000,USD,112000,US,0,US,M
2024,SE,FT,Data Engineer,130000,USD,130000,US,0,US,M
2024,SE,FT,Data Engineer,100000,USD,100000,US,0,US,M
2024,SE,FT,Data Engineer,140000,USD,140000,US,100,US,M
2024,SE,FT,Data Engineer,100000,USD,100000,US,100,US,M
2024,MI,FT,Data Scientist,175000,USD,175000,US,100,US,M
2024,MI,FT,Data Scientist,135000,USD,135000,US,100,US,M
2024,MI,FT,Data Manager,110000,USD,110000,US,0,US,M
2024,MI,FT,Data Manager,70000,USD,70000,US,0,US,M
2024,SE,FT,Computational Biologist,236000,USD,236000,US,0,US,M
2024,SE,FT,Computational Biologist,174000,USD,174000,US,0,US,M
2024,SE,FT,Computational Biologist,242000,CAD,186153,CA,0,CA,M
2024,SE,FT,Computational Biologist,215000,CAD,165384,CA,0,CA,M
2024,SE,FT,Data Architect,363000,USD,363000,US,0,US,M
2024,SE,FT,Data Architect,139800,USD,139800,US,0,US,M
2024,SE,FT,Research Scientist,345000,USD,345000,US,0,US,M
2024,SE,FT,Research Scientist,180000,USD,180000,US,0,US,M
2024,SE,FT,Analytics Engineer,170000,USD,170000,US,100,US,M
2024,SE,FT,Analytics Engineer,130000,USD,130000,US,100,US,M
2024,MI,FT,Data Integration Specialist,75000,GBP,93750,GB,100,GB,M
2024,MI,FT,Data Integration Specialist,55000,GBP,68750,GB,100,GB,M
2024,SE,FT,Machine Learning Engineer,184800,USD,184800,CA,100,CA,M
2024,SE,FT,Machine Learning Engineer,123200,USD,123200,CA,100,CA,M
2024,SE,FT,Data Engineer,115000,USD,115000,US,100,US,M
2024,SE,FT,Data Engineer,105000,USD,105000,US,100,US,M
2024,MI,FT,Data Scientist,110000,USD,110000,US,0,US,M
2024,MI,FT,Data Scientist,70000,USD,70000,US,0,US,M
2024,EN,FT,Machine Learning Engineer,157900,USD,157900,CA,100,CA,M
2024,EN,FT,Machine Learning Engineer,105300,USD,105300,CA,100,CA,M
2024,MI,FT,Data Scientist,252000,USD,252000,US,0,US,M
2024,MI,FT,Data Scientist,168000,USD,168000,US,0,US,M
2024,EX,FT,AI Engineer,225000,USD,225000,US,0,US,M
2024,EX,FT,AI Engineer,150000,USD,150000,US,0,US,M
2024,MI,FT,Data Engineer,150000,USD,150000,US,100,US,M
2024,MI,FT,Data Engineer,90000,USD,90000,US,100,US,M
2024,MI,FT,Data Analyst,150000,USD,150000,US,0,US,M
2024,MI,FT,Data Analyst,117000,USD,117000,US,0,US,M
2024,MI,FT,Research Engineer,440000,USD,440000,US,0,US,M
2024,MI,FT,Research Engineer,295000,USD,295000,US,0,US,M
2024,MI,FT,Data Scientist,70000,GBP,87500,GB,0,GB,M
2024,MI,FT,Data Scientist,50000,GBP,62500,GB,0,GB,M
2024,MI,FT,Data Analyst,150000,USD,150000,US,100,US,M
2024,MI,FT,Data Analyst,120000,USD,120000,US,100,US,M
2024,MI,FT,Data Engineer,148000,USD,148000,US,0,US,M
2024,MI,FT,Data Engineer,106500,USD,106500,US,0,US,M
2024,SE,FT,Applied Scientist,209000,USD,209000,PL,100,PL,M
2024,SE,FT,Applied Scientist,155000,USD,155000,PL,100,PL,M
2024,SE,FT,AI Engineer,210000,USD,210000,US,0,US,M
2024,SE,FT,AI Engineer,180000,USD,180000,US,0,US,M
2024,SE,FT,Data Scientist,170000,USD,170000,US,0,US,M
2024,SE,FT,Data Scientist,130000,USD,130000,US,0,US,M
2024,SE,FT,Data Scientist,70000,GBP,87500,GB,0,GB,M
2024,SE,FT,Data Scientist,50000,GBP,62500,GB,0,GB,M
2024,SE,FT,Data Engineer,220000,USD,220000,CA,0,CA,M
2024,SE,FT,Data Engineer,180000,USD,180000,CA,0,CA,M
2024,SE,FT,Machine Learning Engineer,278700,USD,278700,US,0,US,M
2024,SE,FT,Machine Learning Engineer,159300,USD,159300,US,0,US,M
2024,SE,FT,Data Analyst,145000,USD,145000,US,0,US,M
2024,SE,FT,Data Analyst,110000,USD,110000,US,0,US,M
2024,EN,FT,Data Scientist,51550,EUR,57277,FR,50,FR,M
2024,SE,FT,BI Data Analyst,60000,EUR,66666,DE,50,DE,S
2024,MI,FT,Analytics Engineer,126000,USD,126000,US,0,US,M
2024,MI,FT,Analytics Engineer,78000,USD,78000,US,0,US,M
2024,SE,FT,Research Scientist,290000,USD,290000,US,0,US,M
2024,SE,FT,Research Scientist,240000,USD,240000,US,0,US,M
2024,SE,FT,Machine Learning Engineer,210000,USD,210000,US,0,US,M
2024,SE,FT,Machine Learning Engineer,178500,USD,178500,US,0,US,M
2024,SE,FT,AI Research Scientist,150000,USD,150000,SA,50,SA,M
2024,EX,FT,Machine Learning Engineer,290000,USD,290000,US,0,US,M
2024,EX,FT,Machine Learning Engineer,232000,USD,232000,US,0,US,M
2024,SE,FT,Research Scientist,234000,USD,234000,US,0,US,M
2024,SE,FT,Research Scientist,146000,USD,146000,US,0,US,M
2024,MI,FT,Data Engineer,172400,USD,172400,US,0,US,M
2024,MI,FT,Data Engineer,109000,USD,109000,US,0,US,M
2024,EN,FT,Data Analyst,88800,USD,88800,US,0,US,M
2024,EN,FT,Data Analyst,64600,USD,64600,US,0,US,M
2024,MI,FT,MLOps Engineer,156200,USD,156200,CA,0,CA,M
2024,MI,FT,MLOps Engineer,106500,USD,106500,CA,0,CA,M
2024,SE,FT,Data Scientist,185900,USD,185900,US,0,US,M
2024,SE,FT,Data Scientist,109400,USD,109400,US,0,US,M
2024,EN,FT,Research Analyst,106000,USD,106000,US,0,US,M
2024,EN,FT,Research Analyst,66000,USD,66000,US,0,US,M
2024,SE,FT,Machine Learning Engineer,234300,USD,234300,US,0,US,M
2024,SE,FT,Machine Learning Engineer,96900,USD,96900,US,0,US,M
2024,EN,FT,Data Analyst,157600,USD,157600,US,0,US,M
2024,EN,FT,Data Analyst,96800,USD,96800,US,0,US,M
2024,SE,FT,Research Engineer,339250,USD,339250,US,0,US,M
2024,SE,FT,Research Engineer,180000,USD,180000,US,0,US,M
2024,MI,FT,Big Data Engineer,2300000,INR,27611,IN,100,IN,L
2024,EN,FT,Data Analyst,70000,USD,70000,US,0,US,M
2024,EN,FT,Data Analyst,50000,USD,50000,US,0,US,M
2024,SE,FT,Research Analyst,94600,USD,94600,US,0,US,M
2024,SE,FT,Research Analyst,77400,USD,77400,US,0,US,M
2024,EN,FT,Data Analyst,192500,USD,192500,US,0,US,M
2024,EN,FT,Data Analyst,140000,USD,140000,US,0,US,M
2024,MI,FT,Data Scientist,154500,USD,154500,US,0,US,M
2024,MI,FT,Data Scientist,75705,USD,75705,US,0,US,M
2024,EN,FT,Business Intelligence Analyst,95000,USD,95000,US,0,US,M
2024,EN,FT,Business Intelligence Analyst,85000,USD,85000,US,0,US,M
2024,MI,FT,Business Intelligence Manager,164700,USD,164700,US,0,US,M
2024,MI,FT,Business Intelligence Manager,117500,USD,117500,US,0,US,M
2024,EN,FT,Data Analyst,80000,USD,80000,US,0,US,M
2024,EN,FT,Data Analyst,45700,USD,45700,US,0,US,M
2024,SE,FT,Data Analyst,117000,USD,117000,US,0,US,M
2024,SE,FT,Data Analyst,115765,USD,115765,US,0,US,M
2024,SE,FT,Data Analyst,140000,USD,140000,CA,0,CA,M
2024,SE,FT,Data Analyst,107000,USD,107000,CA,0,CA,M
2024,SE,FT,Machine Learning Engineer,178250,USD,178250,US,100,US,M
2024,SE,FT,Machine Learning Engineer,105500,USD,105500,US,100,US,M
2024,SE,FT,Data Developer,50000,GBP,62500,GB,0,GB,M
2024,SE,FT,Data Developer,50000,GBP,62500,GB,0,GB,M
2024,SE,FT,Prompt Engineer,197011,USD,197011,US,100,US,M
2024,SE,FT,Prompt Engineer,115889,USD,115889,US,100,US,M
2024,MI,FT,Research Scientist,138000,USD,138000,US,0,US,M
2024,MI,FT,Research Scientist,86000,USD,86000,US,0,US,M
2024,SE,FT,Data Engineer,259700,USD,259700,US,100,US,M
2024,SE,FT,Data Engineer,185500,USD,185500,US,100,US,M
2024,EN,FT,Data Analyst,80000,USD,80000,US,100,US,M
2024,EN,FT,Data Analyst,80000,USD,80000,US,100,US,M
2024,EX,FT,Data Analyst,175000,USD,175000,US,0,US,M
2024,EX,FT,Data Analyst,68000,USD,68000,US,0,US,M
2024,MI,FT,Data Scientist,243500,USD,243500,US,0,US,M
2024,MI,FT,Data Scientist,201400,USD,201400,US,0,US,M
2024,EN,FT,Data Analyst,26800,GBP,33500,GB,0,GB,M
2024,EN,FT,Data Analyst,26800,GBP,33500,GB,0,GB,M
2024,MI,FT,Data Analyst,110000,USD,110000,US,0,US,M
2024,MI,FT,Data Analyst,90000,USD,90000,US,0,US,M
2024,SE,FT,Research Scientist,123765,USD,123765,US,100,US,M
2024,SE,FT,Research Scientist,85469,USD,85469,US,100,US,M
2024,MI,FT,Data Analyst,85000,USD,85000,US,100,US,M
2024,MI,FT,Data Analyst,61800,USD,61800,US,100,US,M
2024,MI,FT,Data Engineer,242100,USD,242100,US,0,US,M
2024,MI,FT,Data Engineer,116200,USD,116200,US,0,US,M
2024,MI,FT,Data Manager,128000,USD,128000,US,0,US,M
2024,MI,FT,Data Manager,81500,USD,81500,US,0,US,M
2024,SE,FT,Machine Learning Engineer,250000,USD,250000,US,0,US,M
2024,SE,FT,Machine Learning Engineer,212500,USD,212500,US,0,US,M
2024,SE,FT,Data Scientist,90000,EUR,100000,FR,100,FR,M
2024,SE,FT,Data Scientist,50000,EUR,55555,FR,100,FR,M
2024,MI,FT,Data Specialist,69000,USD,69000,US,0,US,M
2024,MI,FT,Data Specialist,44000,USD,44000,US,0,US,M
2024,MI,FT,Data Analyst,77280,USD,77280,US,0,US,M
2024,MI,FT,Data Analyst,58000,USD,58000,US,0,US,M
2024,EN,FT,Business Intelligence,166000,USD,166000,US,100,US,M
2024,EN,FT,Business Intelligence,119000,USD,119000,US,100,US,M
2024,SE,FT,Machine Learning Engineer,192000,USD,192000,US,0,US,M
2024,SE,FT,Machine Learning Engineer,164000,USD,164000,US,0,US,M
2024,MI,FT,Research Scientist,218213,USD,218213,US,0,US,M
2024,MI,FT,Research Scientist,151800,USD,151800,US,0,US,M
2024,SE,FT,Data Architect,149750,USD,149750,US,100,US,M
2024,SE,FT,Data Architect,84500,USD,84500,US,100,US,M
2024,SE,FT,Data Scientist,130000,USD,130000,US,0,US,M
2024,SE,FT,Data Scientist,120000,USD,120000,US,0,US,M
2024,MI,FT,Data Integration Engineer,100000,USD,100000,US,0,US,M
2024,MI,FT,Data Integration Engineer,70000,USD,70000,US,0,US,M
2024,MI,FT,Data Engineer,200000,USD,200000,US,0,US,M
2024,MI,FT,Data Engineer,150000,USD,150000,US,0,US,M
2024,SE,FT,Data Scientist,253430,USD,253430,US,0,US,M
2024,SE,FT,Data Scientist,200740,USD,200740,US,0,US,M
2024,SE,FT,Data Scientist,234900,USD,234900,US,0,US,M
2024,SE,FT,Data Scientist,97300,USD,97300,US,0,US,M
2024,SE,FT,Machine Learning Engineer,206000,USD,206000,US,100,US,M
2024,SE,FT,Machine Learning Engineer,165000,USD,165000,US,100,US,M
2024,EN,FT,Data Analyst,70000,USD,70000,US,100,US,M
2024,EN,FT,Data Analyst,60000,USD,60000,US,100,US,M
2024,MI,FT,Data Scientist,328000,USD,328000,US,0,US,M
2024,MI,FT,Data Scientist,258000,USD,258000,US,0,US,M
2024,SE,FT,Data Engineer,190000,USD,190000,US,0,US,M
2024,SE,FT,Data Engineer,170000,USD,170000,US,0,US,M
2024,SE,FT,Data Engineer,100000,EUR,111111,PL,100,PL,M
2024,SE,FT,Data Engineer,60000,EUR,66666,PL,100,PL,M
2024,SE,FT,Data Scientist,180000,USD,180000,US,0,US,M
2024,SE,FT,Data Scientist,162000,USD,162000,US,0,US,M
2024,EX,FT,Business Intelligence,230000,USD,230000,CA,0,CA,M
2024,EX,FT,Business Intelligence,155000,USD,155000,CA,0,CA,M
2024,EN,FT,Data Scientist,70000,USD,70000,US,0,US,M
2024,EN,FT,Data Scientist,64000,USD,64000,US,0,US,M
2024,SE,FT,Data Analyst,165000,USD,165000,US,100,US,M
2024,SE,FT,Data Scientist,180000,USD,180000,US,0,US,M
2024,SE,FT,Data Scientist,162000,USD,162000,US,0,US,M
2024,SE,FT,Data Analytics Associate,91000,USD,91000,US,50,US,L
2024,EN,FT,Research Analyst,219000,USD,219000,US,0,US,M
2024,EN,FT,Research Analyst,123000,USD,123000,US,0,US,M
2024,MI,FT,Data Scientist,212000,USD,212000,US,0,US,M
2024,MI,FT,Data Scientist,93300,USD,93300,US,0,US,M
2024,EN,FT,BI Analyst,157600,USD,157600,US,0,US,M
2024,EN,FT,BI Analyst,96800,USD,96800,US,0,US,M
2024,EN,FT,Data Analyst,137100,USD,137100,US,0,US,M
2024,EN,FT,Data Analyst,109700,USD,109700,US,0,US,M
2024,MI,FT,Data Manager,83300,USD,83300,US,0,US,M
2024,MI,FT,Data Manager,47500,USD,47500,US,0,US,M
2024,SE,FT,Data Engineer,304750,USD,304750,US,0,US,M
2024,SE,FT,Data Engineer,160000,USD,160000,US,0,US,M
2024,SE,FT,Data Architect,242100,USD,242100,US,0,US,M
2024,SE,FT,Data Architect,116200,USD,116200,US,0,US,M
2024,MI,FT,Cloud Database Engineer,189000,USD,189000,US,0,US,M
2024,MI,FT,Cloud Database Engineer,106000,USD,106000,US,0,US,M
2024,EN,FT,Research Engineer,101200,USD,101200,US,0,US,M
2024,EN,FT,Research Engineer,57700,USD,57700,US,0,US,M
2024,SE,FT,Data Engineer,160000,USD,160000,US,0,US,M
2024,SE,FT,Data Engineer,77400,USD,77400,US,0,US,M
2024,SE,FT,Machine Learning Engineer,270000,USD,270000,US,0,US,M
2024,SE,FT,Machine Learning Engineer,153000,USD,153000,US,0,US,M
2024,EN,FT,Data Reporting Analyst,90300,USD,90300,US,0,US,M
2024,EN,FT,Data Reporting Analyst,50200,USD,50200,US,0,US,M
2024,EN,FT,Data Engineer,146000,USD,146000,US,0,US,M
2024,EN,FT,Data Engineer,98000,USD,98000,US,0,US,M
2024,MI,FT,Data Specialist,105000,USD,105000,AU,0,AU,M
2024,MI,FT,Data Specialist,80000,USD,80000,AU,0,AU,M
2024,SE,FT,Data Engineer,300000,USD,300000,US,0,US,M
2024,SE,FT,Data Engineer,200000,USD,200000,US,0,US,M
2024,EX,FT,Data Analyst,125000,USD,125000,US,0,US,M
2024,EX,FT,Data Analyst,100000,USD,100000,US,0,US,M
2024,SE,FT,Data Engineer,165000,USD,165000,US,0,US,M
2024,SE,FT,Data Engineer,100000,USD,100000,US,0,US,M
2024,MI,FT,Data Engineer,115000,USD,115000,US,100,US,M
2024,MI,FT,Data Engineer,75000,USD,75000,US,100,US,M
2024,SE,FT,Research Scientist,96643,USD,96643,CA,0,CA,M
2024,SE,FT,Research Scientist,51543,USD,51543,CA,0,CA,M
2024,MI,FT,Business Intelligence Analyst,181280,USD,181280,US,0,US,M
2024,MI,FT,Business Intelligence Analyst,164800,USD,164800,US,0,US,M
2024,MI,FT,Data Analyst,107500,USD,107500,US,0,US,M
2024,MI,FT,Data Analyst,96750,USD,96750,US,0,US,M
2024,SE,FT,Data Scientist,96750,USD,96750,US,0,US,M
2024,SE,FT,Data Scientist,69600,USD,69600,US,0,US,M
2024,MI,FT,Data Scientist,150000,USD,150000,US,100,US,M
2024,MI,FT,Data Scientist,127500,USD,127500,US,100,US,M
2024,EX,FT,Data Engineer,225000,USD,225000,US,0,US,M
2024,EX,FT,Data Engineer,190000,USD,190000,US,0,US,M
2024,SE,FT,Data Scientist,245000,USD,245000,US,0,US,M
2024,SE,FT,Data Scientist,180000,USD,180000,US,0,US,M
2024,SE,FT,Data Architect,175000,USD,175000,US,0,US,M
2024,SE,FT,Data Architect,117000,USD,117000,US,0,US,M
2024,SE,FT,Data Scientist,190000,USD,190000,US,100,US,M
2024,SE,FT,Data Scientist,136000,USD,136000,US,100,US,M
2024,SE,FT,Research Scientist,245400,USD,245400,US,0,US,M
2024,SE,FT,Research Scientist,139000,USD,139000,US,0,US,M
2024,MI,FT,Data Scientist,170000,USD,170000,US,0,US,M
2024,MI,FT,Data Scientist,120000,USD,120000,US,0,US,M
2024,SE,FT,Data Engineer,169900,USD,169900,US,100,US,M
2024,SE,FT,Data Engineer,135920,USD,135920,US,100,US,M
2024,SE,FT,Data Scientist,170000,USD,170000,US,0,US,M
2024,SE,FT,Data Scientist,160000,USD,160000,US,0,US,M
2024,SE,FT,Data Scientist,240000,USD,240000,US,0,US,M
2024,SE,FT,Data Scientist,204000,USD,204000,US,0,US,M
2024,SE,FT,Data Scientist,185000,USD,185000,US,0,US,M
2024,SE,FT,Data Scientist,123000,USD,123000,US,0,US,M
2024,MI,FT,Data Scientist,170000,USD,170000,US,0,US,M
2024,MI,FT,Data Scientist,140000,USD,140000,US,0,US,M
2024,SE,FT,AI Engineer,90000,USD,90000,AE,0,AE,L
2024,SE,FT,Machine Learning Engineer,180500,USD,180500,US,0,US,M
2024,SE,FT,Machine Learning Engineer,96200,USD,96200,US,0,US,M
2024,SE,FT,Machine Learning Engineer,235000,USD,235000,AU,0,AU,M
2024,SE,FT,Machine Learning Engineer,175000,USD,175000,AU,0,AU,M
2024,MI,FT,Business Intelligence Developer,95413,USD,95413,US,100,US,M
2024,MI,FT,Business Intelligence Developer,70692,USD,70692,US,100,US,M
2024,SE,FT,Data Engineer,110000,USD,110000,UA,0,UA,M
2024,SE,FT,Data Engineer,48000,USD,48000,UA,0,UA,M
2024,SE,FT,Data Scientist,222300,USD,222300,US,0,US,M
2024,SE,FT,Data Scientist,119700,USD,119700,US,0,US,M
2024,SE,FT,Cloud Database Engineer,170375,USD,170375,US,100,US,M
2024,SE,FT,Cloud Database Engineer,102500,USD,102500,US,100,US,M
2024,SE,FT,Data Engineer,270000,USD,270000,AU,0,AU,M
2024,SE,FT,Data Engineer,190000,USD,190000,AU,0,AU,M
2024,MI,FT,Data Engineer,98000,USD,98000,US,0,US,M
2024,MI,FT,Data Engineer,68300,USD,68300,US,0,US,M
2024,MI,FT,Machine Learning Engineer,223100,USD,223100,US,100,US,M
2024,MI,FT,Machine Learning Engineer,126400,USD,126400,US,100,US,M
2024,SE,FT,Data Engineer,283800,USD,283800,US,100,US,M
2024,SE,FT,Data Engineer,198900,USD,198900,US,100,US,M
2024,MI,FT,Research Engineer,166000,USD,166000,US,0,US,M
2024,MI,FT,Research Engineer,73000,USD,73000,US,0,US,M
2024,EN,FT,Data Analyst,130000,USD,130000,US,0,US,M
2024,EN,FT,Data Analyst,100000,USD,100000,US,0,US,M
2024,SE,FT,Machine Learning Scientist,220000,USD,220000,US,0,US,M
2024,SE,FT,Machine Learning Scientist,137500,USD,137500,US,0,US,M
2024,SE,FT,Research Engineer,234000,USD,234000,US,0,US,M
2024,SE,FT,Research Engineer,146000,USD,146000,US,0,US,M
2024,EN,FT,Data Analyst,39600,EUR,44000,LT,0,LT,M
2024,EN,FT,Data Analyst,33600,EUR,37333,LT,0,LT,M
2024,SE,FT,Data Engineer,275000,USD,275000,US,100,US,M
2024,SE,FT,Data Engineer,200000,USD,200000,US,100,US,M
2024,SE,FT,Data Engineer,204000,USD,204000,US,0,US,M
2024,SE,FT,Data Engineer,163200,USD,163200,US,0,US,M
2024,MI,FT,Data Scientist,135000,USD,135000,US,100,US,M
2024,MI,FT,Data Scientist,110000,USD,110000,US,100,US,M
2024,SE,FT,Machine Learning Engineer,195000,USD,195000,US,100,US,M
2024,SE,FT,Machine Learning Engineer,170000,USD,170000,US,100,US,M
2024,MI,FT,Data Engineer,210000,USD,210000,US,0,US,M
2024,MI,FT,Data Engineer,130000,USD,130000,US,0,US,M
2024,MI,FT,Data Scientist,136000,USD,136000,US,0,US,M
2024,MI,FT,Data Scientist,106700,USD,106700,US,0,US,M
2024,MI,FT,Data Scientist,164000,USD,164000,US,0,US,M
2024,MI,FT,Data Scientist,131000,USD,131000,US,0,US,M
2024,MI,FT,Applied Scientist,250000,USD,250000,US,0,US,M
2024,MI,FT,Applied Scientist,170000,USD,170000,US,0,US,M
2024,SE,FT,Data Analyst,175000,USD,175000,US,0,US,M
2024,SE,FT,Data Analyst,117000,USD,117000,US,0,US,M
2024,SE,FT,Data Engineer,205500,USD,205500,US,100,US,M
2024,SE,FT,Data Engineer,135000,USD,135000,US,100,US,M
2024,SE,FT,Data Engineer,146000,USD,146000,US,0,US,M
2024,SE,FT,Data Engineer,82500,USD,82500,US,0,US,M
2024,MI,FT,Data Scientist,240000,USD,240000,US,0,US,M
2024,MI,FT,Data Scientist,180000,USD,180000,US,0,US,M
2024,SE,FT,Data Analyst,157500,USD,157500,US,100,US,M
2024,SE,FT,Data Analyst,132500,USD,132500,US,100,US,M
2024,SE,FT,Data Engineer,209943,USD,209943,US,0,US,M
2024,SE,FT,Data Engineer,155175,USD,155175,US,0,US,M
2024,SE,FT,Data Scientist,244800,USD,244800,US,0,US,M
2024,SE,FT,Data Scientist,172000,USD,172000,US,0,US,M
2024,SE,FT,Research Scientist,250000,USD,250000,US,0,US,M
2024,SE,FT,Research Scientist,200000,USD,200000,US,0,US,M
2024,SE,FT,Research Scientist,600000,USD,600000,US,0,US,M
2024,SE,FT,Research Scientist,280000,USD,280000,US,0,US,M
2024,SE,FT,Prompt Engineer,600000,USD,600000,US,0,US,M
2024,SE,FT,Prompt Engineer,280000,USD,280000,US,0,US,M
2024,SE,FT,Data Scientist,180000,USD,180000,US,0,US,M
2024,SE,FT,Data Scientist,160000,USD,160000,US,0,US,M
2024,EN,FT,Data Analyst,184180,USD,184180,US,0,US,M
2024,EN,FT,Data Analyst,159870,USD,159870,US,0,US,M
2024,SE,FT,Data Scientist,195000,USD,195000,US,0,US,M
2024,SE,FT,Data Scientist,110000,USD,110000,US,0,US,M
2024,SE,FT,Research Scientist,500000,USD,500000,US,100,US,M
2024,SE,FT,Research Scientist,180000,USD,180000,US,100,US,M
2024,SE,FT,Data Scientist,220000,USD,220000,US,0,US,M
2024,SE,FT,Data Scientist,137500,USD,137500,US,0,US,M
2024,SE,FT,AI Engineer,212000,USD,212000,US,0,US,M
2024,SE,FT,AI Engineer,93300,USD,93300,US,0,US,M
2024,SE,FT,Data Scientist,212000,USD,212000,US,0,US,M
2024,SE,FT,Data Scientist,93300,USD,93300,US,0,US,M
2024,EN,FT,Data Analyst,291900,USD,291900,US,0,US,M
2024,EN,FT,Data Analyst,103800,USD,103800,US,0,US,M
2024,SE,FT,Data Scientist,234000,USD,234000,US,0,US,M
2024,SE,FT,Data Scientist,146000,USD,146000,US,0,US,M
2024,SE,FT,Data Scientist,212000,USD,212000,US,0,US,M
2024,SE,FT,Data Scientist,93300,USD,93300,US,0,US,M
2024,MI,FT,Data Scientist,160000,USD,160000,US,100,US,M
2024,MI,FT,Data Scientist,70000,USD,70000,US,100,US,M
2024,SE,FT,Research Engineer,179000,USD,179000,US,0,US,M
2024,SE,FT,Research Engineer,112000,USD,112000,US,0,US,M
2024,EN,FT,Data Management Analyst,145000,USD,145000,US,0,US,M
2024,EN,FT,Data Management Analyst,120000,USD,120000,US,0,US,M
2024,MI,FT,Data Scientist,142100,USD,142100,US,0,US,M
2024,MI,FT,Data Scientist,94700,USD,94700,US,0,US,M
2024,MI,FT,AI Engineer,166000,USD,166000,US,0,US,M
2024,MI,FT,AI Engineer,73100,USD,73100,US,0,US,M
2024,SE,FT,Data Scientist,145000,USD,145000,US,0,US,M
2024,SE,FT,Data Scientist,128000,USD,128000,US,0,US,M
2024,EN,FT,Data Analyst,90000,USD,90000,US,0,US,M
2024,EN,FT,Data Analyst,75000,USD,75000,US,0,US,M
2024,MI,FT,Data Scientist,99000,USD,99000,US,0,US,M
2024,MI,FT,Data Scientist,87000,USD,87000,US,0,US,M
2024,EX,FT,Data Engineer,334075,USD,334075,CA,0,CA,M
2024,EX,FT,Data Engineer,268500,USD,268500,CA,0,CA,M
2024,SE,FT,Data Scientist,230000,USD,230000,US,0,US,M
2024,SE,FT,Data Scientist,195000,USD,195000,US,0,US,M
2024,SE,FT,Research Analyst,212000,USD,212000,US,0,US,M
2024,SE,FT,Research Analyst,93300,USD,93300,US,0,US,M
2024,EN,FT,Data Operations Analyst,110500,USD,110500,US,0,US,M
2024,EN,FT,Data Operations Analyst,69000,USD,69000,US,0,US,M
2024,SE,FT,Data Management Consultant,100000,USD,100000,US,0,US,M
2024,SE,FT,Data Management Consultant,85000,USD,85000,US,0,US,M
2024,MI,FT,Business Intelligence Analyst,107690,USD,107690,US,0,US,M
2024,MI,FT,Business Intelligence Analyst,78300,USD,78300,US,0,US,M
2024,EN,FT,Analytics Engineer,131000,USD,131000,US,100,US,M
2024,EN,FT,Analytics Engineer,110000,USD,110000,US,100,US,M
2024,EN,FT,Data Analyst,133000,USD,133000,US,0,US,M
2024,EN,FT,Data Analyst,58400,USD,58400,US,0,US,M
2024,EN,FT,Data Engineer,115000,USD,115000,US,100,US,M
2024,EN,FT,Data Engineer,87550,USD,87550,US,100,US,M
2024,EX,FT,Data Engineer,209309,USD,209309,US,0,US,M
2024,EX,FT,Data Engineer,168854,USD,168854,US,0,US,M
2024,EN,FT,Research Analyst,133000,USD,133000,US,0,US,M
2024,EN,FT,Research Analyst,58400,USD,58400,US,0,US,M
2024,SE,FT,Data Scientist,269000,USD,269000,CA,0,CA,M
2024,SE,FT,Data Scientist,165000,USD,165000,CA,0,CA,M
2024,SE,FT,Data Scientist,245000,USD,245000,US,0,US,M
2024,SE,FT,Data Scientist,185000,USD,185000,US,0,US,M
2024,SE,FT,Research Scientist,333500,USD,333500,US,0,US,M
2024,SE,FT,Research Scientist,180000,USD,180000,US,0,US,M
2024,SE,FT,Data Scientist,195000,USD,195000,US,100,US,M
2024,SE,FT,Data Scientist,147500,USD,147500,US,100,US,M
2024,EN,FT,Machine Learning Engineer,187500,USD,187500,US,0,US,M
2024,EN,FT,Machine Learning Engineer,99500,USD,99500,US,0,US,M
2024,SE,FT,Analytics Engineer,126400,USD,126400,US,100,US,M
2024,SE,FT,Analytics Engineer,101100,USD,101100,US,100,US,M
2024,SE,FT,Data Engineer,167400,USD,167400,US,100,US,M
2024,SE,FT,Data Engineer,116600,USD,116600,US,100,US,M
2024,SE,FT,Data Analyst,126000,USD,126000,US,0,US,M
2024,SE,FT,Data Analyst,87000,USD,87000,US,0,US,M
2024,SE,FT,Data Engineer,152375,USD,152375,US,100,US,M
2024,SE,FT,Data Engineer,94000,USD,94000,US,100,US,M
2024,SE,FT,Data Quality Analyst,80000,GBP,100000,GB,0,GB,M
2024,SE,FT,Data Quality Analyst,45000,GBP,56250,GB,0,GB,M
2024,SE,FT,Data Architect,276000,USD,276000,US,0,US,M
2024,SE,FT,Data Architect,174000,USD,174000,US,0,US,M
2024,EN,FT,Data Analyst,113800,USD,113800,US,100,US,M
2024,EN,FT,Data Analyst,74400,USD,74400,US,100,US,M
2024,SE,FT,Machine Learning Engineer,333500,USD,333500,US,0,US,M
2024,SE,FT,Machine Learning Engineer,183000,USD,183000,US,0,US,M
2024,SE,FT,Machine Learning Engineer,260000,USD,260000,US,0,US,M
2024,SE,FT,Machine Learning Engineer,192000,USD,192000,US,0,US,M
2024,EN,FT,Data Analyst,158000,USD,158000,US,0,US,M
2024,EN,FT,Data Analyst,105000,USD,105000,US,0,US,M
2024,SE,FT,Data Scientist,148000,USD,148000,US,0,US,M
2024,SE,FT,Data Scientist,110000,USD,110000,US,0,US,M
2024,MI,FT,Data Manager,128000,USD,128000,US,0,US,M
2024,MI,FT,Data Manager,81500,USD,81500,US,0,US,M
2024,SE,FT,Data Analyst,115000,USD,115000,US,0,US,M
2024,SE,FT,Data Analyst,75300,USD,75300,US,0,US,M
2024,MI,FT,Data Scientist,140000,USD,140000,US,100,US,M
2024,MI,FT,Data Scientist,100000,USD,100000,US,100,US,M
2024,MI,FT,Machine Learning Engineer,240000,USD,240000,US,0,US,M
2024,MI,FT,Machine Learning Engineer,140000,USD,140000,US,0,US,M
2024,MI,FT,Applied Scientist,222200,USD,222200,US,0,US,L
2024,MI,FT,Applied Scientist,136000,USD,136000,US,0,US,L
2024,MI,FT,Data Scientist,187200,USD,187200,CA,0,CA,M
2024,MI,FT,Data Scientist,100800,USD,100800,CA,0,CA,M
2024,SE,FT,Data Engineer,153200,USD,153200,US,100,US,M
2024,SE,FT,Data Engineer,102200,USD,102200,US,100,US,M
2024,SE,FT,Robotics Software Engineer,240000,USD,240000,US,0,US,M
2024,SE,FT,Robotics Software Engineer,160000,USD,160000,US,0,US,M
2024,MI,FT,Data Analyst,105000,USD,105000,US,0,US,M
2024,MI,FT,Data Analyst,77000,USD,77000,US,0,US,M
2024,SE,FT,Data Engineer,207300,USD,207300,US,0,US,M
2024,SE,FT,Data Engineer,119000,USD,119000,US,0,US,M
2024,MI,FT,Machine Learning Engineer,160000,USD,160000,US,100,US,M
2024,MI,FT,Machine Learning Engineer,130000,USD,130000,US,100,US,M
2024,SE,FT,Machine Learning Engineer,155000,USD,155000,US,0,US,M
2024,SE,FT,Machine Learning Engineer,125000,USD,125000,US,0,US,M
2024,EX,FT,Machine Learning Engineer,265000,USD,265000,US,0,US,M
2024,EX,FT,Machine Learning Engineer,203800,USD,203800,US,0,US,M
2024,SE,FT,Data Analyst,135000,USD,135000,US,0,US,M
2024,SE,FT,Data Analyst,105000,USD,105000,US,0,US,M
2024,SE,FT,Analytics Engineer,345400,USD,345400,US,0,US,M
2024,SE,FT,Analytics Engineer,272700,USD,272700,US,0,US,M
2024,MI,FT,Robotics Software Engineer,198000,USD,198000,US,0,US,M
2024,MI,FT,Robotics Software Engineer,160000,USD,160000,US,0,US,M
2024,SE,FT,Data Engineer,198000,USD,198000,US,0,US,M
2024,SE,FT,Data Engineer,180000,USD,180000,US,0,US,M
2024,SE,FT,Data Analyst,100000,USD,100000,US,0,US,M
2024,SE,FT,Data Analyst,80000,USD,80000,US,0,US,M
2024,SE,FT,Machine Learning Engineer,250000,USD,250000,US,0,US,M
2024,SE,FT,Machine Learning Engineer,200000,USD,200000,US,0,US,M
2024,SE,FT,Data Scientist,155000,USD,155000,US,0,US,M
2024,SE,FT,Data Scientist,139500,USD,139500,US,0,US,M
2024,SE,FT,Data Architect,160000,USD,160000,US,0,US,M
2024,SE,FT,Data Architect,110000,USD,110000,US,0,US,M
2024,SE,FT,Research Scientist,247600,USD,247600,US,0,US,L
2024,SE,FT,Research Scientist,127300,USD,127300,US,0,US,L
2024,SE,FT,Data Scientist,191500,USD,191500,US,0,US,M
2024,SE,FT,Data Scientist,111500,USD,111500,US,0,US,M
2024,SE,FT,Data Scientist,204800,USD,204800,US,0,US,M
2024,SE,FT,Data Scientist,115800,USD,115800,US,0,US,M
2024,SE,FT,Data Scientist,116000,USD,116000,US,0,US,M
2024,SE,FT,Data Scientist,90000,USD,90000,US,0,US,M
2024,SE,FT,Data Scientist,206000,USD,206000,US,100,US,M
2024,SE,FT,Data Scientist,140250,USD,140250,US,100,US,M
2024,SE,FT,Applied Scientist,225000,USD,225000,US,0,US,M
2024,MI,FT,Data Scientist,190000,USD,190000,US,100,US,M
2024,MI,FT,Data Scientist,175000,USD,175000,US,100,US,M
2024,EN,FT,Data Analyst,84105,USD,84105,US,0,US,M
2024,EN,FT,Data Analyst,76095,USD,76095,US,0,US,M
2024,SE,FT,Machine Learning Engineer,250000,USD,250000,US,0,US,M
2024,SE,FT,Machine Learning Engineer,140000,USD,140000,US,0,US,M
2024,SE,FT,Data Engineer,140000,USD,140000,US,100,US,M
2024,SE,FT,Data Engineer,100000,USD,100000,US,100,US,M
2024,SE,FT,Machine Learning Researcher,250800,USD,250800,US,0,US,M
2024,SE,FT,Machine Learning Researcher,167200,USD,167200,US,0,US,M
2024,MI,FT,Data Engineer,165000,USD,165000,US,100,US,M
2024,MI,FT,Data Engineer,140250,USD,140250,US,100,US,M
2024,MI,FT,Data Scientist,110000,USD,110000,US,100,US,M
2024,MI,FT,Data Scientist,90000,USD,90000,US,100,US,M
2024,MI,FT,Research Scientist,300000,USD,300000,US,0,US,M
2024,MI,FT,Research Scientist,200000,USD,200000,US,0,US,M
2024,SE,FT,Data Scientist,155000,USD,155000,US,0,US,M
2024,SE,FT,Data Scientist,104603,USD,104603,US,0,US,M
2024,SE,FT,Data Scientist,279000,USD,279000,US,100,US,M
2024,SE,FT,Data Scientist,183000,USD,183000,US,100,US,M
2024,MI,FT,Data Scientist,252000,USD,252000,US,0,US,M
2024,MI,FT,Data Scientist,168000,USD,168000,US,0,US,M
2024,SE,FT,Data Analyst,96600,USD,96600,US,0,US,M
2024,SE,FT,Data Analyst,55200,USD,55200,US,0,US,M
2024,EN,FT,Data Analyst,73756,USD,73756,US,0,US,M
2024,EN,FT,Data Analyst,61463,USD,61463,US,0,US,M
2024,SE,FT,Data Engineer,130000,USD,130000,US,0,US,M
2024,SE,FT,Data Engineer,100000,USD,100000,US,0,US,M
2024,MI,FT,Data Engineer,167500,USD,167500,US,0,US,M
2024,MI,FT,Data Engineer,106500,USD,106500,US,0,US,M
2024,MI,FT,Analytics Engineer,126000,USD,126000,US,0,US,M
2024,MI,FT,Analytics Engineer,78000,USD,78000,US,0,US,M
2024,MI,FT,AI Architect,800000,USD,800000,CA,100,CA,M
2023,EN,FT,Data DevOps Engineer,44382,EUR,47918,NL,50,NL,L
2024,EN,FT,Data Analyst,40100,EUR,44555,LT,0,LT,M
2024,EN,FT,Data Analyst,28069,EUR,31187,LT,0,LT,M
2024,SE,FT,Data Engineer,220000,USD,220000,US,0,US,M
2024,SE,FT,Data Engineer,137500,USD,137500,US,0,US,M
2024,MI,FT,Data Scientist,127660,USD,127660,US,0,US,M
2024,MI,FT,Data Scientist,68740,USD,68740,US,0,US,M
2024,SE,FT,Machine Learning Engineer,137930,USD,137930,CA,0,CA,M
2024,SE,FT,Machine Learning Engineer,74270,USD,74270,CA,0,CA,M
2024,SE,FT,Data Engineer,180500,USD,180500,US,0,US,M
2024,SE,FT,Data Engineer,96200,USD,96200,US,0,US,M
2024,SE,FT,Data Engineer,266875,USD,266875,US,0,US,M
2024,SE,FT,Data Engineer,128250,USD,128250,US,0,US,M
2024,EX,FT,Business Intelligence,230000,USD,230000,US,0,US,M
2024,EX,FT,Business Intelligence,176900,USD,176900,US,0,US,M
2024,MI,FT,Data Scientist,212000,USD,212000,US,0,US,M
2024,MI,FT,Data Scientist,93300,USD,93300,US,0,US,M
2024,MI,FT,Machine Learning Scientist,200000,USD,200000,US,0,US,M
2024,MI,FT,Machine Learning Scientist,140000,USD,140000,US,0,US,M
2024,EN,FT,Data Analyst,80080,USD,80080,US,0,US,M
2024,EN,FT,Data Analyst,65400,USD,65400,US,0,US,M
2024,SE,FT,Machine Learning Engineer,210000,USD,210000,US,0,US,M
2024,SE,FT,Machine Learning Engineer,178500,USD,178500,US,0,US,M
2024,SE,FT,Data Scientist,165000,USD,165000,US,0,US,M
2024,SE,FT,Data Scientist,115500,USD,115500,US,0,US,M
2024,SE,FT,AI Software Engineer,242000,USD,242000,EG,0,EG,M
2024,SE,FT,AI Software Engineer,106200,USD,106200,EG,0,EG,M
2024,SE,FT,Data Integration Engineer,148000,USD,148000,US,0,US,M
2024,SE,FT,Data Integration Engineer,100000,USD,100000,US,0,US,M
2024,SE,FT,Data Engineer,160000,USD,160000,US,100,US,M
2024,SE,FT,Data Engineer,145000,USD,145000,US,100,US,M
2024,SE,FT,Machine Learning Engineer,180000,USD,180000,US,0,US,M
2024,SE,FT,Machine Learning Engineer,140000,USD,140000,US,0,US,M
2024,SE,FT,Data Analyst,96600,USD,96600,US,0,US,M
2024,SE,FT,Data Analyst,55200,USD,55200,US,0,US,M
2024,EN,FT,Data Analyst,85500,USD,85500,US,100,US,M
2024,EN,FT,Data Analyst,51000,USD,51000,US,100,US,M
2024,SE,FT,Data Scientist,185490,USD,185490,US,0,US,M
2024,SE,FT,Data Scientist,134530,USD,134530,US,0,US,M
2024,SE,FT,Research Scientist,337300,USD,337300,US,0,US,M
2024,SE,FT,Research Scientist,192700,USD,192700,US,0,US,M
2024,SE,FT,Data Engineer,205000,USD,205000,US,0,US,M
2024,SE,FT,Data Engineer,175000,USD,175000,US,0,US,M
2024,SE,FT,Data Scientist,185900,USD,185900,US,0,US,M
2024,SE,FT,Data Scientist,109400,USD,109400,US,0,US,M
2024,MI,FT,Machine Learning Engineer,200000,USD,200000,US,0,US,M
2024,MI,FT,Machine Learning Engineer,140000,USD,140000,US,0,US,M
2024,SE,FT,Data Engineer,277000,USD,277000,US,0,US,M
2024,SE,FT,Data Engineer,173000,USD,173000,US,0,US,M
2024,EX,FT,Data Architect,210000,USD,210000,US,100,US,M
2024,EX,FT,Data Architect,180000,USD,180000,US,100,US,M
2024,MI,FT,Data Engineer,70000,EUR,77777,AT,0,AT,M
2024,MI,FT,Data Engineer,53000,EUR,58888,AT,0,AT,M
2024,MI,FT,Data Engineer,200000,USD,200000,US,100,US,M
2024,MI,FT,Data Engineer,150000,USD,150000,US,100,US,M
2024,SE,FT,Data Analyst,193000,USD,193000,US,100,US,M
2024,SE,FT,Data Analyst,156000,USD,156000,US,100,US,M
2024,EN,FT,Business Intelligence Analyst,92000,USD,92000,AU,0,AU,M
2024,EN,FT,Business Intelligence Analyst,90000,USD,90000,AU,0,AU,M
2024,MI,FT,Analytics Engineer,197000,USD,197000,US,0,US,M
2024,MI,FT,Analytics Engineer,115000,USD,115000,US,0,US,M
2024,SE,FT,Data Analyst,86026,EUR,95584,DE,100,DE,M
2024,SE,FT,Data Analyst,71688,EUR,79653,DE,100,DE,M
2024,SE,FT,Data Analyst,86146,EUR,95717,NL,100,NL,M
2024,SE,FT,Data Analyst,71789,EUR,79765,NL,100,NL,M
2024,SE,FT,Data Scientist,170000,USD,170000,US,0,US,M
2024,SE,FT,Data Scientist,130000,USD,130000,US,0,US,M
2024,SE,FT,Data Scientist,297000,USD,297000,US,0,US,M
2024,SE,FT,Data Scientist,138000,USD,138000,US,0,US,M
2024,MI,FT,Research Scientist,212800,USD,212800,US,0,US,L
2024,MI,FT,Research Scientist,124100,USD,124100,US,0,US,L
2024,SE,FT,Data Scientist,160000,USD,160000,US,100,US,M
2024,SE,FT,Data Scientist,150000,USD,150000,US,100,US,M
2024,SE,FT,Data Operations Specialist,55720,USD,55720,US,100,US,M
2024,SE,FT,Data Operations Specialist,50700,USD,50700,US,100,US,M
2024,SE,FT,Data Analyst,140000,USD,140000,US,0,US,M
2024,SE,FT,Data Analyst,136000,USD,136000,US,0,US,M
2024,SE,FT,Data Engineer,195000,USD,195000,US,100,US,M
2024,SE,FT,Data Engineer,147500,USD,147500,US,100,US,M
2024,SE,FT,Data Engineer,195000,USD,195000,US,100,US,M
2024,SE,FT,Data Engineer,147500,USD,147500,US,100,US,M
2024,EN,FT,Research Analyst,300000,USD,300000,US,0,US,M
2024,EN,FT,Research Analyst,150000,USD,150000,US,0,US,M
2024,SE,FT,Data Engineer,154000,USD,154000,US,0,US,M
2024,SE,FT,Data Engineer,103000,USD,103000,US,0,US,M
2024,EN,FT,Research Analyst,300000,USD,300000,US,0,US,M
2024,EN,FT,Research Analyst,150000,USD,150000,US,0,US,M
2024,SE,FT,Machine Learning Engineer,234000,USD,234000,US,100,US,M
2024,SE,FT,Machine Learning Engineer,208000,USD,208000,US,100,US,M
2024,SE,FT,Data Engineer,206000,USD,206000,US,100,US,M
2024,SE,FT,Data Engineer,175100,USD,175100,US,100,US,M
2024,SE,FT,Machine Learning Engineer,324000,USD,324000,US,0,US,M
2024,SE,FT,Machine Learning Engineer,159000,USD,159000,US,0,US,M
2024,SE,FT,Data Engineer,150895,USD,150895,US,0,US,M
2024,SE,FT,Data Engineer,120715,USD,120715,US,0,US,M
2024,EN,FT,Research Analyst,300000,USD,300000,US,100,US,M
2024,EN,FT,Research Analyst,150000,USD,150000,US,100,US,M
2024,SE,FT,Data Scientist,283800,USD,283800,US,0,US,M
2024,SE,FT,Data Scientist,234700,USD,234700,US,0,US,M
2024,EN,FT,Business Intelligence Analyst,86000,USD,86000,US,0,US,M
2024,EN,FT,Business Intelligence Analyst,53000,USD,53000,US,0,US,M
2024,SE,FT,Data Scientist,187158,USD,187158,US,0,US,M
2024,SE,FT,Data Scientist,116974,USD,116974,US,0,US,M
2024,SE,FT,Analytics Engineer,225000,USD,225000,US,0,US,M
2024,SE,FT,Analytics Engineer,180000,USD,180000,US,0,US,M
2024,SE,FT,Data Scientist,179000,USD,179000,US,0,US,M
2024,SE,FT,Data Scientist,112000,USD,112000,US,0,US,M
2024,SE,FT,Machine Learning Engineer,195700,USD,195700,US,0,US,M
2024,SE,FT,Machine Learning Engineer,97700,USD,97700,US,0,US,M
2024,SE,FT,BI Analyst,100000,USD,100000,US,0,US,M
2024,SE,FT,BI Analyst,85000,USD,85000,US,0,US,M
2024,MI,FT,Data Analyst,119000,USD,119000,US,0,US,M
2024,MI,FT,Data Analyst,52100,USD,52100,US,0,US,M
2024,SE,FT,Business Intelligence Developer,136000,USD,136000,US,0,US,M
2024,SE,FT,Business Intelligence Developer,91536,USD,91536,US,0,US,M
2024,SE,FT,Data Engineer,199700,USD,199700,US,0,US,M
2024,SE,FT,Data Engineer,165100,USD,165100,US,0,US,M
2024,SE,FT,Machine Learning Engineer,251250,USD,251250,US,0,US,M
2024,SE,FT,Machine Learning Engineer,120750,USD,120750,US,0,US,M
2024,SE,FT,Data Scientist,240000,USD,240000,US,100,US,M
2024,SE,FT,Data Scientist,220000,USD,220000,US,100,US,M
2024,SE,FT,Data Scientist,160000,USD,160000,US,100,US,M
2024,SE,FT,Data Scientist,150000,USD,150000,US,100,US,M
2024,EX,FT,Data Scientist,300000,USD,300000,US,100,US,M
2024,EX,FT,Data Scientist,220000,USD,220000,US,100,US,M
2024,EN,FT,Data Analyst,130000,USD,130000,US,0,US,M
2024,EN,FT,Data Analyst,100000,USD,100000,US,0,US,M
2024,EN,FT,Data Analyst,170000,USD,170000,US,100,US,M
2024,EN,FT,Data Analyst,150000,USD,150000,US,100,US,M
2024,SE,FT,Data Analyst,150000,USD,150000,US,0,US,M
2024,SE,FT,Data Analyst,120000,USD,120000,US,0,US,M
2024,SE,FT,Data Scientist,247300,USD,247300,US,0,US,M
2024,SE,FT,Data Scientist,139800,USD,139800,US,0,US,M
2024,EX,FT,Data Engineer,220000,USD,220000,US,100,US,M
2024,EX,FT,Data Engineer,210000,USD,210000,US,100,US,M
2024,EN,FT,Research Analyst,116000,USD,116000,US,100,US,M
2024,EN,FT,Research Analyst,79000,USD,79000,US,100,US,M
2024,MI,FT,Data Scientist,130000,USD,130000,US,0,US,M
2024,MI,FT,Data Scientist,117000,USD,117000,US,0,US,M
2024,MI,FT,Data Scientist,172200,USD,172200,US,0,US,M
2024,MI,FT,Data Scientist,131200,USD,131200,US,0,US,M
2024,SE,FT,Research Scientist,210000,USD,210000,US,0,US,M
2024,SE,FT,Research Scientist,151800,USD,151800,US,0,US,M
2024,MI,FT,Data Engineer,133000,USD,133000,US,0,US,M
2024,MI,FT,Data Engineer,58300,USD,58300,US,0,US,M
2024,MI,FT,Research Scientist,359400,USD,359400,US,100,US,M
2024,MI,FT,Research Scientist,239600,USD,239600,US,100,US,M
2024,EN,FT,BI Analyst,80000,USD,80000,US,0,US,M
2024,EN,FT,BI Analyst,70000,USD,70000,US,0,US,M
2024,SE,FT,Data Scientist,324100,USD,324100,US,0,US,L
2024,SE,FT,Data Scientist,166700,USD,166700,US,0,US,L
2024,MI,FT,Data Engineer,100000,USD,100000,US,0,US,M
2024,MI,FT,Data Engineer,80000,USD,80000,US,0,US,M
2024,SE,FT,Data Analyst,85000,USD,85000,US,0,US,M
2024,SE,FT,Data Analyst,75000,USD,75000,US,0,US,M
2024,SE,FT,Data Scientist,243800,USD,243800,US,100,US,M
2024,SE,FT,Data Scientist,144200,USD,144200,US,100,US,M
2024,SE,FT,Machine Learning Engineer,220000,USD,220000,CA,0,CA,M
2024,SE,FT,Machine Learning Engineer,200000,USD,200000,CA,0,CA,M
2024,SE,FT,AI Architect,289000,USD,289000,US,100,US,L
2024,MI,FT,Business Intelligence Developer,77826,USD,77826,US,100,US,M
2024,MI,FT,Business Intelligence Developer,59300,USD,59300,US,100,US,M
2024,MI,FT,Data Scientist,166000,USD,166000,US,0,US,M
2024,MI,FT,Data Scientist,73100,USD,73100,US,0,US,M
2024,MI,FT,Research Engineer,151500,USD,151500,US,0,US,M
2024,MI,FT,Research Engineer,101000,USD,101000,US,0,US,M
2024,SE,FT,Machine Learning Engineer,182000,USD,182000,US,0,US,M
2024,SE,FT,Machine Learning Engineer,164000,USD,164000,US,0,US,M
2024,SE,FT,Analytics Engineer,132100,USD,132100,US,100,US,M
2024,SE,FT,Analytics Engineer,96700,USD,96700,US,100,US,M
2024,MI,FT,Data Manager,98500,USD,98500,US,100,US,M
2024,MI,FT,Data Manager,71500,USD,71500,US,100,US,M
2024,SE,FT,Machine Learning Engineer,200800,USD,200800,US,0,US,M
2024,SE,FT,Machine Learning Engineer,107800,USD,107800,US,0,US,M
2024,EN,FT,Data Analyst,106100,USD,106100,US,0,US,M
2024,EN,FT,Data Analyst,74300,USD,74300,US,0,US,M
2024,SE,FT,Data Analyst,153900,USD,153900,US,0,US,M
2024,SE,FT,Data Analyst,112715,USD,112715,US,0,US,M
2024,SE,FT,Analytics Engineer,105000,USD,105000,US,0,US,M
2024,SE,FT,Analytics Engineer,94200,USD,94200,US,0,US,M
2024,MI,FT,Data Product Manager,171000,USD,171000,US,100,US,M
2024,MI,FT,Data Product Manager,136000,USD,136000,US,100,US,M
2024,SE,FT,Machine Learning Engineer,221000,USD,221000,US,0,US,M
2024,SE,FT,Machine Learning Engineer,185000,USD,185000,US,0,US,M
2024,EN,FT,Data Analyst,92700,USD,92700,US,100,US,M
2024,EN,FT,Data Analyst,64900,USD,64900,US,100,US,M
2024,MI,FT,Data Engineer,126600,USD,126600,US,0,US,M
2024,MI,FT,Data Engineer,80800,USD,80800,US,0,US,M
2024,SE,FT,Data Scientist,164845,USD,164845,US,0,US,M
2024,SE,FT,Data Scientist,119887,USD,119887,US,0,US,M
2024,EN,FT,Data Analyst,93000,USD,93000,US,0,US,M
2024,EN,FT,Data Analyst,87000,USD,87000,US,0,US,M
2024,MI,FT,Data Analyst,103500,USD,103500,US,0,US,M
2024,MI,FT,Data Analyst,65600,USD,65600,US,0,US,M
2024,MI,FT,Business Intelligence Engineer,165600,USD,165600,US,0,US,L
2024,MI,FT,Business Intelligence Engineer,65800,USD,65800,US,0,US,L
2024,SE,FT,Data Scientist,164000,USD,164000,US,100,US,M
2024,SE,FT,Data Scientist,152000,USD,152000,US,100,US,M
2024,SE,FT,Applied Scientist,250000,USD,250000,US,100,US,M
2024,SE,FT,Applied Scientist,180000,USD,180000,US,100,US,M
2024,MI,FT,Machine Learning Engineer,202000,USD,202000,US,0,US,M
2024,MI,FT,Machine Learning Engineer,137000,USD,137000,US,0,US,M
2024,SE,FT,Machine Learning Scientist,204600,USD,204600,US,0,US,M
2024,SE,FT,Machine Learning Scientist,84500,USD,84500,US,0,US,M
2024,SE,FT,Research Engineer,190000,USD,190000,US,0,US,M
2024,SE,FT,Research Engineer,151500,USD,151500,US,0,US,M
2024,MI,FT,Data Scientist,65000,GBP,81250,GB,0,GB,M
2024,MI,FT,Data Scientist,55000,GBP,68750,GB,0,GB,M
2024,SE,FT,Data Scientist,168800,USD,168800,US,0,US,M
2024,SE,FT,Data Scientist,93800,USD,93800,US,0,US,M
2024,MI,FT,Data Scientist,132567,USD,132567,US,0,US,M
2024,MI,FT,Data Scientist,96412,USD,96412,US,0,US,M
2024,SE,FT,Machine Learning Engineer,309000,USD,309000,US,0,US,M
2024,SE,FT,Machine Learning Engineer,142000,USD,142000,US,0,US,M
2024,SE,FT,Research Engineer,333500,USD,333500,US,0,US,M
2024,SE,FT,Research Engineer,156000,USD,156000,US,0,US,M
2024,SE,FT,Data Scientist,266875,USD,266875,US,0,US,M
2024,SE,FT,Data Scientist,128250,USD,128250,US,0,US,M
2024,SE,FT,Data Engineer,191311,USD,191311,US,100,US,M
2024,SE,FT,Data Engineer,166358,USD,166358,US,100,US,M
2024,SE,FT,Data Scientist,218500,USD,218500,US,100,US,M
2024,SE,FT,Data Scientist,190000,USD,190000,US,100,US,M
2024,MI,FT,Data Specialist,70000,USD,70000,US,0,US,M
2024,MI,FT,Data Specialist,60000,USD,60000,US,0,US,M
2024,SE,FT,Machine Learning Engineer,324000,USD,324000,US,0,US,M
2024,SE,FT,Machine Learning Engineer,159000,USD,159000,US,0,US,M
2024,SE,FT,Analytics Engineer,179000,USD,179000,US,0,US,M
2024,SE,FT,Analytics Engineer,152000,USD,152000,US,0,US,M
2024,SE,FT,Machine Learning Engineer,235680,USD,235680,US,0,US,M
2024,SE,FT,Machine Learning Engineer,153040,USD,153040,US,0,US,M
2024,EN,FT,Data Analyst,140000,USD,140000,US,0,US,M
2024,EN,FT,Data Analyst,100000,USD,100000,US,0,US,M
2024,MI,FT,Data Analyst,187000,USD,187000,US,0,US,M
2024,MI,FT,Data Analyst,153000,USD,153000,US,0,US,M
2024,MI,FT,Data Engineer,185000,USD,185000,US,0,US,L
2024,MI,FT,Data Engineer,81000,USD,81000,US,0,US,L
2024,SE,FT,Machine Learning Engineer,290000,USD,290000,US,0,US,M
2024,SE,FT,Machine Learning Engineer,203000,USD,203000,US,0,US,M
2024,SE,FT,AI Engineer,142352,USD,142352,US,0,US,M
2024,SE,FT,AI Engineer,95325,USD,95325,US,0,US,M
2024,MI,FT,Data Analyst,187000,USD,187000,US,0,US,M
2024,MI,FT,Data Analyst,153000,USD,153000,US,0,US,M
2024,SE,FT,Data Scientist,190000,USD,190000,CA,0,CA,M
2024,SE,FT,Data Scientist,158500,USD,158500,CA,0,CA,M
2024,MI,FT,Data Scientist,240000,USD,240000,US,0,US,M
2024,MI,FT,Data Scientist,180000,USD,180000,US,0,US,M
2024,EN,CT,AI Research Scientist,80000,EUR,88888,DE,0,DE,L
2024,EX,FT,Data Scientist,96000,EUR,106666,ES,100,ES,L
2024,EX,FT,Data Scientist,96000,EUR,106666,ES,100,ES,L
2024,SE,FT,Data Engineer,130500,USD,130500,US,0,US,M
2024,SE,FT,Data Engineer,96000,USD,96000,US,0,US,M
2024,MI,FT,Data Scientist,166000,USD,166000,US,0,US,M
2024,MI,FT,Data Scientist,73100,USD,73100,US,0,US,M
2024,MI,FT,Machine Learning Engineer,50000,GBP,62500,GB,0,GB,M
2024,MI,FT,Machine Learning Engineer,40000,GBP,50000,GB,0,GB,M
2024,SE,FT,Data Analyst,234000,USD,234000,US,0,US,M
2024,SE,FT,Data Analyst,146000,USD,146000,US,0,US,M
2024,SE,FT,Data Engineer,100000,GBP,125000,GB,0,GB,M
2024,SE,FT,Data Engineer,100000,GBP,125000,GB,0,GB,M
2024,SE,FT,Data Scientist,58800,EUR,65333,LT,0,LT,M
2024,SE,FT,Data Scientist,42000,EUR,46666,LT,0,LT,M
2024,SE,FT,Data Engineer,105000,USD,105000,US,100,US,M
2024,SE,FT,Data Engineer,95000,USD,95000,US,100,US,M
2024,EN,FT,Data Analyst,60500,USD,60500,US,0,US,M
2024,EN,FT,Data Analyst,40300,USD,40300,US,0,US,M
2024,MI,FT,Data Analyst,160000,USD,160000,US,0,US,M
2024,MI,FT,Data Analyst,95000,USD,95000,US,0,US,M
2024,EN,FT,Data Engineer,152500,USD,152500,US,0,US,M
2024,EN,FT,Data Engineer,138200,USD,138200,US,0,US,M
2024,SE,FT,Research Scientist,164300,USD,164300,US,0,US,M
2024,SE,FT,Research Scientist,104000,USD,104000,US,0,US,M
2024,SE,FT,Data Analyst,163700,USD,163700,US,0,US,M
2024,SE,FT,Data Analyst,109100,USD,109100,US,0,US,M
2024,SE,FT,Data Engineer,130000,USD,130000,US,0,US,M
2024,SE,FT,Data Engineer,100000,USD,100000,US,0,US,M
2024,SE,FT,Machine Learning Engineer,220000,USD,220000,US,0,US,M
2024,SE,FT,Machine Learning Engineer,200000,USD,200000,US,0,US,M
2024,MI,FT,Data Engineer,115000,USD,115000,US,100,US,M
2024,MI,FT,Data Engineer,95000,USD,95000,US,100,US,M
2024,SE,FT,Analytics Engineer,230000,USD,230000,US,0,US,M
2024,SE,FT,Analytics Engineer,170000,USD,170000,US,0,US,M
2024,SE,FT,Analytics Engineer,250000,USD,250000,US,100,US,M
2024,SE,FT,Analytics Engineer,180700,USD,180700,US,100,US,M
2024,SE,FT,Analytics Engineer,136675,USD,136675,US,100,US,M
2024,SE,FT,Analytics Engineer,111648,USD,111648,US,100,US,M
2024,SE,FT,Data Engineer,65000,GBP,81250,GB,0,GB,M
2024,SE,FT,Data Engineer,65000,GBP,81250,GB,0,GB,M
2024,SE,FT,Machine Learning Engineer,254000,USD,254000,US,0,US,M
2024,SE,FT,Machine Learning Engineer,200000,USD,200000,US,0,US,M
2024,SE,FT,Data Scientist,161000,USD,161000,US,0,US,M
2024,SE,FT,Data Scientist,133200,USD,133200,US,0,US,M
2024,MI,FT,Data Engineer,85000,GBP,106250,GB,0,GB,M
2024,MI,FT,Data Engineer,85000,GBP,106250,GB,0,GB,M
2024,EN,FT,Research Engineer,160000,USD,160000,US,0,US,M
2024,EN,FT,Research Engineer,140000,USD,140000,US,0,US,M
2024,MI,FT,Machine Learning Engineer,223100,USD,223100,US,100,US,M
2024,MI,FT,Machine Learning Engineer,126400,USD,126400,US,100,US,M
2024,SE,FT,Analytics Engineer,190000,USD,190000,US,100,US,M
2024,SE,FT,Analytics Engineer,136000,USD,136000,US,100,US,M
2024,MI,FT,Data Strategist,134400,USD,134400,US,0,US,M
2024,MI,FT,Data Strategist,100000,USD,100000,US,0,US,M
2024,MI,FT,Data Engineer,246000,USD,246000,US,100,US,M
2024,MI,FT,Data Engineer,170000,USD,170000,US,100,US,M
2024,EN,FT,Research Analyst,198000,USD,198000,US,100,US,M
2024,EN,FT,Research Analyst,115000,USD,115000,US,100,US,M
2024,MI,FT,Data Scientist,150000,USD,150000,US,100,US,M
2024,MI,FT,Data Scientist,103000,USD,103000,US,100,US,M
2024,SE,FT,Data Scientist,170000,USD,170000,US,0,US,M
2024,SE,FT,Data Scientist,160000,USD,160000,US,0,US,M
2024,SE,FT,Data Analyst,175000,USD,175000,US,0,US,M
2024,SE,FT,Data Analyst,117000,USD,117000,US,0,US,M
2024,SE,FT,Data Analyst,85000,USD,85000,US,0,US,M
2024,SE,FT,Data Analyst,79000,USD,79000,US,0,US,M
2024,MI,FT,Analytics Engineer,100000,USD,100000,US,100,US,M
2024,MI,FT,Analytics Engineer,75000,USD,75000,US,100,US,M
2024,SE,FT,Data Scientist,205000,USD,205000,US,0,US,M
2024,SE,FT,Data Scientist,190000,USD,190000,US,0,US,M
2024,SE,FT,Data Engineer,331640,USD,331640,US,0,US,M
2024,SE,FT,Data Engineer,283780,USD,283780,US,0,US,M
2024,MI,FT,Applied Scientist,222200,USD,222200,US,0,US,L
2024,MI,FT,Applied Scientist,136000,USD,136000,US,0,US,L
2024,MI,FT,Big Data Developer,117000,USD,117000,US,0,US,L
2024,EN,FT,Business Intelligence Analyst,99000,USD,99000,US,0,US,M
2024,EN,FT,Business Intelligence Analyst,72000,USD,72000,US,0,US,M
2024,MI,FT,Data Manager,77000,USD,77000,US,0,US,M
2024,MI,FT,Data Manager,49900,USD,49900,US,0,US,M
2024,MI,FT,Data Analyst,95000,USD,95000,US,0,US,M
2024,MI,FT,Data Analyst,70000,USD,70000,US,0,US,M
2024,MI,FT,Data Scientist,203500,USD,203500,US,100,US,M
2024,MI,FT,Data Scientist,133000,USD,133000,US,100,US,M
2024,SE,FT,Data Engineer,104000,USD,104000,US,0,US,M
2024,SE,FT,Data Engineer,80000,USD,80000,US,0,US,M
2024,MI,FT,Data Analyst,134400,USD,134400,US,0,US,M
2024,MI,FT,Data Analyst,100000,USD,100000,US,0,US,M
2024,EN,FT,Data Scientist,26800,GBP,33500,GB,0,GB,M
2024,EN,FT,Data Scientist,26800,GBP,33500,GB,0,GB,M
2024,SE,FT,Data Scientist,65000,GBP,81250,GB,100,GB,M
2024,SE,FT,Data Scientist,45000,GBP,56250,GB,100,GB,M
2024,EN,FT,Data Analyst,64500,USD,64500,US,0,US,M
2024,EN,FT,Data Analyst,51500,USD,51500,US,0,US,M
2024,SE,FT,Machine Learning Engineer,240200,USD,240200,GB,100,GB,M
2024,SE,FT,Machine Learning Engineer,102900,USD,102900,GB,100,GB,M
2024,MI,FT,Data Analyst,195600,USD,195600,US,100,US,M
2024,MI,FT,Data Analyst,165500,USD,165500,US,100,US,M
2024,SE,FT,Data Analyst,180400,USD,180400,US,0,US,M
2024,SE,FT,Data Analyst,138800,USD,138800,US,0,US,M
2024,SE,FT,Data Scientist,180000,USD,180000,US,0,US,M
2024,SE,FT,Data Scientist,139000,USD,139000,US,0,US,M
2024,SE,FT,Data Scientist,112000,USD,112000,US,0,US,M
2024,SE,FT,Data Scientist,109000,USD,109000,US,0,US,M
2024,SE,FT,Data Scientist,147670,USD,147670,US,0,US,M
2024,SE,FT,Data Scientist,118136,USD,118136,US,0,US,M
2024,SE,FT,Data Architect,164000,USD,164000,US,0,US,M
2024,SE,FT,Data Architect,117000,USD,117000,US,0,US,M
2024,SE,FT,BI Developer,42000,USD,42000,PH,0,PH,M
2024,SE,FT,BI Developer,21600,USD,21600,PH,0,PH,M
2024,SE,FT,Data Scientist,154000,USD,154000,US,0,US,M
2024,SE,FT,Data Scientist,81536,USD,81536,US,0,US,M
2024,SE,FT,Data Scientist,180000,USD,180000,US,0,US,M
2024,SE,FT,Data Scientist,139000,USD,139000,US,0,US,M
2024,EN,FT,Data Analyst,23000,GBP,28750,GB,0,GB,M
2024,EN,FT,Data Analyst,23000,GBP,28750,GB,0,GB,M
2024,SE,FT,Data Engineer,198000,USD,198000,US,100,US,M
2024,SE,FT,Data Engineer,143000,USD,143000,US,100,US,M
2024,SE,FT,Machine Learning Engineer,340000,USD,340000,US,0,US,M
2024,SE,FT,Machine Learning Engineer,212000,USD,212000,US,0,US,M
2024,SE,FT,Machine Learning Scientist,230000,USD,230000,US,0,US,M
2024,SE,FT,Machine Learning Scientist,170000,USD,170000,US,0,US,M
2024,EN,FT,Quantitative Research Analyst,51000,USD,51000,US,0,US,M
2024,SE,FT,Lead Machine Learning Engineer,70000,EUR,77777,FI,50,FI,L
2024,EN,FT,Machine Learning Engineer,27000,USD,27000,TR,0,TR,S
2024,MI,FT,Data Scientist,114000,CHF,129545,CH,50,CH,L
2024,EN,FT,Machine Learning Research Engineer,105000,CAD,80769,CA,50,CA,M
2024,SE,FT,Business Intelligence Engineer,108500,USD,108500,US,100,US,M
2024,SE,FT,Business Intelligence Engineer,78800,USD,78800,US,100,US,M
2024,MI,FT,Data Infrastructure Engineer,385000,USD,385000,US,0,US,M
2024,MI,FT,Data Infrastructure Engineer,200000,USD,200000,US,0,US,M
2024,SE,FT,Data Scientist,297000,USD,297000,US,0,US,M
2024,SE,FT,Data Scientist,138000,USD,138000,US,0,US,M
2024,MI,FT,Data Scientist,198000,USD,198000,US,0,US,M
2024,MI,FT,Data Scientist,140000,USD,140000,US,0,US,M
2023,SE,FT,AI Engineer,46848,USD,46848,OM,0,OM,M
2024,EN,FT,Machine Learning Engineer,130400,USD,130400,US,0,US,M
2024,EN,FT,Machine Learning Engineer,74500,USD,74500,US,0,US,M
2024,SE,FT,Data Architect,212000,USD,212000,AU,0,AU,M
2024,SE,FT,Data Architect,93400,USD,93400,AU,0,AU,M
2024,MI,FT,Business Intelligence Analyst,142000,USD,142000,CA,0,CA,M
2024,MI,FT,Business Intelligence Analyst,91300,USD,91300,CA,0,CA,M
2024,SE,FT,Data Analytics Lead,166000,USD,166000,US,0,US,M
2024,SE,FT,Data Analytics Lead,73100,USD,73100,US,0,US,M
2024,EN,FT,Data Scientist,133000,USD,133000,US,0,US,M
2024,EN,FT,Data Scientist,58400,USD,58400,US,0,US,M
2024,SE,FT,Data Scientist,204600,USD,204600,US,0,US,M
2024,SE,FT,Data Scientist,84500,USD,84500,US,0,US,M
2024,MI,FT,Data Scientist,176000,USD,176000,US,0,US,M
2024,MI,FT,Data Scientist,72700,USD,72700,US,0,US,M
2024,EN,FT,Data Analyst,92000,USD,92000,US,100,US,M
2024,EN,FT,Data Analyst,65000,USD,65000,US,100,US,M
2024,SE,FT,Data Engineer,231000,USD,231000,US,100,US,M
2024,SE,FT,Data Engineer,141000,USD,141000,US,100,US,M
2024,SE,FT,Data Scientist,162819,USD,162819,US,100,US,M
2024,SE,FT,Data Scientist,95776,USD,95776,US,100,US,M
2024,MI,FT,Applied Scientist,222200,USD,222200,US,0,US,L
2024,MI,FT,Applied Scientist,136000,USD,136000,US,0,US,L
2024,MI,FT,Data Engineer,138278,USD,138278,US,0,US,M
2024,MI,FT,Data Engineer,86424,USD,86424,US,0,US,M
2024,SE,FT,Analytics Engineer,130500,USD,130500,US,0,US,M
2024,SE,FT,Analytics Engineer,96000,USD,96000,US,0,US,M
2024,SE,FT,Data Architect,175000,USD,175000,US,0,US,M
2024,SE,FT,Data Architect,117000,USD,117000,US,0,US,M
2024,MI,FT,Data Engineer,122100,USD,122100,US,0,US,M
2024,MI,FT,Data Engineer,75500,USD,75500,US,0,US,M
2024,MI,FT,Data Product Manager,250000,USD,250000,US,0,US,M
2024,MI,FT,Data Product Manager,200000,USD,200000,US,0,US,M
2024,MI,FT,Business Intelligence Manager,117000,USD,117000,US,0,US,M
2024,MI,FT,Business Intelligence Manager,99600,USD,99600,US,0,US,M
2024,EN,FT,Data Engineer,162240,USD,162240,US,0,US,M
2024,EN,FT,Data Engineer,47840,USD,47840,US,0,US,M
2024,MI,FT,Data Scientist,231250,USD,231250,US,0,US,M
2024,MI,FT,Data Scientist,111000,USD,111000,US,0,US,M
2024,SE,FT,Data Engineer,277000,USD,277000,US,0,US,M
2024,SE,FT,Data Engineer,173000,USD,173000,US,0,US,M
2024,MI,FT,Data Analytics Manager,128000,USD,128000,US,0,US,M
2024,MI,FT,Data Analytics Manager,81500,USD,81500,US,0,US,M
2024,SE,FT,Data Scientist,202800,USD,202800,US,0,US,M
2024,SE,FT,Data Scientist,115000,USD,115000,US,0,US,M
2024,EN,FT,Data Analyst,65000,USD,65000,US,0,US,M
2024,EN,FT,Data Analyst,55751,USD,55751,US,0,US,M
2024,SE,FT,Data Architect,165000,USD,165000,US,100,US,M
2024,SE,FT,Data Architect,150000,USD,150000,US,100,US,M
2024,SE,FT,AI Architect,257250,USD,257250,US,100,US,M
2024,SE,FT,AI Architect,99750,USD,99750,US,100,US,M
2024,SE,FT,Data Architect,169767,USD,169767,NZ,0,NZ,M
2024,SE,FT,Data Architect,136420,USD,136420,NZ,0,NZ,M
2024,MI,FT,Data Developer,100000,USD,100000,US,0,US,M
2024,MI,FT,Data Developer,95000,USD,95000,US,0,US,M
2024,MI,FT,Data Scientist,147800,USD,147800,US,0,US,M
2024,MI,FT,Data Scientist,93100,USD,93100,US,0,US,M
2024,MI,FT,Data Manager,83300,USD,83300,US,0,US,M
2024,MI,FT,Data Manager,47500,USD,47500,US,0,US,M
2024,SE,FT,Data Engineer,160000,USD,160000,US,0,US,M
2024,SE,FT,Data Engineer,100000,USD,100000,US,0,US,M
2024,EN,FT,Business Intelligence Analyst,92000,USD,92000,AU,0,AU,M
2024,EN,FT,Business Intelligence Analyst,90000,USD,90000,AU,0,AU,M
2024,SE,FT,Data Product Manager,220000,USD,220000,GB,0,GB,M
2024,SE,FT,Data Product Manager,137500,USD,137500,GB,0,GB,M
2024,EN,FT,Data Scientist,175100,USD,175100,US,0,US,M
2024,EN,FT,Data Scientist,82915,USD,82915,US,0,US,M
2024,MI,FT,Data Engineer,166000,USD,166000,US,0,US,M
2024,MI,FT,Data Engineer,73000,USD,73000,US,0,US,M
2024,SE,FT,Data Scientist,236400,USD,236400,US,0,US,M
2024,SE,FT,Data Scientist,141800,USD,141800,US,0,US,M
2024,SE,FT,Data Engineer,150000,USD,150000,US,0,US,M
2024,SE,FT,Data Engineer,135000,USD,135000,US,0,US,M
2024,SE,FT,Business Intelligence Developer,147500,USD,147500,US,100,US,M
2024,SE,FT,Business Intelligence Developer,70800,USD,70800,US,100,US,M
2024,MI,FT,Business Intelligence Engineer,185000,USD,185000,US,0,US,L
2024,MI,FT,Business Intelligence Engineer,79600,USD,79600,US,0,US,L
2024,EN,FT,Data Analyst,99200,USD,99200,US,100,US,M
2024,EN,FT,Data Analyst,69400,USD,69400,US,100,US,M
2024,EN,FT,Data Analyst,88200,USD,88200,US,100,US,M
2024,EN,FT,Data Analyst,61700,USD,61700,US,100,US,M
2024,SE,FT,Research Engineer,234000,USD,234000,US,0,US,M
2024,SE,FT,Research Engineer,146000,USD,146000,US,0,US,M
2024,MI,FT,Data Scientist,165000,USD,165000,US,0,US,M
2024,MI,FT,Data Scientist,165000,USD,165000,US,0,US,M
2024,SE,FT,Data Analyst,160000,USD,160000,US,0,US,M
2024,SE,FT,Data Analyst,130000,USD,130000,US,0,US,M
2024,MI,FT,Data Scientist,154800,USD,154800,US,0,US,M
2024,MI,FT,Data Scientist,76300,USD,76300,US,0,US,M
2024,MI,FT,Data Analyst,112000,USD,112000,US,0,US,M
2024,MI,FT,Data Analyst,84000,USD,84000,US,0,US,M
2024,EN,FT,Data Analyst,115000,USD,115000,US,0,US,M
2024,EN,FT,Data Analyst,90000,USD,90000,US,0,US,M
2024,SE,FT,Data Engineer,170000,USD,170000,US,0,US,M
2024,SE,FT,Data Engineer,130000,USD,130000,US,0,US,M
2024,SE,FT,Business Intelligence Engineer,185000,USD,185000,US,0,US,L
2024,SE,FT,Business Intelligence Engineer,79600,USD,79600,US,0,US,L
2024,EN,FT,Data Analyst,160000,USD,160000,US,0,US,M
2024,EN,FT,Data Analyst,110000,USD,110000,US,0,US,M
2024,MI,FT,Data Analyst,95000,USD,95000,US,0,US,M
2024,MI,FT,Data Analyst,65000,USD,65000,US,0,US,M
2024,SE,FT,Analytics Engineer,180000,USD,180000,CA,100,CA,M
2024,SE,FT,Analytics Engineer,120000,USD,120000,CA,100,CA,M
2024,SE,FT,Data Analyst,155000,USD,155000,US,0,US,M
2024,SE,FT,Data Analyst,100000,USD,100000,US,0,US,M
2024,SE,FT,Data Scientist,190500,USD,190500,CA,100,CA,M
2024,SE,FT,Data Scientist,138500,USD,138500,CA,100,CA,M
2024,SE,FT,Data Engineer,159000,USD,159000,CA,0,CA,M
2024,SE,FT,Data Engineer,127000,USD,127000,CA,0,CA,M
2024,EN,FT,Data Analyst,147000,USD,147000,US,0,US,M
2024,EN,FT,Data Analyst,118000,USD,118000,US,0,US,M
2024,EN,FT,Machine Learning Engineer,170000,USD,170000,US,0,US,M
2024,EN,FT,Machine Learning Engineer,125000,USD,125000,US,0,US,M
2024,SE,FT,Data Scientist,116000,USD,116000,US,0,US,M
2024,SE,FT,Data Scientist,90000,USD,90000,US,0,US,M
2024,SE,FT,Data Engineer,255475,USD,255475,US,100,US,M
2024,SE,FT,Data Engineer,185800,USD,185800,US,100,US,M
2024,MI,FT,Data Strategist,85000,USD,85000,US,0,US,M
2024,MI,FT,Data Strategist,65000,USD,65000,US,0,US,M
2024,MI,FT,Data Scientist,150000,USD,150000,US,0,US,M
2024,MI,FT,Data Scientist,120000,USD,120000,US,0,US,M
2024,MI,FT,Analytics Engineer,190000,USD,190000,US,0,US,M
2024,MI,FT,Analytics Engineer,190000,USD,190000,US,0,US,M
2024,MI,FT,Research Engineer,440000,USD,440000,US,0,US,M
2024,MI,FT,Research Engineer,295000,USD,295000,US,0,US,M
2024,SE,FT,Analytics Engineer,170000,USD,170000,US,100,US,M
2024,SE,FT,Analytics Engineer,140000,USD,140000,US,100,US,M
2024,SE,FT,Data Scientist,165000,USD,165000,US,100,US,M
2024,SE,FT,Data Scientist,140250,USD,140250,US,100,US,M
2024,MI,FT,Data Analytics Consultant,110300,USD,110300,US,100,US,M
2024,MI,FT,Data Analytics Consultant,78100,USD,78100,US,100,US,M
2024,MI,FT,Machine Learning Researcher,210000,USD,210000,US,0,US,M
2024,MI,FT,Machine Learning Researcher,151800,USD,151800,US,0,US,M
2024,EN,FT,Business Intelligence Analyst,75000,USD,75000,US,0,US,M
2024,EN,FT,Business Intelligence Analyst,65000,USD,65000,US,0,US,M
2024,MI,FT,Data Analyst,140000,USD,140000,US,0,US,M
2024,MI,FT,Data Analyst,105000,USD,105000,US,0,US,M
2024,MI,FT,AI Research Engineer,200000,USD,200000,US,0,US,L
2024,SE,FT,Data Analytics Specialist,157144,USD,157144,US,0,US,M
2024,SE,FT,Data Analytics Specialist,99445,USD,99445,US,0,US,M
2024,SE,FT,Data Engineer,274965,CAD,211511,CA,0,CA,M
2024,SE,FT,Data Engineer,130008,CAD,100006,CA,0,CA,M
2024,SE,FT,Data Engineer,201900,USD,201900,US,0,US,M
2024,SE,FT,Data Engineer,97335,USD,97335,US,0,US,M
2024,SE,FT,Data Scientist,283800,USD,283800,US,0,US,M
2024,SE,FT,Data Scientist,170700,USD,170700,US,0,US,M
2024,SE,FT,Research Analyst,152400,USD,152400,US,100,US,M
2024,SE,FT,Research Analyst,73700,USD,73700,US,100,US,M
2024,MI,FT,Data Engineer,166000,USD,166000,US,0,US,M
2024,MI,FT,Data Engineer,73100,USD,73100,US,0,US,M
2024,SE,FT,Data Scientist,202600,USD,202600,US,0,US,M
2024,SE,FT,Data Scientist,93800,USD,93800,US,0,US,M
2024,SE,FT,Data Scientist,273500,USD,273500,US,0,US,M
2024,SE,FT,Data Scientist,126600,USD,126600,US,0,US,M
2024,SE,FT,Business Intelligence,176875,USD,176875,US,0,US,M
2024,SE,FT,Business Intelligence,84750,USD,84750,US,0,US,M
2024,MI,FT,ETL Developer,166000,USD,166000,US,0,US,M
2024,MI,FT,ETL Developer,73100,USD,73100,US,0,US,M
2024,EN,FT,Data Analyst,88200,USD,88200,US,100,US,M
2024,EN,FT,Data Analyst,61700,USD,61700,US,100,US,M
2024,MI,FT,Data Engineer,75000,USD,75000,US,100,US,M
2024,MI,FT,Data Engineer,60000,USD,60000,US,100,US,M
2024,MI,FT,Data Scientist,121500,USD,121500,US,100,US,M
2024,MI,FT,Data Scientist,88200,USD,88200,US,100,US,M
2024,MI,FT,Data Engineer,133000,USD,133000,US,0,US,M
2024,MI,FT,Data Engineer,58300,USD,58300,US,0,US,M
2024,SE,FT,Data Engineer,229900,USD,229900,US,0,US,M
2024,SE,FT,Data Engineer,201400,USD,201400,US,0,US,M
2024,SE,FT,Data Scientist,247250,USD,247250,US,0,US,M
2024,SE,FT,Data Scientist,160000,USD,160000,US,0,US,M
2024,SE,FT,Data Scientist,177700,USD,177700,US,0,US,M
2024,SE,FT,Data Scientist,94700,USD,94700,US,0,US,M
2024,SE,FT,Data Engineer,184000,USD,184000,US,0,US,M
2024,SE,FT,Data Engineer,123000,USD,123000,US,0,US,M
2024,SE,FT,Machine Learning Engineer,258600,USD,258600,US,100,US,M
2024,SE,FT,Machine Learning Engineer,215500,USD,215500,US,100,US,M
2024,SE,FT,Data Scientist,237188,USD,237188,US,100,US,M
2024,SE,FT,Data Scientist,194063,USD,194063,US,100,US,M
2024,MI,FT,Data Specialist,112500,USD,112500,US,100,US,M
2024,MI,FT,Data Specialist,59500,USD,59500,US,100,US,M
2024,SE,FT,Data Analyst,153900,USD,153900,US,0,US,M
2024,SE,FT,Data Analyst,85500,USD,85500,US,0,US,M
2024,SE,FT,Research Scientist,210000,USD,210000,US,0,US,M
2024,SE,FT,Research Scientist,151800,USD,151800,US,0,US,M
2024,SE,FT,Business Intelligence Engineer,108500,USD,108500,US,100,US,M
2024,SE,FT,Business Intelligence Engineer,78800,USD,78800,US,100,US,M
2024,MI,FT,Data Scientist,212000,USD,212000,US,0,US,M
2024,MI,FT,Data Scientist,93300,USD,93300,US,0,US,M
2024,MI,FT,Data Engineer,209000,USD,209000,US,0,US,M
2024,MI,FT,Data Engineer,171000,USD,171000,US,0,US,M
2024,SE,FT,Data Analyst,164000,USD,164000,US,0,US,M
2024,SE,FT,Data Analyst,109000,USD,109000,US,0,US,M
2024,SE,FT,Data Analyst,140000,USD,140000,US,0,US,M
2024,SE,FT,Data Analyst,115000,USD,115000,US,0,US,M
2024,EN,FT,Data Analyst,83300,USD,83300,US,0,US,M
2024,EN,FT,Data Analyst,47500,USD,47500,US,0,US,M
2024,MI,FT,Analytics Engineer,156450,USD,156450,US,0,US,M
2024,MI,FT,Analytics Engineer,119200,USD,119200,US,0,US,M
2024,SE,FT,Data Scientist,161500,USD,161500,US,0,US,M
2024,SE,FT,Data Scientist,113050,USD,113050,US,0,US,M
2024,EN,FT,Data Engineer,130916,USD,130916,US,0,US,M
2024,EN,FT,Data Engineer,120000,USD,120000,US,0,US,M
2024,MI,FT,Data Scientist,260000,USD,260000,US,0,US,M
2024,MI,FT,Data Scientist,198000,USD,198000,US,0,US,M
2024,MI,FT,Data Engineer,235000,USD,235000,US,0,US,M
2024,MI,FT,Data Engineer,170000,USD,170000,US,0,US,M
2024,SE,FT,Data Scientist,185900,USD,185900,US,0,US,M
2024,SE,FT,Data Scientist,109400,USD,109400,US,0,US,M
2024,SE,FT,Machine Learning Engineer,210000,USD,210000,US,0,US,M
2024,SE,FT,Machine Learning Engineer,180000,USD,180000,US,0,US,M
2024,SE,FT,Data Engineer,180000,USD,180000,US,0,US,M
2024,SE,FT,Data Engineer,110000,USD,110000,US,0,US,M
2024,SE,FT,Data Engineer,185000,USD,185000,US,100,US,M
2024,SE,FT,Data Engineer,148000,USD,148000,US,100,US,M
2024,SE,FT,Data Scientist,180000,USD,180000,US,0,US,M
2024,SE,FT,Data Scientist,110000,USD,110000,US,0,US,M
2024,MI,FT,Machine Learning Engineer,235680,USD,235680,US,0,US,M
2024,MI,FT,Machine Learning Engineer,153040,USD,153040,US,0,US,M
2024,SE,FT,Data Engineer,145000,USD,145000,US,0,US,M
2024,SE,FT,Data Engineer,106500,USD,106500,US,0,US,M
2024,SE,FT,Research Engineer,290000,USD,290000,US,0,US,M
2024,SE,FT,Research Engineer,240000,USD,240000,US,0,US,M
2024,SE,FT,Data Analyst,185000,USD,185000,US,0,US,M
2024,SE,FT,Data Analyst,145000,USD,145000,US,0,US,M
2024,SE,FT,Business Intelligence Analyst,150000,USD,150000,US,100,US,M
2024,SE,FT,Business Intelligence Analyst,123000,USD,123000,US,100,US,M
2024,SE,FT,Machine Learning Engineer,270400,USD,270400,US,0,US,M
2024,SE,FT,Machine Learning Engineer,145600,USD,145600,US,0,US,M
2024,MI,FT,Data Analyst,177000,USD,177000,US,100,US,M
2024,MI,FT,Data Analyst,149000,USD,149000,US,100,US,M
2024,EN,FT,Data Analyst,115000,USD,115000,US,0,US,M
2024,EN,FT,Data Analyst,95000,USD,95000,US,0,US,M
2024,MI,FT,Business Intelligence,167500,USD,167500,US,0,US,M
2024,MI,FT,Business Intelligence,106500,USD,106500,US,0,US,M
2024,SE,FT,Research Scientist,303050,USD,303050,US,0,US,M
2024,SE,FT,Research Scientist,202350,USD,202350,US,0,US,M
2024,SE,FT,Data Architect,184000,USD,184000,US,0,US,M
2024,SE,FT,Data Architect,123000,USD,123000,US,0,US,M
2024,SE,FT,Analytics Engineer,244400,USD,244400,FR,0,FR,M
2024,SE,FT,Analytics Engineer,131600,USD,131600,FR,0,FR,M
2024,SE,FT,Data Engineer,110000,USD,110000,US,0,US,M
2024,SE,FT,Data Engineer,76500,USD,76500,US,0,US,M
2024,MI,FT,Data Analyst,134400,USD,134400,US,0,US,M
2024,MI,FT,Data Analyst,81200,USD,81200,US,0,US,M
2024,EN,FT,Data Analyst,100000,USD,100000,US,0,US,M
2024,EN,FT,Data Analyst,75000,USD,75000,US,0,US,M
2024,SE,FT,Research Engineer,600000,USD,600000,US,0,US,M
2024,SE,FT,Research Engineer,280000,USD,280000,US,0,US,M
2024,EN,FT,Data Analyst,130000,USD,130000,US,0,US,M
2024,EN,FT,Data Analyst,100000,USD,100000,US,0,US,M
2024,SE,FT,Data Analyst,207300,USD,207300,US,0,US,M
2024,SE,FT,Data Analyst,149300,USD,149300,US,0,US,M
2024,MI,FT,Data Scientist,128000,USD,128000,US,0,US,M
2024,MI,FT,Data Scientist,81500,USD,81500,US,0,US,M
2024,SE,FT,Data Engineer,144000,USD,144000,US,0,US,M
2024,SE,FT,Data Engineer,113000,USD,113000,US,0,US,M
2024,SE,FT,Research Scientist,278700,USD,278700,US,0,US,M
2024,SE,FT,Research Scientist,159300,USD,159300,US,0,US,M
2024,SE,FT,Data Scientist,65000,GBP,81250,GB,0,GB,M
2024,SE,FT,Data Scientist,55000,GBP,68750,GB,0,GB,M
2024,MI,FT,Business Intelligence Engineer,165600,USD,165600,US,0,US,L
2024,MI,FT,Business Intelligence Engineer,65800,USD,65800,US,0,US,L
2024,SE,FT,Machine Learning Engineer,200000,USD,200000,US,0,US,M
2024,SE,FT,Machine Learning Engineer,85000,USD,85000,US,0,US,M
2024,MI,FT,Data Engineer,193412,USD,193412,CA,0,CA,M
2024,MI,FT,Data Engineer,116047,USD,116047,CA,0,CA,M
2024,MI,FT,Research Scientist,359400,USD,359400,US,100,US,M
2024,MI,FT,Research Scientist,239600,USD,239600,US,100,US,M
2024,EN,FT,Data Analyst,132000,USD,132000,US,0,US,M
2024,EN,FT,Data Analyst,108000,USD,108000,US,0,US,M
2024,MI,FT,Data Engineer,106050,USD,106050,US,0,US,M
2024,MI,FT,Data Engineer,80420,USD,80420,US,0,US,M
2024,SE,FT,Data Scientist,240000,USD,240000,US,0,US,M
2024,SE,FT,Data Scientist,204000,USD,204000,US,0,US,M
2024,SE,FT,Data Scientist,174300,USD,174300,US,0,US,M
2024,SE,FT,Data Scientist,140000,USD,140000,US,0,US,M
2024,SE,FT,Data Scientist,195000,USD,195000,US,100,US,M
2024,SE,FT,Data Scientist,136500,USD,136500,US,100,US,M
2024,MI,FT,Data Engineer,180000,USD,180000,US,0,US,M
2024,MI,FT,Data Engineer,155000,USD,155000,US,0,US,M
2024,EX,FT,Data Scientist,175762,USD,175762,US,0,US,M
2024,EX,FT,Data Scientist,97254,USD,97254,US,0,US,M
2024,EX,FT,Data Analyst,160000,USD,160000,US,0,US,M
2024,EX,FT,Data Analyst,120000,USD,120000,US,0,US,M
2024,SE,FT,Data Analyst,120000,USD,120000,US,100,US,M
2024,SE,FT,Data Analyst,100000,USD,100000,US,100,US,M
2024,MI,FT,Machine Learning Engineer,180000,USD,180000,US,0,US,M
2024,MI,FT,Machine Learning Engineer,150000,USD,150000,US,0,US,M
2024,SE,FT,Data Scientist,145125,USD,145125,US,0,US,M
2024,SE,FT,Data Scientist,124875,USD,124875,US,0,US,M
2024,SE,FT,Applied Scientist,290000,USD,290000,US,100,US,M
2024,SE,FT,Applied Scientist,210000,USD,210000,US,100,US,M
2024,MI,FT,Data Scientist,215000,USD,215000,US,0,US,M
2024,MI,FT,Data Scientist,152000,USD,152000,US,0,US,M
2024,MI,FT,Data Analytics Consultant,123900,USD,123900,US,0,US,M
2024,MI,FT,Data Analytics Consultant,66100,USD,66100,US,0,US,M
2024,SE,FT,Machine Learning Engineer,182000,USD,182000,US,100,US,M
2024,SE,FT,Machine Learning Engineer,164000,USD,164000,US,100,US,M
2024,SE,FT,Data Analyst,108334,USD,108334,US,0,US,M
2024,SE,FT,Data Analyst,59923,USD,59923,US,0,US,M
2024,SE,FT,Data Scientist,150000,USD,150000,US,0,US,M
2024,SE,FT,Data Scientist,130000,USD,130000,US,0,US,M
2024,EX,FT,Data Scientist,160000,USD,160000,US,0,US,M
2024,EX,FT,Data Scientist,120000,USD,120000,US,0,US,M
2024,MI,FT,Data Engineer,140000,USD,140000,US,0,US,M
2024,MI,FT,Data Engineer,70000,USD,70000,US,0,US,M
2024,SE,FT,Data Scientist,150800,USD,150800,US,0,US,M
2024,SE,FT,Data Scientist,100600,USD,100600,US,0,US,M
2024,SE,FT,Data Architect,276000,USD,276000,US,0,US,M
2024,SE,FT,Data Architect,174000,USD,174000,US,0,US,M
2024,MI,FT,Data Scientist,120000,USD,120000,US,0,US,M
2024,MI,FT,Data Scientist,94400,USD,94400,US,0,US,M
2024,MI,FT,Data Scientist,160000,USD,160000,US,0,US,M
2024,MI,FT,Data Scientist,136000,USD,136000,US,0,US,M
2024,MI,FT,Data Scientist,215000,USD,215000,US,0,US,M
2024,MI,FT,Data Scientist,152000,USD,152000,US,0,US,M
2024,SE,FT,Data Analyst,140000,USD,140000,US,0,US,M
2024,SE,FT,Data Analyst,110000,USD,110000,US,0,US,M
2024,SE,FT,Business Intelligence Engineer,185000,USD,185000,US,0,US,L
2024,SE,FT,Business Intelligence Engineer,79600,USD,79600,US,0,US,L
2024,MI,FT,Prompt Engineer,215000,USD,215000,AU,100,AU,M
2024,MI,FT,Prompt Engineer,200000,USD,200000,AU,100,AU,M
2024,EX,FT,Data Engineer,212500,USD,212500,US,0,US,M
2024,EX,FT,Data Engineer,163500,USD,163500,US,0,US,M
2024,SE,FT,Research Engineer,237650,USD,237650,US,0,US,M
2024,SE,FT,Research Engineer,172700,USD,172700,US,0,US,M
2024,SE,FT,Data Scientist,148500,USD,148500,US,100,US,M
2024,SE,FT,Data Scientist,103275,USD,103275,US,100,US,M
2024,SE,FT,Data Scientist,175000,USD,175000,US,100,US,M
2024,SE,FT,Data Scientist,145000,USD,145000,US,100,US,M
2024,EN,FT,Research Engineer,257400,USD,257400,US,0,US,M
2024,EN,FT,Research Engineer,193500,USD,193500,US,0,US,M
2024,EN,FT,Data Engineer,17598,USD,17598,MX,50,MX,L
2024,EN,FT,Big Data Engineer,17600,USD,17600,MX,50,MX,L
2024,SE,FT,Machine Learning Scientist,140000,USD,140000,US,0,US,M
2024,SE,FT,Machine Learning Scientist,90000,USD,90000,US,0,US,M
2024,SE,FT,Research Engineer,333500,USD,333500,US,0,US,M
2024,SE,FT,Research Engineer,180000,USD,180000,US,0,US,M
2024,SE,FT,Data Scientist,285670,USD,285670,US,100,US,M
2024,SE,FT,Data Scientist,207760,USD,207760,US,100,US,M
2024,EN,FT,Data Analyst,72128,EUR,80142,NL,0,NL,M
2024,EN,FT,Data Analyst,50490,EUR,56100,NL,0,NL,M
2024,SE,FT,Data Scientist,170800,USD,170800,US,0,US,M
2024,SE,FT,Data Scientist,92300,USD,92300,US,0,US,M
2024,SE,FT,Applied Scientist,249700,USD,249700,US,100,US,M
2024,SE,FT,Applied Scientist,156300,USD,156300,US,100,US,M
2024,SE,FT,Data Analyst,200200,USD,200200,US,0,US,M
2024,SE,FT,Data Analyst,111200,USD,111200,US,0,US,M
2024,MI,FT,Research Scientist,195200,USD,195200,US,0,US,L
2024,MI,FT,Research Scientist,100400,USD,100400,US,0,US,L
2024,SE,FT,Data Analyst,153900,USD,153900,US,0,US,M
2024,SE,FT,Data Analyst,85500,USD,85500,US,0,US,M
2024,SE,FT,Data Architect,222000,USD,222000,US,100,US,M
2024,SE,FT,Data Architect,132000,USD,132000,US,100,US,M
2024,SE,FT,Data Scientist,220000,USD,220000,US,0,US,M
2024,SE,FT,Data Scientist,137500,USD,137500,US,0,US,M
2024,EN,FT,Research Analyst,83200,USD,83200,US,100,US,M
2024,EN,FT,Research Analyst,45900,USD,45900,US,100,US,M
2024,MI,FT,Data Scientist,179000,USD,179000,US,0,US,M
2024,MI,FT,Data Scientist,112000,USD,112000,US,0,US,M
2024,MI,FT,AI Engineer,200000,USD,200000,US,100,US,M
2024,MI,FT,AI Engineer,180000,USD,180000,US,100,US,M
2024,EN,FT,Data Analyst,54000,EUR,60000,FR,0,FR,M
2024,EN,FT,Data Analyst,50000,EUR,55555,FR,0,FR,M
2024,SE,FT,Data Scientist,60000,GBP,75000,GB,0,GB,M
2024,SE,FT,Data Scientist,40000,GBP,50000,GB,0,GB,M
2023,MI,FT,Prompt Engineer,56000,EUR,60462,DE,0,DE,S
2024,EN,FT,Research Engineer,172800,USD,172800,US,0,US,M
2024,EN,FT,Research Engineer,144000,USD,144000,US,0,US,M
2024,MI,FT,Data Engineer,65000,EUR,72222,AT,0,AT,M
2024,MI,FT,Data Engineer,43000,EUR,47777,AT,0,AT,M
2024,SE,FT,Machine Learning Engineer,230000,USD,230000,US,100,US,M
2024,SE,FT,Machine Learning Engineer,200000,USD,200000,US,100,US,M
2024,SE,FT,Data Architect,363000,USD,363000,US,0,US,M
2024,SE,FT,Data Architect,139800,USD,139800,US,0,US,M
2024,MI,FT,Data Scientist,109000,USD,109000,US,100,US,M
2024,MI,FT,Data Scientist,93000,USD,93000,US,100,US,M
2024,MI,FT,Research Engineer,35000,EUR,38888,PT,0,PT,M
2024,MI,FT,Research Engineer,26000,EUR,28888,PT,0,PT,M
2024,SE,FT,Data Scientist,248600,USD,248600,US,0,US,M
2024,SE,FT,Data Scientist,149200,USD,149200,US,0,US,M
2024,SE,FT,Business Intelligence,175000,USD,175000,US,0,US,M
2024,SE,FT,Business Intelligence,150000,USD,150000,US,0,US,M
2024,SE,FT,Data Modeler,179000,USD,179000,US,0,US,M
2024,SE,FT,Data Modeler,112000,USD,112000,US,0,US,M
2024,EN,FT,Data Analyst,87999,USD,87999,US,0,US,M
2024,EN,FT,Data Analyst,66560,USD,66560,US,0,US,M
2024,SE,FT,Business Intelligence Engineer,108500,USD,108500,US,100,US,M
2024,SE,FT,Business Intelligence Engineer,78800,USD,78800,US,100,US,M
2024,MI,FT,Robotics Engineer,90000,USD,90000,US,0,US,M
2024,MI,FT,Robotics Engineer,70000,USD,70000,US,0,US,M
2024,SE,FT,Robotics Engineer,165000,USD,165000,US,0,US,M
2024,SE,FT,Robotics Engineer,150000,USD,150000,US,0,US,M
2024,SE,FT,Data Engineer,179000,USD,179000,US,0,US,M
2024,SE,FT,Data Engineer,112000,USD,112000,US,0,US,M
2024,SE,FT,Data Manager,131200,USD,131200,US,100,US,M
2024,SE,FT,Data Manager,95300,USD,95300,US,100,US,M
2024,SE,FT,Business Intelligence Lead,144300,USD,144300,US,100,US,M
2024,SE,FT,Business Intelligence Lead,104800,USD,104800,US,100,US,M
2024,SE,FT,Machine Learning Engineer,178250,USD,178250,US,100,US,M
2024,SE,FT,Machine Learning Engineer,105500,USD,105500,US,100,US,M
2024,SE,FT,Data Scientist,248600,USD,248600,US,0,US,M
2024,SE,FT,Data Scientist,149200,USD,149200,US,0,US,M
2024,SE,FT,Data Manager,219600,USD,219600,US,0,US,M
2024,SE,FT,Data Manager,125500,USD,125500,US,0,US,M
2024,SE,FT,Data Engineer,258500,USD,258500,US,0,US,M
2024,SE,FT,Data Engineer,191857,USD,191857,US,0,US,M
2024,MI,FT,Data Engineer,41105,GBP,51381,US,0,US,M
2024,MI,FT,Data Engineer,34940,GBP,43675,US,0,US,M
2024,SE,FT,AI Engineer,212000,USD,212000,US,0,US,M
2024,SE,FT,AI Engineer,93300,USD,93300,US,0,US,M
2024,MI,FT,Data Engineer,194000,USD,194000,US,0,US,M
2024,MI,FT,Data Engineer,96000,USD,96000,US,0,US,M
2024,SE,FT,Data Architect,250000,USD,250000,US,100,US,M
2024,SE,FT,Data Architect,140000,USD,140000,US,100,US,M
2024,EN,FT,Data Engineer,54000,EUR,60000,LT,0,LT,M
2024,EN,FT,Data Engineer,45600,EUR,50666,LT,0,LT,M
2024,EN,FT,Data Scientist,175100,USD,175100,US,0,US,M
2024,EN,FT,Data Scientist,82915,USD,82915,US,0,US,M
2024,EN,FT,Data Scientist,162240,USD,162240,US,0,US,M
2024,EN,FT,Data Scientist,47840,USD,47840,US,0,US,M
2024,MI,FT,Data Scientist,243800,USD,243800,US,100,US,M
2024,MI,FT,Data Scientist,123800,USD,123800,US,100,US,M
2024,SE,FT,Data Engineer,237600,USD,237600,US,100,US,M
2024,SE,FT,Data Engineer,168600,USD,168600,US,100,US,M
2024,MI,FT,Business Intelligence,155000,USD,155000,US,100,US,M
2024,MI,FT,Business Intelligence,124000,USD,124000,US,100,US,M
2024,SE,FT,Machine Learning Engineer,242000,USD,242000,CA,0,CA,M
2024,SE,FT,Machine Learning Engineer,215000,USD,215000,CA,0,CA,M
2024,SE,FT,Machine Learning Engineer,229369,USD,229369,US,0,US,M
2024,SE,FT,Machine Learning Engineer,146900,USD,146900,US,0,US,M
2024,SE,FT,Data Scientist,170000,USD,170000,US,0,US,M
2024,SE,FT,Data Scientist,152000,USD,152000,US,0,US,M
2024,SE,FT,Applied Scientist,260000,USD,260000,US,0,US,L
2024,SE,FT,Applied Scientist,136000,USD,136000,US,0,US,L
2024,EX,FT,Data Scientist,180000,USD,180000,US,0,US,M
2024,EX,FT,Data Scientist,125000,USD,125000,US,0,US,M
2024,MI,FT,Data Analyst,147000,USD,147000,US,0,US,M
2024,MI,FT,Data Analyst,118000,USD,118000,US,0,US,M
2024,SE,FT,Data Engineer,247500,USD,247500,US,100,US,M
2024,SE,FT,Data Engineer,172200,USD,172200,US,100,US,M
2024,EN,FT,Data Analyst,101000,USD,101000,US,0,US,M
2024,EN,FT,Data Analyst,85000,USD,85000,US,0,US,M
2024,MI,FT,Data Analyst,154000,USD,154000,US,0,US,M
2024,MI,FT,Data Analyst,105000,USD,105000,US,0,US,M
2024,SE,FT,Data Operations Specialist,206500,USD,206500,US,0,US,M
2024,SE,FT,Data Operations Specialist,121500,USD,121500,US,0,US,M
2024,MI,FT,Data Analyst,72500,USD,72500,US,0,US,M
2024,MI,FT,Data Analyst,61000,USD,61000,US,0,US,M
2024,SE,FT,Research Analyst,80000,GBP,100000,GB,0,GB,M
2024,SE,FT,Research Analyst,70000,GBP,87500,GB,0,GB,M
2024,SE,FT,Data Scientist,288400,USD,288400,US,0,US,M
2024,SE,FT,Data Scientist,144200,USD,144200,US,0,US,M
2024,MI,FT,Machine Learning Engineer,530000,USD,530000,US,0,US,M
2024,MI,FT,Machine Learning Engineer,440000,USD,440000,US,0,US,M
2024,EN,FT,Machine Learning Engineer,171600,USD,171600,US,0,US,M
2024,EN,FT,Machine Learning Engineer,99500,USD,99500,US,0,US,M
2024,SE,FT,Data Analyst,175000,USD,175000,US,100,US,M
2024,SE,FT,Data Analyst,150000,USD,150000,US,100,US,M
2024,SE,FT,Data Engineer,199700,USD,199700,US,0,US,M
2024,SE,FT,Data Engineer,165100,USD,165100,US,0,US,M
2024,EN,FT,Data Analyst,774000,USD,774000,MX,0,MX,M
2024,EN,FT,Data Analyst,85900,USD,85900,MX,0,MX,M
2024,MI,FT,Applied Scientist,222200,USD,222200,US,0,US,L
2024,MI,FT,Applied Scientist,136000,USD,136000,US,0,US,L
2024,SE,FT,Data Engineer,313000,USD,313000,US,100,US,M
2024,SE,FT,Data Engineer,135000,USD,135000,US,100,US,M
2024,SE,FT,Analytics Engineer,153018,USD,153018,US,0,US,M
2024,SE,FT,Analytics Engineer,135000,USD,135000,US,0,US,M
2024,MI,FT,Analytics Engineer,720000,USD,720000,US,0,US,M
2024,MI,FT,Analytics Engineer,170000,USD,170000,US,0,US,M
2024,SE,FT,Research Scientist,321000,USD,321000,US,100,US,M
2024,SE,FT,Research Scientist,214000,USD,214000,US,100,US,M
2024,SE,FT,Data Engineer,95000,GBP,118750,GB,0,GB,M
2024,SE,FT,Data Engineer,50750,GBP,63437,GB,0,GB,M
2024,EN,FT,Data Analyst,120000,USD,120000,US,100,US,M
2024,EN,FT,Data Analyst,111510,USD,111510,US,100,US,M
2024,SE,FT,Data Analyst,141375,USD,141375,US,100,US,M
2024,SE,FT,Data Analyst,111500,USD,111500,US,100,US,M
2024,MI,FT,AI Programmer,30000,USD,30000,BA,0,BA,S
2024,MI,FT,Data Analyst,75000,USD,75000,US,100,US,M
2024,SE,FT,Machine Learning Scientist,250000,USD,250000,US,100,US,M
2024,SE,FT,Machine Learning Scientist,125000,USD,125000,US,100,US,M
2024,EN,FT,Data Analyst,83300,USD,83300,US,0,US,M
2024,EN,FT,Data Analyst,47500,USD,47500,US,0,US,M
2024,EN,FT,Data Analyst,154818,USD,154818,US,0,US,M
2024,EN,FT,Data Analyst,96761,USD,96761,US,0,US,M
2024,SE,FT,Data Architect,120000,GBP,150000,GB,0,GB,M
2024,SE,FT,Data Architect,90000,GBP,112500,GB,0,GB,M
2024,SE,FT,Machine Learning Engineer,345400,USD,345400,US,0,US,M
2024,SE,FT,Machine Learning Engineer,223700,USD,223700,US,0,US,M
2024,SE,FT,Data Manager,96600,USD,96600,US,0,US,M
2024,SE,FT,Data Manager,55200,USD,55200,US,0,US,M
2024,SE,FT,Data Engineer,128000,USD,128000,US,0,US,M
2024,SE,FT,Data Engineer,81500,USD,81500,US,0,US,M
2024,SE,FT,Data Engineer,218185,USD,218185,US,100,US,M
2024,SE,FT,Data Engineer,158680,USD,158680,US,100,US,M
2024,SE,FT,Data Analyst,135000,USD,135000,US,0,US,M
2024,SE,FT,Data Analyst,100000,USD,100000,US,0,US,M
2024,MI,FT,Business Intelligence Engineer,185000,USD,185000,US,0,US,L
2024,MI,FT,Business Intelligence Engineer,79600,USD,79600,US,0,US,L
2024,SE,FT,Data Scientist,235700,USD,235700,US,0,US,M
2024,SE,FT,Data Scientist,124400,USD,124400,US,0,US,M
2024,MI,FT,Applied Scientist,222200,USD,222200,US,0,US,L
2024,MI,FT,Applied Scientist,136000,USD,136000,US,0,US,L
2024,SE,FT,Machine Learning Engineer,225000,USD,225000,US,0,US,M
2024,SE,FT,Machine Learning Engineer,150000,USD,150000,US,0,US,M
2024,MI,FT,Data Engineer,180000,USD,180000,US,0,US,M
2024,MI,FT,Data Engineer,130000,USD,130000,US,0,US,M
2024,EX,FT,Data Scientist,286500,USD,286500,US,0,US,M
2024,EX,FT,Data Scientist,204000,USD,204000,US,0,US,M
2024,SE,FT,Data Scientist,180000,USD,180000,US,0,US,M
2024,SE,FT,Data Scientist,139000,USD,139000,US,0,US,M
2024,MI,FT,Data Developer,100000,USD,100000,US,0,US,M
2024,MI,FT,Data Developer,95000,USD,95000,US,0,US,M
2024,SE,FT,Machine Learning Engineer,60000,USD,60000,BR,100,BR,M
2024,SE,FT,Machine Learning Engineer,54000,USD,54000,BR,100,BR,M
2024,SE,FT,AI Engineer,385000,USD,385000,US,0,US,M
2024,SE,FT,AI Engineer,310000,USD,310000,US,0,US,M
2024,SE,FT,Machine Learning Engineer,207000,USD,207000,US,100,US,M
2024,SE,FT,Machine Learning Engineer,149800,USD,149800,US,100,US,M
2024,EX,FT,Data Scientist,300000,USD,300000,US,100,US,M
2024,EX,FT,Data Scientist,220000,USD,220000,US,100,US,M
2024,SE,FT,Data Scientist,202800,USD,202800,US,100,US,M
2024,SE,FT,Data Scientist,115000,USD,115000,US,100,US,M
2024,MI,FT,Data Scientist,140400,USD,140400,US,100,US,M
2024,MI,FT,Data Scientist,90000,USD,90000,US,100,US,M
2024,SE,FT,Machine Learning Engineer,175000,USD,175000,US,100,US,M
2024,SE,FT,Machine Learning Engineer,150000,USD,150000,US,100,US,M
2024,MI,FT,BI Developer,168000,USD,168000,US,0,US,M
2024,MI,FT,BI Developer,158000,USD,158000,US,0,US,M
2024,SE,FT,Data Architect,165000,USD,165000,US,0,US,M
2024,SE,FT,Data Architect,123000,USD,123000,US,0,US,M
2024,SE,FT,Machine Learning Engineer,92000,USD,92000,AR,100,AR,M
2024,SE,FT,Machine Learning Engineer,85000,USD,85000,AR,100,AR,M
2024,MI,FT,Data Scientist,170200,USD,170200,US,0,US,M
2024,MI,FT,Data Scientist,83900,USD,83900,US,0,US,M
2024,SE,FT,Data Scientist,180000,USD,180000,US,0,US,M
2024,SE,FT,Data Scientist,139000,USD,139000,US,0,US,M
2024,MI,FT,Data Engineer,130000,USD,130000,US,100,US,M
2024,MI,FT,Data Engineer,90000,USD,90000,US,100,US,M
2024,SE,FT,AI Engineer,210000,USD,210000,US,0,US,M
2024,SE,FT,AI Engineer,190000,USD,190000,US,0,US,M
2024,EX,FT,ETL Engineer,150000,USD,150000,US,100,US,L
2024,SE,FT,Data Architect,200000,USD,200000,US,0,US,M
2024,SE,FT,Data Architect,115000,USD,115000,US,0,US,M
2024,SE,FT,Data Scientist,174500,USD,174500,US,100,US,M
2024,SE,FT,Data Scientist,126800,USD,126800,US,100,US,M
2024,MI,FT,Data Modeler,114000,USD,114000,CA,0,CA,M
2024,MI,FT,Data Modeler,69000,USD,69000,CA,0,CA,M
2024,SE,FT,Machine Learning Scientist,277000,USD,277000,US,0,US,M
2024,SE,FT,Machine Learning Scientist,173000,USD,173000,US,0,US,M
2024,MI,FT,Data Engineer,179000,USD,179000,US,0,US,M
2024,MI,FT,Data Engineer,112000,USD,112000,US,0,US,M
2024,EN,FT,Data Analyst,130000,USD,130000,US,100,US,M
2024,EN,FT,Data Analyst,115000,USD,115000,US,100,US,M
2024,SE,FT,Machine Learning Engineer,200070,USD,200070,CA,0,CA,M
2024,SE,FT,Machine Learning Engineer,107730,USD,107730,CA,0,CA,M
2024,SE,FT,Data Scientist,65000,GBP,81250,US,0,US,M
2024,SE,FT,Data Scientist,56000,GBP,70000,US,0,US,M
2024,MI,FT,Machine Learning Engineer,240000,USD,240000,US,0,US,M
2024,MI,FT,Machine Learning Engineer,130000,USD,130000,US,0,US,M
2024,SE,FT,Data Engineer,230000,USD,230000,US,100,US,M
2024,SE,FT,Data Engineer,165000,USD,165000,US,100,US,M
2024,SE,FT,Machine Learning Engineer,180000,USD,180000,US,0,US,M
2024,SE,FT,Machine Learning Engineer,125000,USD,125000,US,0,US,M
2024,MI,FT,Data Scientist,165000,USD,165000,US,0,US,M
2024,MI,FT,Data Scientist,132000,USD,132000,US,0,US,M
2024,SE,FT,Robotics Software Engineer,282000,USD,282000,US,0,US,M
2024,SE,FT,Robotics Software Engineer,188000,USD,188000,US,0,US,M
2024,SE,FT,Analytics Engineer,287500,USD,287500,US,0,US,M
2024,SE,FT,Analytics Engineer,156000,USD,156000,US,0,US,M
2024,SE,FT,Data Scientist,175000,USD,175000,US,100,US,M
2024,SE,FT,Data Scientist,150000,USD,150000,US,100,US,M
2024,MI,FT,Data Engineer,125000,USD,125000,US,0,US,M
2024,MI,FT,Data Engineer,89000,USD,89000,US,0,US,M
2024,EN,FT,Data Scientist,198000,USD,198000,US,0,US,M
2024,EN,FT,Data Scientist,132000,USD,132000,US,0,US,M
2024,MI,FT,Data Scientist,158100,USD,158100,US,0,US,M
2024,MI,FT,Data Scientist,138500,USD,138500,US,0,US,M
2024,MI,FT,Data Scientist,220000,USD,220000,US,0,US,M
2024,MI,FT,Data Scientist,150000,USD,150000,US,0,US,M
2024,MI,FT,Machine Learning Engineer,179700,USD,179700,US,0,US,M
2024,MI,FT,Machine Learning Engineer,85700,USD,85700,US,0,US,M
2024,MI,FT,Machine Learning Engineer,220000,USD,220000,US,0,US,M
2024,MI,FT,Machine Learning Engineer,137500,USD,137500,US,0,US,M
2024,EX,FT,Business Intelligence,150000,USD,150000,US,0,US,M
2024,EX,FT,Business Intelligence,120000,USD,120000,US,0,US,M
2024,MI,FT,Data Analyst,38400,EUR,42666,LV,0,LV,M
2024,MI,FT,Data Analyst,32400,EUR,36000,LV,0,LV,M
2024,SE,FT,Data Scientist,144300,USD,144300,US,100,US,M
2024,SE,FT,Data Scientist,104800,USD,104800,US,100,US,M
2024,EX,FT,Head of Data,250000,USD,250000,US,100,US,M
2024,EX,FT,Head of Data,215000,USD,215000,US,100,US,M
2024,EN,FT,Data Analyst,150000,USD,150000,US,100,US,M
2024,EN,FT,Data Analyst,110000,USD,110000,US,100,US,M
2024,MI,FT,Data Scientist,110000,USD,110000,US,100,US,M
2024,MI,FT,Data Scientist,90000,USD,90000,US,100,US,M
2024,MI,FT,Machine Learning Engineer,200000,USD,200000,US,0,US,M
2024,MI,FT,Machine Learning Engineer,140000,USD,140000,US,0,US,M
2024,SE,FT,Machine Learning Scientist,196350,USD,196350,US,100,US,M
2024,SE,FT,Machine Learning Scientist,127500,USD,127500,US,100,US,M
2024,SE,FT,Data Manager,219600,USD,219600,US,0,US,M
2024,SE,FT,Data Manager,125500,USD,125500,US,0,US,M
2024,MI,FT,AI Product Manager,212000,USD,212000,US,0,US,M
2024,MI,FT,AI Product Manager,93300,USD,93300,US,0,US,M
2024,MI,FT,Data Engineer,140900,USD,140900,US,100,US,M
2024,MI,FT,Data Engineer,104100,USD,104100,US,100,US,M
2024,SE,FT,Data Scientist,193000,USD,193000,US,0,US,M
2024,SE,FT,Data Scientist,147645,USD,147645,US,0,US,M
2024,MI,FT,Data Scientist,207000,USD,207000,US,0,US,M
2024,MI,FT,Data Scientist,150000,USD,150000,US,0,US,M
2024,SE,FT,Data Engineer,150000,USD,150000,US,100,US,M
2024,SE,FT,Data Engineer,120000,USD,120000,US,100,US,M
2024,SE,FT,Research Scientist,180000,USD,180000,US,0,US,M
2024,SE,FT,Research Scientist,148000,USD,148000,US,0,US,M
2024,MI,FT,Data Scientist,160000,USD,160000,US,0,US,M
2024,MI,FT,Data Scientist,120000,USD,120000,US,0,US,M
2024,EX,FT,Data Engineer,204500,USD,204500,US,0,US,M
2024,EX,FT,Data Engineer,130000,USD,130000,US,0,US,M
2024,MI,FT,Robotics Software Engineer,207000,USD,207000,US,0,US,M
2024,MI,FT,Robotics Software Engineer,138000,USD,138000,US,0,US,M
2024,SE,FT,Data Engineer,173000,USD,173000,US,100,US,M
2024,SE,FT,Data Engineer,138400,USD,138400,US,100,US,M
2024,SE,FT,Research Scientist,278700,USD,278700,US,0,US,M
2024,SE,FT,Research Scientist,159300,USD,159300,US,0,US,M
2024,SE,FT,Machine Learning Engineer,215000,USD,215000,US,0,US,M
2024,SE,FT,Machine Learning Engineer,146900,USD,146900,US,0,US,M
2024,SE,FT,Business Intelligence,115000,USD,115000,US,0,US,M
2024,SE,FT,Business Intelligence,100000,USD,100000,US,0,US,M
2024,SE,FT,Data Analyst,106260,USD,106260,US,0,US,M
2024,SE,FT,Data Analyst,82000,USD,82000,US,0,US,M
2024,SE,FT,Data Engineer,220000,USD,220000,US,0,US,M
2024,SE,FT,Data Engineer,190000,USD,190000,US,0,US,M
2024,MI,FT,Data Analyst,150000,USD,150000,US,100,US,M
2024,MI,FT,Data Analyst,110000,USD,110000,US,100,US,M
2024,MI,FT,AI Engineer,145000,USD,145000,US,100,US,M
2024,MI,FT,AI Engineer,95000,USD,95000,US,100,US,M
2024,MI,FT,Data Analyst,92000,USD,92000,US,0,US,M
2024,MI,FT,Data Analyst,68000,USD,68000,US,0,US,M
2024,SE,FT,Research Engineer,300000,USD,300000,GB,0,GB,M
2024,SE,FT,Research Engineer,150000,USD,150000,GB,0,GB,M
2024,SE,FT,Data Engineer,188000,USD,188000,US,100,US,M
2024,SE,FT,Data Engineer,114000,USD,114000,US,100,US,M
2024,MI,FT,Data Scientist,135000,USD,135000,US,0,US,M
2024,MI,FT,Data Scientist,115000,USD,115000,US,0,US,M
2024,EN,FT,Data Scientist,154800,USD,154800,US,0,US,M
2024,EN,FT,Data Scientist,76300,USD,76300,US,0,US,M
2024,MI,FT,AI Engineer,400000,USD,400000,US,0,US,M
2024,MI,FT,AI Engineer,65000,USD,65000,US,0,US,M
2024,SE,FT,Data Scientist,187000,USD,187000,US,100,US,M
2024,SE,FT,Data Scientist,153000,USD,153000,US,100,US,M
2024,MI,FT,Research Scientist,150000,USD,150000,US,100,US,M
2024,MI,FT,Research Scientist,128000,USD,128000,US,100,US,M
2024,SE,FT,AI Engineer,195000,USD,195000,US,100,US,M
2024,SE,FT,AI Engineer,140000,USD,140000,US,100,US,M
2024,MI,FT,Data Engineer,150000,USD,150000,US,0,US,M
2024,MI,FT,Data Engineer,130000,USD,130000,US,0,US,M
2024,MI,FT,Data Scientist,166000,USD,166000,US,0,US,M
2024,MI,FT,Data Scientist,73100,USD,73100,US,0,US,M
2024,EN,FT,Research Analyst,200000,USD,200000,US,0,US,M
2024,EN,FT,Research Analyst,150000,USD,150000,US,0,US,M
2024,SE,FT,Machine Learning Engineer,220000,USD,220000,US,0,US,M
2024,SE,FT,Machine Learning Engineer,137500,USD,137500,US,0,US,M
2024,SE,FT,Data Scientist,170000,USD,170000,US,0,US,M
2024,SE,FT,Data Scientist,130000,USD,130000,US,0,US,M
2024,SE,FT,Business Intelligence Analyst,138000,USD,138000,US,0,US,M
2024,SE,FT,Business Intelligence Analyst,86000,USD,86000,US,0,US,M
2024,MI,FT,Business Intelligence Developer,105000,USD,105000,US,100,US,M
2024,MI,FT,Business Intelligence Developer,80000,USD,80000,US,100,US,M
2024,MI,FT,Data Product Manager,77000,GBP,96250,US,0,US,M
2024,MI,FT,Data Product Manager,60000,GBP,75000,US,0,US,M
2024,SE,FT,AI Architect,197500,USD,197500,US,0,US,M
2024,SE,FT,AI Architect,132500,USD,132500,US,0,US,M
2024,EN,FT,Data Scientist,90000,USD,90000,US,0,US,M
2024,EN,FT,Data Scientist,80000,USD,80000,US,0,US,M
2024,MI,FT,Research Scientist,210000,USD,210000,US,0,US,M
2024,MI,FT,Research Scientist,151800,USD,151800,US,0,US,M
2024,SE,FT,Data Scientist,210000,USD,210000,US,0,US,M
2024,SE,FT,Data Scientist,170000,USD,170000,US,0,US,M
2024,SE,FT,Data Scientist,175000,USD,175000,US,100,US,M
2024,SE,FT,Data Scientist,150000,USD,150000,US,100,US,M
2024,SE,FT,Machine Learning Engineer,219100,USD,219100,US,100,US,M
2024,SE,FT,Machine Learning Engineer,118500,USD,118500,US,100,US,M
2024,SE,FT,Business Intelligence Lead,175000,USD,175000,US,100,US,M
2024,SE,FT,Business Intelligence Lead,150000,USD,150000,US,100,US,M
2024,MI,FT,Data Management Specialist,81530,USD,81530,CA,0,CA,M
2024,MI,FT,Data Management Specialist,69300,USD,69300,CA,0,CA,M
2024,SE,FT,Data Architect,164000,USD,164000,US,0,US,M
2024,SE,FT,Data Architect,117000,USD,117000,US,0,US,M
2024,SE,FT,Data Analyst,145000,USD,145000,US,0,US,M
2024,SE,FT,Data Analyst,110000,USD,110000,US,0,US,M
2024,SE,FT,Research Engineer,125000,USD,125000,US,0,US,M
2024,SE,FT,Research Engineer,106000,USD,106000,US,0,US,M
2024,EN,FT,Data Analyst,75065,USD,75065,US,100,US,M
2024,EN,FT,Data Analyst,41419,USD,41419,US,100,US,M
2024,SE,FT,Data Analyst,140000,USD,140000,US,0,US,M
2024,SE,FT,Data Analyst,100000,USD,100000,US,0,US,M
2024,MI,FT,Data Analyst,80000,USD,80000,US,0,US,M
2024,MI,FT,Data Analyst,70000,USD,70000,US,0,US,M
2024,EX,FT,Machine Learning Engineer,238500,USD,238500,US,0,US,M
2024,EX,FT,Machine Learning Engineer,183400,USD,183400,US,0,US,M
2024,MI,FT,Data Scientist,105000,USD,105000,US,0,US,M
2024,MI,FT,Data Scientist,70000,USD,70000,US,0,US,M
2024,SE,FT,Machine Learning Engineer,225000,USD,225000,US,100,US,M
2024,SE,FT,Machine Learning Engineer,162000,USD,162000,US,100,US,M
2024,SE,FT,Research Scientist,278700,USD,278700,US,0,US,M
2024,SE,FT,Research Scientist,159300,USD,159300,US,0,US,M
2024,MI,FT,Data Engineer,180000,USD,180000,US,0,US,M
2024,MI,FT,Data Engineer,120000,USD,120000,US,0,US,M
2024,SE,FT,Data Scientist,170000,USD,170000,US,0,US,M
2024,SE,FT,Data Scientist,160000,USD,160000,US,0,US,M
2024,EN,FT,Data Operations Associate,72000,USD,72000,US,0,US,M
2024,EN,FT,Data Operations Associate,51375,USD,51375,US,0,US,M
2024,SE,FT,Applied Scientist,260000,USD,260000,US,0,US,L
2024,SE,FT,Applied Scientist,136000,USD,136000,US,0,US,L
2024,MI,FT,Data Engineer,75000,USD,75000,US,0,US,M
2024,MI,FT,Data Engineer,60000,USD,60000,US,0,US,M
2024,MI,FT,Data Engineer,135000,USD,135000,US,0,US,M
2024,MI,FT,Data Engineer,113000,USD,113000,US,0,US,M
2024,SE,FT,Data Engineer,150000,USD,150000,US,100,US,M
2024,SE,FT,Data Engineer,130000,USD,130000,US,100,US,M
2024,MI,FT,Data Scientist,267100,USD,267100,US,0,US,M
2024,MI,FT,Data Scientist,188500,USD,188500,US,0,US,M
2024,SE,FT,Data Scientist,207000,USD,207000,US,100,US,M
2024,SE,FT,Data Scientist,149800,USD,149800,US,100,US,M
2024,SE,FT,Data Analyst,155000,USD,155000,CA,0,CA,M
2024,SE,FT,Data Analyst,105000,USD,105000,CA,0,CA,M
2024,MI,FT,Data Engineer,270250,USD,270250,US,0,US,M
2024,MI,FT,Data Engineer,176000,USD,176000,US,0,US,M
2024,SE,FT,Machine Learning Engineer,189000,USD,189000,US,0,US,M
2024,SE,FT,Machine Learning Engineer,145400,USD,145400,US,0,US,M
2024,MI,FT,Machine Learning Engineer,133903,USD,133903,US,100,US,M
2024,MI,FT,Machine Learning Engineer,96411,USD,96411,US,100,US,M
2024,SE,FT,Data Scientist,170000,USD,170000,US,0,US,M
2024,SE,FT,Data Scientist,160000,USD,160000,US,0,US,M
2024,SE,FT,Business Intelligence,172800,USD,172800,US,0,US,M
2024,SE,FT,Business Intelligence,132900,USD,132900,US,0,US,M
2024,MI,FT,Research Scientist,165000,USD,165000,US,0,US,M
2024,MI,FT,Research Scientist,150000,USD,150000,US,0,US,M
2024,SE,FT,Data Scientist,145000,USD,145000,US,100,US,M
2024,SE,FT,Data Scientist,116000,USD,116000,US,100,US,M
2024,MI,FT,Data Analyst,98000,USD,98000,US,100,US,M
2024,MI,FT,Data Analyst,88000,USD,88000,US,100,US,M
2024,MI,FT,Data Analyst,150000,USD,150000,US,100,US,M
2024,MI,FT,Data Analyst,130000,USD,130000,US,100,US,M
2024,SE,FT,Data Analyst,174000,USD,174000,US,100,US,M
2024,SE,FT,Data Analyst,116000,USD,116000,US,100,US,M
2024,SE,FT,Data Engineer,188000,USD,188000,US,0,US,M
2024,SE,FT,Data Engineer,144600,USD,144600,US,0,US,M
2024,SE,FT,Analytics Engineer,149500,USD,149500,US,100,US,M
2024,SE,FT,Analytics Engineer,140000,USD,140000,US,100,US,M
2024,EN,FT,Business Intelligence Analyst,100000,USD,100000,US,100,US,M
2024,EN,FT,Business Intelligence Analyst,90000,USD,90000,US,100,US,M
2024,SE,FT,Business Intelligence Engineer,115000,USD,115000,US,100,US,M
2024,SE,FT,Business Intelligence Engineer,85000,USD,85000,US,100,US,M
2024,EN,FT,Data Management Analyst,80000,USD,80000,US,100,US,M
2024,EN,FT,Data Management Analyst,72000,USD,72000,US,100,US,M
2024,EN,FT,Data Analyst,85000,USD,85000,US,0,US,M
2024,EN,FT,Data Analyst,76500,USD,76500,US,0,US,M
2024,SE,FT,Data Scientist,187165,USD,187165,CA,0,CA,M
2024,SE,FT,Data Scientist,150500,USD,150500,CA,0,CA,M
2024,SE,FT,Data Analyst,134500,USD,134500,US,0,US,M
2024,SE,FT,Data Analyst,100000,USD,100000,US,0,US,M
2024,SE,FT,Machine Learning Engineer,274000,USD,274000,US,100,US,M
2024,SE,FT,Machine Learning Engineer,245000,USD,245000,US,100,US,M
2024,MI,FT,Business Intelligence Manager,263000,USD,263000,US,0,US,M
2024,MI,FT,Business Intelligence Manager,207000,USD,207000,US,0,US,M
2024,SE,FT,Data Engineer,149076,USD,149076,US,0,US,M
2024,SE,FT,Data Engineer,82365,USD,82365,US,0,US,M
2024,EN,FT,Data Analyst,90000,USD,90000,US,100,US,M
2024,EN,FT,Data Analyst,80000,USD,80000,US,100,US,M
2024,EX,FT,Data Engineer,314000,USD,314000,CA,100,CA,M
2024,EX,FT,Data Engineer,201000,USD,201000,CA,100,CA,M
2024,SE,FT,Analytics Engineer,200400,USD,200400,US,0,US,M
2024,SE,FT,Analytics Engineer,154100,USD,154100,US,0,US,M
2024,SE,FT,Data Analyst,165000,USD,165000,AU,0,AU,M
2024,SE,FT,Data Analyst,142500,USD,142500,AU,0,AU,M
2024,MI,FT,AI Developer,30000,EUR,33333,FR,50,FR,M
2024,SE,FT,Research Engineer,310000,USD,310000,US,0,US,M
2024,SE,FT,Research Engineer,270000,USD,270000,US,0,US,M
2024,MI,FT,Data Engineer,115000,USD,115000,US,0,US,M
2024,MI,FT,Data Engineer,80000,USD,80000,US,0,US,M
2024,SE,FT,Data Engineer,144900,USD,144900,US,0,US,M
2024,SE,FT,Data Engineer,110000,USD,110000,US,0,US,M
2024,EN,FT,Research Analyst,84068,USD,84068,US,0,US,M
2024,EN,FT,Research Analyst,49452,USD,49452,US,0,US,M
2024,SE,FT,Machine Learning Engineer,188500,USD,188500,US,0,US,M
2024,SE,FT,Machine Learning Engineer,165100,USD,165100,US,0,US,M
2024,SE,FT,Data Engineer,60000,GBP,75000,GB,0,GB,M
2024,SE,FT,Data Engineer,50000,GBP,62500,GB,0,GB,M
2024,MI,FT,Data Operations Specialist,132500,USD,132500,US,0,US,M
2024,MI,FT,Data Operations Specialist,88000,USD,88000,US,0,US,M
2024,MI,FT,Data Engineer,179900,USD,179900,US,0,US,M
2024,MI,FT,Data Engineer,142002,USD,142002,US,0,US,M
2024,SE,FT,AI Engineer,287500,USD,287500,US,0,US,M
2024,SE,FT,AI Engineer,168000,USD,168000,US,0,US,M
2024,SE,FT,Data Engineer,220000,USD,220000,US,0,US,M
2024,SE,FT,Data Engineer,137500,USD,137500,US,0,US,M
2024,SE,FT,Data Analyst,96600,USD,96600,US,0,US,M
2024,SE,FT,Data Analyst,55200,USD,55200,US,0,US,M
2024,SE,FT,Data Engineer,194500,USD,194500,US,0,US,M
2024,SE,FT,Data Engineer,146266,USD,146266,US,0,US,M
2024,SE,FT,Data Engineer,194500,USD,194500,US,0,US,M
2024,SE,FT,Data Engineer,146266,USD,146266,US,0,US,M
2024,MI,FT,Data Engineer,146100,USD,146100,US,0,US,M
2024,MI,FT,Data Engineer,111800,USD,111800,US,0,US,M
2024,MI,FT,Data Scientist,145580,USD,145580,US,100,US,M
2024,MI,FT,Data Scientist,97060,USD,97060,US,100,US,M
2024,SE,FT,Business Intelligence Engineer,108500,USD,108500,US,100,US,M
2024,SE,FT,Business Intelligence Engineer,78800,USD,78800,US,100,US,M
2024,EN,FT,Data Operations Analyst,95000,USD,95000,US,0,US,M
2024,EN,FT,Data Operations Analyst,76000,USD,76000,US,0,US,M
2024,MI,FT,Data Engineer,97000,USD,97000,US,0,US,M
2024,MI,FT,Data Engineer,62000,USD,62000,US,0,US,M
2024,SE,FT,Data Architect,234000,USD,234000,US,0,US,M
2024,SE,FT,Data Architect,146000,USD,146000,US,0,US,M
2024,MI,FT,Machine Learning Engineer,177100,USD,177100,US,0,US,M
2024,MI,FT,Machine Learning Engineer,130900,USD,130900,US,0,US,M
2024,MI,FT,BI Developer,106050,USD,106050,US,0,US,M
2024,MI,FT,BI Developer,80420,USD,80420,US,0,US,M
2024,SE,FT,Data Engineer,277000,USD,277000,US,0,US,M
2024,SE,FT,Data Engineer,173000,USD,173000,US,0,US,M
2024,MI,FT,Admin & Data Analyst,38000,EUR,42222,ES,100,ES,L
2024,MI,FT,Data Scientist,166000,USD,166000,EG,0,EG,M
2024,MI,FT,Data Scientist,73100,USD,73100,EG,0,EG,M
2024,MI,FT,Data Scientist,220000,USD,220000,US,0,US,M
2024,MI,FT,Data Scientist,137500,USD,137500,US,0,US,M
2024,MI,FT,Data Engineer,133000,USD,133000,US,0,US,M
2024,MI,FT,Data Engineer,58400,USD,58400,US,0,US,M
2024,MI,FT,Analytics Engineer,80000,USD,80000,US,0,US,M
2024,MI,FT,Analytics Engineer,75000,USD,75000,US,0,US,M
2024,SE,FT,Data Scientist,140000,USD,140000,US,100,US,M
2024,SE,FT,Data Scientist,125000,USD,125000,US,100,US,M
2024,EN,FT,Data Analyst,65000,USD,65000,US,0,US,M
2024,EN,FT,Data Analyst,55000,USD,55000,US,0,US,M
2024,MI,FT,Data Analyst,105000,USD,105000,US,0,US,M
2024,MI,FT,Data Analyst,78000,USD,78000,US,0,US,M
2024,EX,FT,AI Engineer,200070,USD,200070,CA,0,CA,M
2024,EX,FT,AI Engineer,107730,USD,107730,CA,0,CA,M
2024,SE,FT,BI Developer,179000,USD,179000,US,0,US,M
2024,SE,FT,BI Developer,112000,USD,112000,US,0,US,M
2024,MI,FT,Data Engineer,166363,USD,166363,US,0,US,M
2024,MI,FT,Data Engineer,103977,USD,103977,US,0,US,M
2024,MI,FT,Data Scientist,130000,USD,130000,US,0,US,M
2024,MI,FT,Data Scientist,95000,USD,95000,US,0,US,M
2024,SE,FT,Data Engineer,214300,USD,214300,US,0,US,M
2024,SE,FT,Data Engineer,108500,USD,108500,US,0,US,M
2024,SE,FT,Applied Scientist,266482,USD,266482,US,0,US,M
2024,SE,FT,Applied Scientist,166551,USD,166551,US,0,US,M
2024,MI,FT,Business Intelligence Developer,90279,USD,90279,US,0,US,M
2024,MI,FT,Business Intelligence Developer,67060,USD,67060,US,0,US,M
2024,SE,FT,AI Scientist,190000,USD,190000,US,100,US,M
2024,SE,FT,AI Scientist,160000,USD,160000,US,100,US,M
2024,MI,FT,Data Scientist,212800,USD,212800,US,0,US,L
2024,MI,FT,Data Scientist,111600,USD,111600,US,0,US,L
2024,SE,FT,Data Modeler,130000,USD,130000,US,100,US,M
2024,SE,FT,Data Modeler,110000,USD,110000,US,100,US,M
2024,SE,FT,Data Engineer,190100,USD,190100,US,100,US,M
2024,SE,FT,Data Engineer,131414,USD,131414,US,100,US,M
2024,SE,FT,Machine Learning Engineer,284400,USD,284400,US,0,US,M
2024,SE,FT,Machine Learning Engineer,150700,USD,150700,US,0,US,M
2024,SE,FT,Data Architect,166500,CAD,128076,CA,100,CA,M
2024,SE,FT,Data Architect,135000,CAD,103846,CA,100,CA,M
2024,MI,FT,Analytics Engineer,145000,USD,145000,US,100,US,M
2024,MI,FT,Analytics Engineer,104000,USD,104000,US,100,US,M
2024,SE,FT,Data Engineer,165000,USD,165000,US,100,US,M
2024,SE,FT,Data Engineer,132000,USD,132000,US,100,US,M
2024,SE,FT,Data Engineer,234000,USD,234000,US,0,US,M
2024,SE,FT,Data Engineer,117000,USD,117000,US,0,US,M
2024,MI,FT,Data Engineer,215500,USD,215500,US,0,US,M
2024,MI,FT,Data Engineer,121800,USD,121800,US,0,US,M
2024,MI,FT,Data Engineer,165000,USD,165000,US,100,US,M
2024,MI,FT,Data Engineer,140250,USD,140250,US,100,US,M
2024,MI,FT,Analytics Engineer,164850,USD,164850,US,100,US,M
2024,MI,FT,Analytics Engineer,112000,USD,112000,US,100,US,M
2024,SE,FT,Data Engineer,295000,USD,295000,US,0,US,M
2024,SE,FT,Data Engineer,235000,USD,235000,US,0,US,M
2024,MI,FT,Business Intelligence,150000,USD,150000,US,0,US,M
2024,MI,FT,Business Intelligence,100000,USD,100000,US,0,US,M
2024,MI,FT,Data Integration Specialist,75000,GBP,93750,GB,100,GB,M
2024,MI,FT,Data Integration Specialist,55000,GBP,68750,GB,100,GB,M
2024,EN,FT,Data Analyst,120000,USD,120000,US,0,US,M
2024,EN,FT,Data Analyst,97500,USD,97500,US,0,US,M
2024,SE,FT,Computer Vision Engineer,220000,USD,220000,US,100,US,M
2024,SE,FT,Computer Vision Engineer,183000,USD,183000,US,100,US,M
2024,MI,FT,Data Engineer,205600,USD,205600,US,0,US,L
2024,MI,FT,Data Engineer,105700,USD,105700,US,0,US,L
2024,SE,FT,Data Engineer,240500,USD,240500,US,0,US,L
2024,SE,FT,Data Engineer,123700,USD,123700,US,0,US,L
2024,SE,FT,Data Infrastructure Engineer,179900,USD,179900,US,100,US,M
2024,SE,FT,Data Infrastructure Engineer,135920,USD,135920,US,100,US,M
2024,MI,FT,Data Manager,83300,USD,83300,US,0,US,M
2024,MI,FT,Data Manager,47500,USD,47500,US,0,US,M
2024,SE,FT,Data Manager,96600,USD,96600,US,0,US,M
2024,SE,FT,Data Manager,55200,USD,55200,US,0,US,M
2024,EN,FT,Data Scientist,86900,USD,86900,US,0,US,M
2024,EN,FT,Data Scientist,60800,USD,60800,US,0,US,M
2024,SE,FT,Machine Learning Scientist,140000,USD,140000,US,0,US,M
2024,SE,FT,Machine Learning Scientist,90000,USD,90000,US,0,US,M
2024,SE,FT,Research Engineer,234000,USD,234000,US,0,US,M
2024,SE,FT,Research Engineer,146000,USD,146000,US,0,US,M
2024,SE,FT,Data Analyst,120000,USD,120000,CA,0,CA,M
2024,SE,FT,Data Analyst,90000,USD,90000,CA,0,CA,M
2024,SE,FT,Business Intelligence,193000,USD,193000,US,0,US,M
2024,SE,FT,Business Intelligence,119000,USD,119000,US,0,US,M
2024,SE,FT,Data Scientist,215000,USD,215000,US,0,US,M
2024,SE,FT,Data Scientist,146900,USD,146900,US,0,US,M
2024,EN,FT,Applied Scientist,166000,USD,166000,US,100,US,M
2024,EN,FT,Applied Scientist,104000,USD,104000,US,100,US,M
2024,MI,FT,Data Engineer,140000,USD,140000,US,0,US,M
2024,MI,FT,Data Engineer,70000,USD,70000,US,0,US,M
2024,MI,FT,Data Engineer,124000,USD,124000,US,0,US,M
2024,MI,FT,Data Engineer,80000,USD,80000,US,0,US,M
2024,MI,FT,Data Scientist,133000,USD,133000,US,0,US,M
2024,MI,FT,Data Scientist,58400,USD,58400,US,0,US,M
2024,SE,FT,Data Manager,149000,USD,149000,DE,0,DE,M
2024,SE,FT,Data Manager,65300,USD,65300,DE,0,DE,M
2024,SE,FT,Research Engineer,120000,USD,120000,US,100,US,M
2024,SE,FT,Research Engineer,100000,USD,100000,US,100,US,M
2024,SE,FT,Machine Learning Engineer,182000,USD,182000,US,0,US,M
2024,SE,FT,Machine Learning Engineer,164000,USD,164000,US,0,US,M
2024,MI,FT,Data Integration Engineer,161250,USD,161250,US,100,US,M
2024,MI,FT,Data Integration Engineer,132974,USD,132974,US,100,US,M
2024,MI,FT,Data Integration Engineer,161250,USD,161250,US,100,US,M
2024,MI,FT,Data Integration Engineer,132974,USD,132974,US,100,US,M
2024,SE,FT,Data Engineer,90000,GBP,112500,GB,0,GB,M
2024,SE,FT,Data Engineer,49500,GBP,61875,GB,0,GB,M
2024,SE,FT,Data Analyst,140000,USD,140000,US,0,US,M
2024,SE,FT,Data Analyst,115000,USD,115000,US,0,US,M
2024,SE,FT,Data Scientist,155000,USD,155000,US,0,US,M
2024,SE,FT,Data Scientist,100000,USD,100000,US,0,US,M
2024,MI,FT,Research Engineer,440000,USD,440000,US,0,US,M
2024,MI,FT,Research Engineer,295000,USD,295000,US,0,US,M
2024,SE,FT,Data Scientist,40000,GBP,50000,GB,0,GB,M
2024,SE,FT,Data Scientist,25000,GBP,31250,GB,0,GB,M
2024,MI,FT,Research Engineer,135000,USD,135000,US,0,US,M
2024,MI,FT,Research Engineer,120000,USD,120000,US,0,US,M
2024,MI,FT,Data Scientist,155000,USD,155000,US,0,US,M
2024,MI,FT,Data Scientist,139000,USD,139000,US,0,US,M
2024,SE,FT,Data Analyst,185000,USD,185000,US,0,US,M
2024,SE,FT,Data Analyst,140000,USD,140000,US,0,US,M
2024,MI,FT,Data Engineer,40000,GBP,50000,GB,0,GB,M
2024,MI,FT,Data Engineer,40000,GBP,50000,GB,0,GB,M
2024,SE,FT,Analytics Engineer,720000,USD,720000,US,0,US,M
2024,SE,FT,Analytics Engineer,170000,USD,170000,US,0,US,M
2024,SE,FT,Business Intelligence Engineer,165600,USD,165600,US,0,US,L
2024,SE,FT,Business Intelligence Engineer,65800,USD,65800,US,0,US,L
2024,MI,FT,Data Analyst,167000,USD,167000,US,0,US,M
2024,MI,FT,Data Analyst,121000,USD,121000,US,0,US,M
2024,SE,FT,AI Architect,208000,USD,208000,US,0,US,M
2024,SE,FT,AI Architect,177000,USD,177000,US,0,US,M
2024,SE,FT,Data Engineer,180000,USD,180000,US,100,US,M
2024,SE,FT,Data Engineer,119000,USD,119000,US,100,US,M
2024,SE,FT,Data Scientist,227000,USD,227000,US,0,US,M
2024,SE,FT,Data Scientist,116000,USD,116000,US,0,US,M
2024,MI,FT,Data Integration Engineer,130000,USD,130000,US,0,US,M
2024,MI,FT,Data Integration Engineer,110000,USD,110000,US,0,US,M
2024,MI,FT,Analytics Engineer,220000,USD,220000,US,0,US,M
2024,MI,FT,Analytics Engineer,176000,USD,176000,US,0,US,M
2024,SE,FT,Research Scientist,440000,USD,440000,US,0,US,M
2024,SE,FT,Research Scientist,360000,USD,360000,US,0,US,M
2024,MI,FT,Machine Learning Scientist,180000,USD,180000,CA,100,CA,M
2024,MI,FT,Machine Learning Scientist,117000,USD,117000,CA,100,CA,M
2024,MI,FT,Data Analyst,180000,USD,180000,US,0,US,M
2024,MI,FT,Data Analyst,140000,USD,140000,US,0,US,M
2024,SE,FT,Data Analytics Lead,155000,USD,155000,US,0,US,M
2024,SE,FT,Data Analytics Lead,130000,USD,130000,US,0,US,M
2024,SE,FT,Data Analytics Lead,215000,USD,215000,US,0,US,M
2024,SE,FT,Data Analytics Lead,155000,USD,155000,US,0,US,M
2024,SE,FT,Data Scientist,130000,USD,130000,US,0,US,M
2024,SE,FT,Data Scientist,120000,USD,120000,US,0,US,M
2024,SE,FT,Data Scientist,135000,USD,135000,US,100,US,M
2024,SE,FT,Data Scientist,115000,USD,115000,US,100,US,M
2024,EX,FT,Head of Machine Learning,448000,USD,448000,US,100,US,M
2024,EX,FT,Head of Machine Learning,373000,USD,373000,US,100,US,M
2024,SE,FT,Machine Learning Engineer,195500,USD,195500,US,100,US,M
2024,SE,FT,Machine Learning Engineer,141300,USD,141300,US,100,US,M
2024,MI,FT,Data Engineer,110000,USD,110000,US,0,US,M
2024,MI,FT,Data Engineer,90000,USD,90000,US,0,US,M
2024,EN,FT,Data Analyst,70000,USD,70000,US,100,US,M
2024,EN,FT,Data Analyst,57000,USD,57000,US,100,US,M
2024,MI,FT,Data Architect,44263,GBP,55328,ZA,0,ZA,M
2024,MI,FT,Data Architect,31396,GBP,39245,ZA,0,ZA,M
2024,SE,FT,Data Scientist,191027,USD,191027,US,0,US,M
2024,SE,FT,Data Scientist,99445,USD,99445,US,0,US,M
2024,SE,FT,Data Engineer,130000,USD,130000,US,0,US,M
2024,SE,FT,Data Engineer,110000,USD,110000,US,0,US,M
2024,MI,FT,Data Scientist,166000,USD,166000,US,0,US,M
2024,MI,FT,Data Scientist,73100,USD,73100,US,0,US,M
2024,SE,FT,Data Scientist,204200,USD,204200,US,0,US,M
2024,SE,FT,Data Scientist,122600,USD,122600,US,0,US,M
2024,EN,FT,Data Scientist,110400,USD,110400,US,0,US,M
2024,EN,FT,Data Scientist,68000,USD,68000,US,0,US,M
2024,SE,FT,Data Analyst,120000,USD,120000,US,0,US,M
2024,SE,FT,Data Analyst,100000,USD,100000,US,0,US,M
2024,MI,FT,Data Scientist,179000,USD,179000,US,0,US,M
2024,MI,FT,Data Scientist,106500,USD,106500,US,0,US,M
2024,EN,FT,Data Engineer,115000,USD,115000,US,100,US,M
2024,EN,FT,Data Engineer,87550,USD,87550,US,100,US,M
2024,SE,FT,Data Analytics Lead,398900,USD,398900,US,0,US,M
2024,SE,FT,Data Analytics Lead,239300,USD,239300,US,0,US,M
2024,EX,FT,Head of Machine Learning,438000,USD,438000,US,0,US,M
2024,EX,FT,Head of Machine Learning,245000,USD,245000,US,0,US,M
2024,SE,FT,Data Scientist,190000,USD,190000,US,100,US,M
2024,SE,FT,Data Scientist,105301,USD,105301,US,100,US,M
2024,SE,FT,Data Architect,120000,GBP,150000,GB,0,GB,M
2024,SE,FT,Data Architect,90000,GBP,112500,GB,0,GB,M
2024,SE,FT,Research Scientist,340000,USD,340000,US,100,US,M
2024,SE,FT,Research Scientist,180000,USD,180000,US,100,US,M
2024,SE,FT,Machine Learning Engineer,324000,USD,324000,US,0,US,M
2024,SE,FT,Machine Learning Engineer,159000,USD,159000,US,0,US,M
2024,MI,FT,Data Analyst,95000,USD,95000,US,0,US,M
2024,MI,FT,Data Analyst,65000,USD,65000,US,0,US,M
2024,SE,FT,Data Scientist,157900,USD,157900,CA,100,CA,M
2024,SE,FT,Data Scientist,105300,USD,105300,CA,100,CA,M
2024,SE,FT,Data Analyst,120000,USD,120000,US,0,US,M
2024,SE,FT,Data Analyst,110000,USD,110000,US,0,US,M
2024,EN,FT,Data Analyst,90000,USD,90000,US,0,US,M
2024,EN,FT,Data Analyst,70000,USD,70000,US,0,US,M
2024,SE,FT,Data Scientist,175000,USD,175000,US,100,US,M
2024,SE,FT,Data Scientist,105000,USD,105000,US,100,US,M
2024,MI,FT,Data Scientist,166000,USD,166000,US,0,US,M
2024,MI,FT,Data Scientist,73100,USD,73100,US,0,US,M
2024,MI,FT,Analytics Engineer,221500,USD,221500,US,0,US,M
2024,MI,FT,Analytics Engineer,153000,USD,153000,US,0,US,M
2024,EN,FT,Data Analyst,55000,GBP,68750,GB,0,GB,M
2024,EN,FT,Data Analyst,50000,GBP,62500,GB,0,GB,M
2024,SE,FT,Machine Learning Engineer,345400,USD,345400,US,0,US,M
2024,SE,FT,Machine Learning Engineer,223700,USD,223700,US,0,US,M
2024,SE,FT,Research Scientist,500000,USD,500000,US,100,US,M
2024,SE,FT,Research Scientist,180000,USD,180000,US,100,US,M
2024,SE,FT,Data Engineer,313000,USD,313000,US,100,US,M
2024,SE,FT,Data Engineer,135000,USD,135000,US,100,US,M
2024,EN,FT,Data Analyst,77000,USD,77000,US,100,US,M
2024,EN,FT,Data Analyst,66000,USD,66000,US,100,US,M
2024,SE,FT,Machine Learning Engineer,315000,USD,315000,US,100,US,M
2024,SE,FT,Machine Learning Engineer,250000,USD,250000,US,100,US,M
2024,SE,FT,Machine Learning Engineer,190000,USD,190000,US,100,US,M
2024,SE,FT,Machine Learning Engineer,105301,USD,105301,US,100,US,M
2024,SE,FT,Machine Learning Engineer,309000,USD,309000,US,0,US,M
2024,SE,FT,Machine Learning Engineer,142000,USD,142000,US,0,US,M
2024,SE,FT,Data Analyst,207300,USD,207300,US,0,US,M
2024,SE,FT,Data Analyst,165900,USD,165900,US,0,US,M
2024,EX,FT,Data Analyst,55000,GBP,68750,GB,0,GB,M
2024,EX,FT,Data Analyst,50000,GBP,62500,GB,0,GB,M
2024,MI,FT,Analytics Engineer,115000,USD,115000,US,0,US,M
2024,MI,FT,Analytics Engineer,100000,USD,100000,US,0,US,M
2024,MI,FT,Data Engineer,220000,USD,220000,US,100,US,M
2024,MI,FT,Data Engineer,206000,USD,206000,US,100,US,M
2024,EX,FT,Head of Data,263000,USD,263000,US,0,US,M
2024,EX,FT,Head of Data,236000,USD,236000,US,0,US,M
2024,MI,FT,Data Engineer,203500,USD,203500,US,100,US,M
2024,MI,FT,Data Engineer,148000,USD,148000,US,100,US,M
2024,EN,FT,Data Analyst,100000,USD,100000,US,0,US,M
2024,EN,FT,Data Analyst,90000,USD,90000,US,0,US,M
2024,MI,FT,Data Engineer,120000,USD,120000,US,0,US,M
2024,MI,FT,Data Engineer,84000,USD,84000,US,0,US,M
2024,EN,FT,Research Analyst,79300,USD,79300,US,0,US,M
2024,EN,FT,Research Analyst,42700,USD,42700,US,0,US,M
2024,SE,FT,Data Scientist,103500,USD,103500,US,0,US,M
2024,SE,FT,Data Scientist,72500,USD,72500,US,0,US,M
2024,SE,FT,Research Scientist,201000,USD,201000,US,0,US,M
2024,SE,FT,Research Scientist,103300,USD,103300,US,0,US,M
2024,SE,FT,Machine Learning Engineer,196350,USD,196350,US,100,US,M
2024,SE,FT,Machine Learning Engineer,127500,USD,127500,US,100,US,M
2024,SE,FT,Data Engineer,143706,USD,143706,US,100,US,M
2024,SE,FT,Data Engineer,84533,USD,84533,US,100,US,M
2024,MI,FT,Analytics Engineer,172100,USD,172100,US,0,US,M
2024,MI,FT,Analytics Engineer,97400,USD,97400,US,0,US,M
2024,MI,FT,Data Scientist,159000,USD,159000,US,0,US,M
2024,MI,FT,Data Scientist,106000,USD,106000,US,0,US,M
2024,MI,FT,Data Scientist,104922,USD,104922,US,0,US,M
2024,MI,FT,Data Scientist,72360,USD,72360,US,0,US,M
2024,EN,FT,Data Analyst,106000,USD,106000,US,0,US,M
2024,EN,FT,Data Analyst,66000,USD,66000,US,0,US,M
2024,SE,FT,Data Scientist,255000,USD,255000,US,0,US,M
2024,SE,FT,Data Scientist,199000,USD,199000,US,0,US,M
2024,SE,FT,Business Intelligence Engineer,167500,USD,167500,US,0,US,M
2024,SE,FT,Business Intelligence Engineer,106500,USD,106500,US,0,US,M
2024,SE,FT,Data Scientist,150000,USD,150000,US,100,US,M
2024,SE,FT,Data Scientist,104000,USD,104000,US,100,US,M
2024,SE,FT,Data Analyst,166000,USD,166000,US,0,US,M
2024,SE,FT,Data Analyst,73100,USD,73100,US,0,US,M
2024,SE,FT,AI Engineer,230000,USD,230000,US,0,US,M
2024,SE,FT,AI Engineer,150000,USD,150000,US,0,US,M
2024,SE,FT,Data Scientist,155000,USD,155000,US,0,US,M
2024,SE,FT,Data Scientist,130500,USD,130500,US,0,US,M
2024,SE,FT,Data Scientist,190000,USD,190000,US,0,US,M
2024,SE,FT,Data Scientist,158500,USD,158500,US,0,US,M
2024,SE,FT,Applied Scientist,260000,USD,260000,US,0,US,L
2024,SE,FT,Applied Scientist,136000,USD,136000,US,0,US,L
2024,SE,FT,Data Engineer,230000,USD,230000,US,0,US,M
2024,SE,FT,Data Engineer,170000,USD,170000,US,0,US,M
2024,MI,FT,Data Engineer,150000,USD,150000,US,0,US,M
2024,MI,FT,Data Engineer,90800,USD,90800,US,0,US,M
2024,MI,FT,Data Engineer,125000,USD,125000,US,100,US,M
2024,MI,FT,Data Engineer,100000,USD,100000,US,100,US,M
2024,MI,FT,Applied Scientist,222200,USD,222200,US,0,US,L
2024,MI,FT,Applied Scientist,136000,USD,136000,US,0,US,L
2024,SE,FT,Data Analyst,120000,USD,120000,US,0,US,M
2024,SE,FT,Data Analyst,100000,USD,100000,US,0,US,M
2024,SE,FT,Data Architect,175000,USD,175000,US,0,US,M
2024,SE,FT,Data Architect,117000,USD,117000,US,0,US,M
2024,SE,FT,Machine Learning Engineer,215000,USD,215000,US,0,US,M
2024,SE,FT,Machine Learning Engineer,146900,USD,146900,US,0,US,M
2024,SE,FT,Machine Learning Engineer,225000,USD,225000,US,0,US,M
2024,SE,FT,Machine Learning Engineer,166000,USD,166000,US,0,US,M
2024,MI,FT,Analytics Engineer,150000,USD,150000,US,100,US,M
2024,MI,FT,Analytics Engineer,135000,USD,135000,US,100,US,M
2024,EN,FT,Data Scientist,104500,USD,104500,US,0,US,M
2024,EN,FT,Data Scientist,76000,USD,76000,US,0,US,M
2024,MI,FT,Data Engineer,105000,USD,105000,US,0,US,M
2024,MI,FT,Data Engineer,70000,USD,70000,US,0,US,M
2024,SE,FT,Data Scientist,165000,USD,165000,US,100,US,M
2024,SE,FT,Data Scientist,115500,USD,115500,US,100,US,M
2024,SE,FT,Data Scientist,220000,USD,220000,US,0,US,M
2024,SE,FT,Data Scientist,160000,USD,160000,US,0,US,M
2024,MI,FT,AI Engineer,166000,USD,166000,US,0,US,M
2024,MI,FT,AI Engineer,73100,USD,73100,US,0,US,M
2024,SE,FT,Research Scientist,484000,USD,484000,US,100,US,M
2024,SE,FT,Research Scientist,164000,USD,164000,US,100,US,M
2024,MI,FT,Data Scientist,144650,USD,144650,US,0,US,M
2024,MI,FT,Data Scientist,86800,USD,86800,US,0,US,M
2024,SE,FT,Data Scientist,720000,USD,720000,US,0,US,M
2024,SE,FT,Data Scientist,170000,USD,170000,US,0,US,M
2024,MI,CT,Data Analyst Lead,200000,NZD,125000,NZ,50,NZ,S
2024,MI,FT,Business Intelligence Analyst,42000,GBP,52500,GB,50,GB,L
2024,EN,FT,Business Intelligence,142000,USD,142000,US,0,US,M
2024,EN,FT,Business Intelligence,70000,USD,70000,US,0,US,M
2024,MI,FT,Business Intelligence,146851,USD,146851,US,0,US,M
2024,MI,FT,Business Intelligence,94000,USD,94000,US,0,US,M
2024,SE,FT,Business Intelligence,260000,USD,260000,US,0,US,M
2024,SE,FT,Business Intelligence,180000,USD,180000,US,0,US,M
2024,MI,FT,Business Intelligence,150000,USD,150000,US,0,US,M
2024,MI,FT,Business Intelligence,100000,USD,100000,US,0,US,M
2024,SE,FT,Business Intelligence,105000,USD,105000,US,0,US,M
2024,SE,FT,Business Intelligence,70000,USD,70000,US,0,US,M
2024,MI,FT,Business Intelligence,155000,USD,155000,US,100,US,M
2024,MI,FT,Business Intelligence,140000,USD,140000,US,100,US,M
2024,SE,FT,Data Analytics Lead,342400,USD,342400,US,0,US,M
2024,SE,FT,Data Analytics Lead,205400,USD,205400,US,0,US,M
2024,EN,FT,Data Scientist,70000,EUR,77777,DE,0,DE,M
2024,EN,FT,Data Scientist,65000,EUR,72222,DE,0,DE,M
2024,MI,FT,Data Scientist,138000,USD,138000,US,0,US,M
2024,MI,FT,Data Scientist,86000,USD,86000,US,0,US,M
2024,SE,FT,Data Analytics Lead,398900,USD,398900,US,0,US,M
2024,SE,FT,Data Analytics Lead,239300,USD,239300,US,0,US,M
2024,SE,FT,Data Scientist,112000,USD,112000,US,0,US,M
2024,SE,FT,Data Scientist,109000,USD,109000,US,0,US,M
2024,SE,FT,Data Scientist,250000,USD,250000,US,0,US,M
2024,SE,FT,Data Scientist,218750,USD,218750,US,0,US,M
2024,MI,FT,Data Scientist,212800,USD,212800,US,0,US,L
2024,MI,FT,Data Scientist,111600,USD,111600,US,0,US,L
2024,SE,FT,Machine Learning Engineer,250000,USD,250000,US,100,US,M
2024,SE,FT,Machine Learning Engineer,230000,USD,230000,US,100,US,M
2024,SE,FT,Data Scientist,247600,USD,247600,US,0,US,L
2024,SE,FT,Data Scientist,127300,USD,127300,US,0,US,L
2024,MI,FT,Data Engineer,170000,USD,170000,US,0,US,M
2024,MI,FT,Data Engineer,120000,USD,120000,US,0,US,M
2024,MI,FT,Analytics Engineer,200400,USD,200400,US,0,US,M
2024,MI,FT,Analytics Engineer,154100,USD,154100,US,0,US,M
2024,EN,FT,Data Analyst,26800,GBP,33500,GB,0,GB,M
2024,EN,FT,Data Analyst,26800,GBP,33500,GB,0,GB,M
2024,EN,FT,Data Analyst,75065,USD,75065,US,100,US,M
2024,EN,FT,Data Analyst,41419,USD,41419,US,100,US,M
2024,MI,FT,Data Scientist,180000,USD,180000,US,0,US,M
2024,MI,FT,Data Scientist,160000,USD,160000,US,0,US,M
2024,MI,FT,Data Engineer,114000,USD,114000,US,100,US,M
2024,MI,FT,Data Engineer,68000,USD,68000,US,100,US,M
2024,MI,FT,Data Analyst,325000,USD,325000,US,0,US,M
2024,MI,FT,Data Analyst,80000,USD,80000,US,0,US,M
2024,MI,FT,Machine Learning Engineer,84000,EUR,93333,DE,100,DE,M
2024,MI,FT,Applied Scientist,222200,USD,222200,US,0,US,L
2024,MI,FT,Applied Scientist,136000,USD,136000,US,0,US,L
2024,MI,FT,Data Engineer,210100,USD,210100,US,0,US,M
2024,MI,FT,Data Engineer,210100,USD,210100,US,0,US,M
2024,SE,FT,Applied Scientist,260000,USD,260000,US,0,US,L
2024,SE,FT,Applied Scientist,136000,USD,136000,US,0,US,L
2024,MI,FT,Applied Scientist,222200,USD,222200,US,0,US,L
2024,MI,FT,Applied Scientist,136000,USD,136000,US,0,US,L
2024,SE,FT,Applied Scientist,260000,USD,260000,US,0,US,L
2024,SE,FT,Applied Scientist,136000,USD,136000,US,0,US,L
2024,MI,FT,Data Engineer,171816,USD,171816,US,0,US,M
2024,MI,FT,Data Engineer,97935,USD,97935,US,0,US,M
2024,SE,FT,Data Analyst,164000,USD,164000,US,0,US,M
2024,SE,FT,Data Analyst,109000,USD,109000,US,0,US,M
2024,MI,FT,Data Manager,127000,USD,127000,US,100,US,M
2024,MI,FT,Data Manager,65000,USD,65000,US,100,US,M
2024,SE,FT,Data Scientist,143000,USD,143000,US,0,US,M
2024,SE,FT,Data Scientist,104000,USD,104000,US,0,US,M
2024,SE,FT,Machine Learning Engineer,221000,USD,221000,US,0,US,M
2024,SE,FT,Machine Learning Engineer,180000,USD,180000,US,0,US,M
2024,SE,FT,Data Scientist,157850,USD,157850,US,100,US,M
2024,SE,FT,Data Scientist,128945,USD,128945,US,100,US,M
2024,SE,FT,Data Scientist,310270,USD,310270,US,0,US,M
2024,SE,FT,Data Scientist,253430,USD,253430,US,0,US,M
2024,SE,FT,Data Scientist,200000,USD,200000,US,0,US,M
2024,SE,FT,Data Scientist,155000,USD,155000,US,0,US,M
2024,SE,FT,Machine Learning Engineer,220067,USD,220067,US,100,US,M
2024,SE,FT,Machine Learning Engineer,135549,USD,135549,US,100,US,M
2024,SE,FT,Machine Learning Engineer,258800,USD,258800,US,0,US,M
2024,SE,FT,Machine Learning Engineer,199200,USD,199200,US,0,US,M
2024,SE,FT,Machine Learning Engineer,198000,USD,198000,US,100,US,M
2024,SE,FT,Machine Learning Engineer,132000,USD,132000,US,100,US,M
2024,SE,FT,Data Engineer,180000,USD,180000,US,0,US,M
2024,SE,FT,Data Engineer,162000,USD,162000,US,0,US,M
2024,SE,FT,Data Scientist,170000,USD,170000,US,0,US,M
2024,SE,FT,Data Scientist,130000,USD,130000,US,0,US,M
2024,MI,FT,Data Analytics Manager,145400,USD,145400,US,0,US,M
2024,MI,FT,Data Analytics Manager,88000,USD,88000,US,0,US,M
2024,MI,FT,Analytics Engineer,205500,USD,205500,US,0,US,M
2024,MI,FT,Analytics Engineer,117400,USD,117400,US,0,US,M
2024,SE,FT,Business Intelligence Analyst,148300,USD,148300,US,0,US,M
2024,SE,FT,Business Intelligence Analyst,84700,USD,84700,US,0,US,M
2024,SE,FT,Data Analyst,105000,USD,105000,US,0,US,M
2024,SE,FT,Data Analyst,85000,USD,85000,US,0,US,M
2024,MI,FT,Machine Learning Engineer,250900,USD,250900,US,0,US,M
2024,MI,FT,Machine Learning Engineer,135200,USD,135200,US,0,US,M
2024,SE,CT,Data Scientist,191027,USD,191027,US,0,US,M
2024,SE,CT,Data Scientist,120869,USD,120869,US,0,US,M
2024,SE,FT,Data Engineer,212000,USD,212000,US,0,US,M
2024,SE,FT,Data Engineer,93300,USD,93300,US,0,US,M
2024,SE,FT,Data Scientist,140000,USD,140000,CA,0,CA,M
2024,SE,FT,Data Scientist,110000,USD,110000,CA,0,CA,M
2024,SE,FT,Data Engineer,270250,USD,270250,US,0,US,M
2024,SE,FT,Data Engineer,144000,USD,144000,US,0,US,M
2024,EN,FT,AI Engineer,40000,EUR,44444,IT,50,IT,L
2024,MI,FT,Data Analyst,138000,USD,138000,US,0,US,M
2024,MI,FT,Data Analyst,86000,USD,86000,US,0,US,M
2024,MI,FT,Data Scientist,106000,USD,106000,US,0,US,M
2024,MI,FT,Data Scientist,66000,USD,66000,US,0,US,M
2024,SE,FT,Data Analyst,128800,USD,128800,US,0,US,M
2024,SE,FT,Data Analyst,88854,USD,88854,US,0,US,M
2024,SE,FT,Research Analyst,210000,USD,210000,US,0,US,M
2024,SE,FT,Research Analyst,180000,USD,180000,US,0,US,M
2024,MI,FT,Data Scientist,138000,USD,138000,US,0,US,M
2024,MI,FT,Data Scientist,86000,USD,86000,US,0,US,M
2024,SE,FT,Machine Learning Engineer,284400,USD,284400,US,0,US,M
2024,SE,FT,Machine Learning Engineer,150700,USD,150700,US,0,US,M
2024,MI,FT,Data Scientist,276000,USD,276000,US,0,US,M
2024,MI,FT,Data Scientist,176000,USD,176000,US,0,US,M
2024,EN,CT,Business Intelligence Analyst,50000,USD,50000,US,0,US,M
2024,EN,CT,Business Intelligence Analyst,48000,USD,48000,US,0,US,M
2024,EN,FT,Data Analyst,179000,USD,179000,US,0,US,M
2024,EN,FT,Data Analyst,112000,USD,112000,US,0,US,M
2024,MI,FT,MLOps Engineer,160000,USD,160000,US,0,US,M
2024,MI,FT,MLOps Engineer,120000,USD,120000,US,0,US,M
2024,SE,FT,Data Engineer,145360,USD,145360,US,100,US,M
2024,SE,FT,Data Engineer,101100,USD,101100,US,100,US,M
2024,SE,FT,Data Architect,299792,USD,299792,US,0,US,M
2024,SE,FT,Data Architect,187370,USD,187370,US,0,US,M
2024,SE,FT,Research Scientist,382320,USD,382320,US,0,US,M
2024,SE,FT,Research Scientist,302840,USD,302840,US,0,US,M
2024,SE,FT,Machine Learning Engineer,258800,USD,258800,US,0,US,M
2024,SE,FT,Machine Learning Engineer,199200,USD,199200,US,0,US,M
2024,SE,FT,Data Scientist,212000,USD,212000,US,0,US,M
2024,SE,FT,Data Scientist,93300,USD,93300,US,0,US,M
2024,SE,FT,Data Engineer,154000,USD,154000,US,0,US,M
2024,SE,FT,Data Engineer,103000,USD,103000,US,0,US,M
2024,SE,FT,Analytics Engineer,750000,USD,750000,US,0,US,M
2024,SE,FT,Analytics Engineer,150000,USD,150000,US,0,US,M
2024,SE,FT,Data Analyst,144700,USD,144700,US,100,US,M
2024,SE,FT,Data Analyst,96500,USD,96500,US,100,US,M
2024,SE,FT,Data Scientist,314100,USD,314100,US,0,US,M
2024,SE,FT,Data Scientist,169700,USD,169700,US,0,US,M
2024,EX,FT,Machine Learning Engineer,209700,USD,209700,US,0,US,M
2024,EX,FT,Machine Learning Engineer,161300,USD,161300,US,0,US,M
2024,EN,FT,Data Scientist,84000,USD,84000,US,0,US,M
2024,EN,FT,Data Scientist,58000,USD,58000,US,0,US,M
2024,SE,FT,Data Engineer,135000,USD,135000,US,0,US,M
2024,SE,FT,Data Engineer,115000,USD,115000,US,0,US,M
2024,SE,FT,Data Analyst,153000,USD,153000,US,0,US,M
2024,SE,FT,Data Analyst,143000,USD,143000,US,0,US,M
2024,SE,FT,Data Engineer,200000,USD,200000,US,0,US,M
2024,SE,FT,Data Engineer,160000,USD,160000,US,0,US,M
2024,EN,FT,Research Scientist,254270,USD,254270,US,0,US,M
2024,EN,FT,Research Scientist,254270,USD,254270,US,0,US,M
2024,SE,FT,Data Engineer,240000,USD,240000,US,0,US,M
2024,SE,FT,Data Engineer,187000,USD,187000,US,0,US,M
2024,MI,FT,Data Analytics Manager,165000,USD,165000,US,0,US,M
2024,MI,FT,Data Analytics Manager,108750,USD,108750,US,0,US,M
2024,SE,FT,Business Intelligence Analyst,55000,GBP,68750,GB,0,GB,M
2024,SE,FT,Business Intelligence Analyst,40000,GBP,50000,GB,0,GB,M
2024,SE,FT,Business Intelligence Engineer,190000,USD,190000,US,0,US,M
2024,SE,FT,Business Intelligence Engineer,130000,USD,130000,US,0,US,M
2024,SE,FT,Applied Scientist,285200,USD,285200,US,100,US,M
2024,SE,FT,Applied Scientist,168600,USD,168600,US,100,US,M
2024,EN,FT,Data Scientist,55000,EUR,61111,DE,50,DE,M
2024,EN,FT,Analytics Engineer,66000,USD,66000,US,100,US,M
2024,MI,FT,Data Engineer,133000,USD,133000,US,0,US,M
2024,MI,FT,Data Engineer,58400,USD,58400,US,0,US,M
2024,SE,FT,Data Analyst,163000,USD,163000,US,100,US,M
2024,SE,FT,Data Analyst,77000,USD,77000,US,100,US,M
2024,SE,FT,Data Engineer,146000,USD,146000,US,0,US,M
2024,SE,FT,Data Engineer,78900,USD,78900,US,0,US,M
2024,MI,FT,Machine Learning Engineer,200000,USD,200000,US,100,US,L
2024,MI,FT,Machine Learning Engineer,100000,USD,100000,US,100,US,L
2024,SE,FT,Research Scientist,195500,USD,195500,US,100,US,M
2024,SE,FT,Research Scientist,141300,USD,141300,US,100,US,M
2024,MI,FT,Research Engineer,128000,USD,128000,US,0,US,M
2024,MI,FT,Research Engineer,64000,USD,64000,US,0,US,M
2024,MI,FT,Data Scientist,77040,EUR,85600,LV,0,LV,M
2024,MI,FT,Data Scientist,39840,EUR,44266,LV,0,LV,M
2024,MI,FT,Data Engineer,48000,GBP,60000,GB,0,GB,M
2024,MI,FT,Data Engineer,37200,GBP,46500,GB,0,GB,M
2024,EX,FT,Data Engineer,204500,USD,204500,US,0,US,M
2024,EX,FT,Data Engineer,130000,USD,130000,US,0,US,M
2024,SE,FT,Data Scientist,65000,GBP,81250,GB,0,GB,M
2024,SE,FT,Data Scientist,40000,GBP,50000,GB,0,GB,M
2024,SE,FT,Data Engineer,230000,USD,230000,US,100,US,M
2024,SE,FT,Data Engineer,149000,USD,149000,US,100,US,M
2024,SE,FT,Data Scientist,185900,USD,185900,US,0,US,M
2024,SE,FT,Data Scientist,109400,USD,109400,US,0,US,M
2024,SE,FT,Data Scientist,145000,USD,145000,US,100,US,M
2024,SE,FT,Data Scientist,125000,USD,125000,US,100,US,M
2024,SE,FT,Data Lead,54000,GBP,67500,GB,0,GB,M
2024,SE,FT,Data Lead,48000,GBP,60000,GB,0,GB,M
2024,SE,FT,Data Architect,195000,USD,195000,US,0,US,M
2024,SE,FT,Data Architect,64200,USD,64200,US,0,US,M
2024,SE,FT,Data Scientist,208500,USD,208500,US,0,US,M
2024,SE,FT,Data Scientist,165000,USD,165000,US,0,US,M
2024,SE,FT,Data Analyst,47215,GBP,59018,GB,0,GB,M
2024,SE,FT,Data Analyst,42245,GBP,52806,GB,0,GB,M
2024,MI,FT,Data Analytics Manager,124230,USD,124230,US,0,US,M
2024,MI,FT,Data Analytics Manager,68637,USD,68637,US,0,US,M
2024,EX,FT,Head of Data,247000,USD,247000,US,0,US,M
2024,EX,FT,Head of Data,182000,USD,182000,US,0,US,M
2024,SE,FT,Research Scientist,278700,USD,278700,US,0,US,M
2024,SE,FT,Research Scientist,159300,USD,159300,US,0,US,M
2024,SE,FT,Data Engineer,233200,USD,233200,US,0,US,M
2024,SE,FT,Data Engineer,144200,USD,144200,US,0,US,M
2024,EX,FT,Machine Learning Engineer,238500,USD,238500,US,0,US,M
2024,EX,FT,Machine Learning Engineer,183400,USD,183400,US,0,US,M
2024,SE,FT,Research Scientist,205500,USD,205500,US,0,US,M
2024,SE,FT,Research Scientist,132500,USD,132500,US,0,US,M
2024,MI,FT,Data Analyst,134500,USD,134500,US,0,US,M
2024,MI,FT,Data Analyst,100000,USD,100000,US,0,US,M
2024,SE,FT,Research Scientist,258100,USD,258100,US,0,US,M
2024,SE,FT,Research Scientist,151900,USD,151900,US,0,US,M
2024,EX,FT,Data Scientist,300000,USD,300000,US,100,US,M
2024,EX,FT,Data Scientist,220000,USD,220000,US,100,US,M
2024,SE,FT,Data Analyst,200000,USD,200000,US,100,US,M
2024,SE,FT,Data Analyst,145000,USD,145000,US,100,US,M
2024,SE,FT,Research Scientist,323300,USD,323300,US,0,US,M
2024,SE,FT,Research Scientist,184700,USD,184700,US,0,US,M
2024,SE,FT,Data Scientist,253430,USD,253430,US,0,US,M
2024,SE,FT,Data Scientist,212780,USD,212780,US,0,US,M
2024,MI,FT,Data Scientist,130000,USD,130000,US,100,US,M
2024,MI,FT,Data Scientist,110000,USD,110000,US,100,US,M
2024,SE,FT,Machine Learning Engineer,300000,USD,300000,US,0,US,M
2024,SE,FT,Machine Learning Engineer,130000,USD,130000,US,0,US,M
2024,SE,FT,Research Scientist,278700,USD,278700,US,0,US,M
2024,SE,FT,Research Scientist,159300,USD,159300,US,0,US,M
2024,EN,FT,Data Analytics Manager,27000,USD,27000,IN,100,AS,M
2024,EN,PT,Data Engineer,93000,USD,93000,US,0,US,M
2024,EN,PT,Data Engineer,45400,USD,45400,US,0,US,M
2024,MI,FT,Data Scientist,119200,USD,119200,US,100,US,M
2024,MI,FT,Data Scientist,86600,USD,86600,US,100,US,M
2024,MI,FT,Data Scientist,166000,USD,166000,US,0,US,M
2024,MI,FT,Data Scientist,73100,USD,73100,US,0,US,M
2024,MI,FT,Data Scientist,212000,USD,212000,EG,0,EG,M
2024,MI,FT,Data Scientist,93300,USD,93300,EG,0,EG,M
2024,SE,FT,Data Analyst,96600,USD,96600,US,0,US,M
2024,SE,FT,Data Analyst,55200,USD,55200,US,0,US,M
2024,MI,FT,Data Scientist,132600,USD,132600,US,0,US,M
2024,MI,FT,Data Scientist,80845,USD,80845,US,0,US,M
2024,EN,FT,Data Scientist,144200,USD,144200,US,0,US,M
2024,EN,FT,Data Scientist,72100,USD,72100,US,0,US,M
2024,MI,FT,Data Scientist,212000,USD,212000,EG,0,EG,M
2024,MI,FT,Data Scientist,93300,USD,93300,EG,0,EG,M
2024,EN,FT,Research Analyst,100144,USD,100144,CA,0,CA,M
2024,EN,FT,Research Analyst,78308,USD,78308,CA,0,CA,M
2024,SE,FT,Data Scientist,212000,USD,212000,EG,0,EG,M
2024,SE,FT,Data Scientist,93300,USD,93300,EG,0,EG,M
2024,EN,PT,Data Analyst,93000,USD,93000,US,0,US,M
2024,EN,PT,Data Analyst,45400,USD,45400,US,0,US,M
2024,SE,FT,Data Scientist,60000,EUR,66666,LT,0,LT,M
2024,SE,FT,Data Scientist,48000,EUR,53333,LT,0,LT,M
2024,SE,FT,Business Intelligence Analyst,112125,USD,112125,CA,100,CA,M
2024,SE,FT,Business Intelligence Analyst,67275,USD,67275,CA,100,CA,M
2024,MI,FT,Data Scientist,166000,USD,166000,US,0,US,M
2024,MI,FT,Data Scientist,73100,USD,73100,US,0,US,M
2024,EN,FT,Data Analyst,114000,USD,114000,US,0,US,M
2024,EN,FT,Data Analyst,75000,USD,75000,US,0,US,M
2024,SE,FT,Data Scientist,200070,USD,200070,CA,0,CA,M
2024,SE,FT,Data Scientist,107730,USD,107730,CA,0,CA,M
2024,MI,FT,Data Engineer,220000,USD,220000,US,0,US,M
2024,MI,FT,Data Engineer,140000,USD,140000,US,0,US,M
2024,SE,FT,Data Analyst,100000,USD,100000,IE,0,IE,M
2024,SE,FT,Data Analyst,80000,USD,80000,IE,0,IE,M
2024,MI,FT,Data Scientist,287800,USD,287800,US,0,US,M
2024,MI,FT,Data Scientist,287800,USD,287800,US,0,US,M
2024,SE,FT,Data Engineer,166000,USD,166000,US,0,US,M
2024,SE,FT,Data Engineer,73100,USD,73100,US,0,US,M
2024,SE,FT,Data Analyst,187770,USD,187770,US,0,US,M
2024,SE,FT,Data Analyst,109500,USD,109500,US,0,US,M
2024,EN,FT,Data Analyst,75000,GBP,93750,GB,0,GB,M
2024,EN,FT,Data Analyst,55000,GBP,68750,GB,0,GB,M
2024,SE,FT,Data Scientist,177300,USD,177300,US,0,US,M
2024,SE,FT,Data Scientist,126500,USD,126500,US,0,US,M
2024,MI,FT,Data Scientist,145100,USD,145100,US,0,US,M
2024,MI,FT,Data Scientist,93900,USD,93900,US,0,US,M
2024,SE,FT,Machine Learning Engineer,245000,USD,245000,US,100,US,M
2024,SE,FT,Machine Learning Engineer,163000,USD,163000,US,100,US,M
2024,SE,FT,Data Scientist,189100,USD,189100,US,0,US,M
2024,SE,FT,Data Scientist,154360,USD,154360,US,0,US,M
2024,MI,FT,Data Engineer,159250,USD,159250,US,0,US,M
2024,MI,FT,Data Engineer,85750,USD,85750,US,0,US,M
2024,SE,FT,Data Scientist,152000,USD,152000,US,0,US,M
2024,SE,FT,Data Scientist,133200,USD,133200,US,0,US,M
2024,EN,FT,Data Analyst,75000,EUR,83333,FR,0,FR,M
2024,SE,FT,Data Scientist,225000,USD,225000,US,0,US,M
2024,SE,FT,Data Scientist,156400,USD,156400,US,0,US,M
2024,SE,FT,Data Engineer,197000,USD,197000,US,0,US,M
2024,SE,FT,Data Engineer,99000,USD,99000,US,0,US,M
2024,SE,FT,Applied Scientist,256100,USD,256100,US,0,US,M
2024,SE,FT,Applied Scientist,137900,USD,137900,US,0,US,M
2024,SE,FT,Business Intelligence Analyst,54395,GBP,67993,ZA,0,ZA,M
2024,SE,FT,Business Intelligence Analyst,33966,GBP,42457,ZA,0,ZA,M
2024,MI,FT,Research Scientist,212800,USD,212800,US,0,US,L
2024,MI,FT,Research Scientist,124100,USD,124100,US,0,US,L
2024,SE,FT,Data Architect,220000,USD,220000,US,0,US,M
2024,SE,FT,Data Architect,200000,USD,200000,US,0,US,M
2024,SE,FT,Machine Learning Engineer,300000,USD,300000,US,100,US,M
2024,SE,FT,Machine Learning Engineer,235000,USD,235000,US,100,US,M
2024,SE,FT,Machine Learning Engineer,262269,USD,262269,US,100,US,M
2024,SE,FT,Machine Learning Engineer,230797,USD,230797,US,100,US,M
2024,EN,FT,Data Scientist,36000,EUR,40000,EE,0,EE,M
2024,EN,FT,Data Scientist,36000,EUR,40000,EE,0,EE,M
2024,SE,FT,Data Analyst,152000,USD,152000,US,0,US,M
2024,SE,FT,Data Analyst,126667,USD,126667,US,0,US,M
2024,EN,FT,Data Analyst,90000,USD,90000,US,100,US,M
2024,EN,FT,Data Analyst,75000,USD,75000,US,100,US,M
2024,EN,FT,Data Analyst,115000,USD,115000,US,0,US,M
2024,EN,FT,Data Analyst,90000,USD,90000,US,0,US,M
2024,MI,FT,Machine Learning Scientist,750000,USD,750000,US,0,US,M
2024,MI,FT,Machine Learning Scientist,150000,USD,150000,US,0,US,M
2024,SE,FT,Data Engineer,247300,USD,247300,US,0,US,M
2024,SE,FT,Data Engineer,139700,USD,139700,US,0,US,M
2024,MI,FT,Research Engineer,360000,USD,360000,US,0,US,M
2024,MI,FT,Research Engineer,295000,USD,295000,US,0,US,M
2024,MI,FT,AI Engineer,200000,USD,200000,US,0,US,M
2024,MI,FT,AI Engineer,151000,USD,151000,US,0,US,M
2024,SE,FT,Data Scientist,170000,USD,170000,US,100,US,M
2024,SE,FT,Data Scientist,130000,USD,130000,US,100,US,M
2024,SE,FT,Data Analyst,140000,USD,140000,US,0,US,M
2024,SE,FT,Data Analyst,115000,USD,115000,US,0,US,M
2024,MI,FT,Data Analyst,105000,USD,105000,US,0,US,M
2024,MI,FT,Data Analyst,78575,USD,78575,US,0,US,M
2024,MI,FT,Data Engineer,117000,EUR,130000,DE,0,DE,L
2024,MI,FT,Data Engineer,60000,EUR,66666,DE,0,DE,L
2024,SE,FT,Data Engineer,175000,USD,175000,US,100,US,M
2024,SE,FT,Data Engineer,140000,USD,140000,US,100,US,M
2024,SE,FT,Data Scientist,276000,USD,276000,US,0,US,M
2024,SE,FT,Data Scientist,140000,USD,140000,US,0,US,M
2024,SE,FT,Data Analyst,173000,USD,173000,US,0,US,M
2024,SE,FT,Data Analyst,102000,USD,102000,US,0,US,M
2024,SE,FT,Analytics Engineer,53000,GBP,66250,GB,0,GB,M
2024,SE,FT,Analytics Engineer,45600,GBP,57000,GB,0,GB,M
2024,MI,FT,Data Scientist,188500,USD,188500,US,0,US,M
2024,MI,FT,Data Scientist,165100,USD,165100,US,0,US,M
2024,MI,FT,AI Engineer,166000,USD,166000,US,0,US,M
2024,MI,FT,AI Engineer,73100,USD,73100,US,0,US,M
2024,SE,FT,Machine Learning Engineer,414000,USD,414000,US,0,US,M
2024,SE,FT,Machine Learning Engineer,216000,USD,216000,US,0,US,M
2024,MI,FT,Research Scientist,96200,USD,96200,US,100,US,M
2024,MI,FT,Research Scientist,69800,USD,69800,US,100,US,M
2024,MI,FT,Data Scientist,179000,USD,179000,GB,0,GB,M
2024,MI,FT,Data Scientist,112000,USD,112000,GB,0,GB,M
2024,EN,FT,Data Analyst,118750,USD,118750,US,0,US,M
2024,EN,FT,Data Analyst,106875,USD,106875,US,0,US,M
2024,MI,FT,Data Scientist,212800,USD,212800,US,0,US,L
2024,MI,FT,Data Scientist,111600,USD,111600,US,0,US,L
2024,MI,FT,Data Engineer,83024,EUR,92248,NL,0,NL,M
2024,MI,FT,Data Engineer,58117,EUR,64574,NL,0,NL,M
2024,SE,FT,Machine Learning Engineer,212000,USD,212000,US,0,US,M
2024,SE,FT,Machine Learning Engineer,93300,USD,93300,US,0,US,M
2024,EN,FT,Machine Learning Engineer,162240,USD,162240,US,0,US,M
2024,EN,FT,Machine Learning Engineer,47840,USD,47840,US,0,US,M
2024,MI,FT,Applied Scientist,222200,USD,222200,US,0,US,L
2024,MI,FT,Applied Scientist,136000,USD,136000,US,0,US,L
2024,SE,FT,Data Product Manager,170000,USD,170000,US,100,US,M
2024,SE,FT,Data Product Manager,145000,USD,145000,US,100,US,M
2024,SE,FT,Data Analyst,117000,USD,117000,US,0,US,M
2024,SE,FT,Data Analyst,93000,USD,93000,US,0,US,M
2024,MI,FT,Data Engineer,65000,GBP,81250,GB,0,GB,M
2024,MI,FT,Data Engineer,55000,GBP,68750,GB,0,GB,M
2024,SE,FT,Data Engineer,130000,USD,130000,US,0,US,M
2024,SE,FT,Data Engineer,110000,USD,110000,US,0,US,M
2024,SE,FT,Machine Learning Engineer,190400,USD,190400,US,0,US,M
2024,SE,FT,Machine Learning Engineer,122900,USD,122900,US,0,US,M
2024,SE,FT,Machine Learning Engineer,221000,USD,221000,US,0,US,M
2024,SE,FT,Machine Learning Engineer,185000,USD,185000,US,0,US,M
2024,SE,FT,Data Engineer,220000,USD,220000,US,0,US,M
2024,SE,FT,Data Engineer,170000,USD,170000,US,0,US,M
2024,MI,FT,Machine Learning Engineer,210100,USD,210100,US,0,US,M
2024,MI,FT,Machine Learning Engineer,210100,USD,210100,US,0,US,M
2024,SE,FT,BI Analyst,130000,USD,130000,US,0,US,M
2024,SE,FT,BI Analyst,115000,USD,115000,US,0,US,M
2024,MI,FT,Data Engineer,170000,USD,170000,US,100,US,M
2024,MI,FT,Data Engineer,90000,USD,90000,US,100,US,M
2024,MI,FT,MLOps Engineer,280000,USD,280000,US,0,US,M
2024,MI,FT,MLOps Engineer,160000,USD,160000,US,0,US,M
2024,SE,FT,Data Scientist,255475,USD,255475,US,100,US,M
2024,SE,FT,Data Scientist,185800,USD,185800,US,100,US,M
2024,SE,FT,Data Scientist,170000,USD,170000,US,0,US,M
2024,SE,FT,Data Scientist,151000,USD,151000,US,0,US,M
2024,SE,FT,Data Analyst,130000,USD,130000,US,0,US,M
2024,SE,FT,Data Analyst,100000,USD,100000,US,0,US,M
2024,SE,FT,Business Intelligence Engineer,185000,USD,185000,US,0,US,L
2024,SE,FT,Business Intelligence Engineer,79600,USD,79600,US,0,US,L
2024,MI,FT,Data Analyst,95000,USD,95000,US,0,US,M
2024,MI,FT,Data Analyst,65000,USD,65000,US,0,US,M
2024,SE,FT,Data Scientist,240000,USD,240000,US,0,US,M
2024,SE,FT,Data Scientist,162000,USD,162000,US,0,US,M
2024,EN,FT,Data Scientist,110400,USD,110400,US,0,US,M
2024,EN,FT,Data Scientist,68000,USD,68000,US,0,US,M
2024,SE,FT,Machine Learning Engineer,307100,USD,307100,US,100,US,M
2024,SE,FT,Machine Learning Engineer,216800,USD,216800,US,100,US,M
2024,EN,FT,Data Analyst,102000,USD,102000,US,100,US,M
2024,EN,FT,Data Analyst,92000,USD,92000,US,100,US,M
2024,MI,FT,Applied Scientist,222200,USD,222200,US,0,US,L
2024,MI,FT,Applied Scientist,136000,USD,136000,US,0,US,L
2024,SE,FT,Data Engineer,190000,USD,190000,US,100,US,M
2024,SE,FT,Data Engineer,136000,USD,136000,US,100,US,M
2024,MI,FT,Machine Learning Engineer,165000,USD,165000,US,100,US,M
2024,MI,FT,Machine Learning Engineer,140250,USD,140250,US,100,US,M
2024,SE,FT,Data Scientist,160000,USD,160000,US,0,US,M
2024,SE,FT,Data Scientist,130000,USD,130000,US,0,US,M
2024,SE,FT,Data Analyst,190000,USD,190000,US,0,US,M
2024,SE,FT,Data Analyst,190000,USD,190000,US,0,US,M
2024,SE,FT,Data Manager,131200,USD,131200,US,100,US,M
2024,SE,FT,Data Manager,95300,USD,95300,US,100,US,M
2024,MI,FT,Data Scientist,150000,USD,150000,US,100,US,M
2024,MI,FT,Data Scientist,127500,USD,127500,US,100,US,M
2024,MI,FT,Data Engineer,41157,GBP,51446,GB,0,GB,M
2024,MI,FT,Data Engineer,36620,GBP,45775,GB,0,GB,M
2024,SE,FT,Data Scientist,136000,USD,136000,US,100,US,M
2024,SE,FT,Data Scientist,109000,USD,109000,US,100,US,M
2024,MI,FT,Data Scientist,104000,USD,104000,US,0,US,M
2024,MI,FT,Data Scientist,86000,USD,86000,US,0,US,M
2024,EX,FT,Head of Data,195000,USD,195000,US,0,US,M
2024,EX,FT,Head of Data,150000,USD,150000,US,0,US,M
2024,SE,FT,Data Scientist,237500,USD,237500,US,0,US,M
2024,SE,FT,Data Scientist,185000,USD,185000,US,0,US,M
2024,SE,FT,Data Analyst,120000,USD,120000,US,0,US,M
2024,SE,FT,Data Analyst,100000,USD,100000,US,0,US,M
2024,MI,FT,Business Intelligence Engineer,165600,USD,165600,US,0,US,L
2024,MI,FT,Business Intelligence Engineer,65800,USD,65800,US,0,US,L
2024,SE,FT,Data Engineer,245000,USD,245000,US,100,US,M
2024,SE,FT,Data Engineer,194992,USD,194992,US,100,US,M
2024,EN,FT,Data Analyst,154000,USD,154000,US,0,US,M
2024,EN,FT,Data Analyst,105000,USD,105000,US,0,US,M
2024,SE,FT,Machine Learning Engineer,250800,USD,250800,US,0,US,M
2024,SE,FT,Machine Learning Engineer,167200,USD,167200,US,0,US,M
2022,SE,FT,Admin & Data Analyst,60000,USD,60000,IN,100,IN,M
2023,MI,FT,Research Engineer,32000,EUR,34549,ES,50,ES,L
2024,MI,FT,Data Analyst,160000,USD,160000,US,100,US,M
2024,MI,FT,Data Analyst,55000,USD,55000,US,100,US,M
2024,SE,FT,Data Engineer,149000,USD,149000,US,100,US,M
2024,SE,FT,Data Engineer,108000,USD,108000,US,100,US,M
2024,SE,FT,Data Scientist,165000,USD,165000,US,0,US,M
2024,SE,FT,Data Scientist,155000,USD,155000,US,0,US,M
2024,SE,FT,Data Scientist,278700,USD,278700,US,0,US,M
2024,SE,FT,Data Scientist,159300,USD,159300,US,0,US,M
2024,MI,FT,Analytics Engineer,130000,GBP,162500,GB,100,GB,M
2024,MI,FT,Analytics Engineer,92000,GBP,115000,GB,100,GB,M
2024,MI,FT,Data Scientist,138000,USD,138000,US,0,US,M
2024,MI,FT,Data Scientist,86000,USD,86000,US,0,US,M
2024,EN,FT,Data Analyst,106960,USD,106960,US,0,US,M
2024,EN,FT,Data Analyst,66820,USD,66820,US,0,US,M
2024,MI,FT,Research Scientist,157900,USD,157900,US,0,US,M
2024,MI,FT,Research Scientist,128900,USD,128900,US,0,US,M
2024,SE,FT,Machine Learning Engineer,258450,USD,258450,US,0,US,M
2024,SE,FT,Machine Learning Engineer,173400,USD,173400,US,0,US,M
2024,SE,FT,Data Scientist,160000,USD,160000,US,100,US,M
2024,SE,FT,Data Scientist,150000,USD,150000,US,100,US,M
2024,EN,FT,Data Analyst,138000,USD,138000,US,0,US,M
2024,EN,FT,Data Analyst,86000,USD,86000,US,0,US,M
2024,MI,FT,Data Scientist,199700,USD,199700,US,0,US,M
2024,MI,FT,Data Scientist,114100,USD,114100,US,0,US,M
2024,SE,FT,Data Scientist,130000,USD,130000,US,0,US,M
2024,SE,FT,Data Scientist,115000,USD,115000,US,0,US,M
2024,MI,FT,Data Analyst,120000,USD,120000,US,0,US,M
2024,MI,FT,Data Analyst,105000,USD,105000,US,0,US,M
2024,SE,FT,Data Analyst,136000,USD,136000,US,100,US,M
2024,SE,FT,Data Analyst,109000,USD,109000,US,100,US,M
2024,MI,FT,Machine Learning Engineer,210100,USD,210100,US,0,US,M
2024,MI,FT,Machine Learning Engineer,210100,USD,210100,US,0,US,M
2024,SE,FT,Analytics Engineer,172800,USD,172800,US,100,US,M
2024,SE,FT,Analytics Engineer,110000,USD,110000,US,100,US,M
2024,EN,FT,Data Analyst,101000,USD,101000,US,0,US,M
2024,EN,FT,Data Analyst,63000,USD,63000,US,0,US,M
2024,SE,FT,Data Scientist,193000,USD,193000,US,0,US,M
2024,SE,FT,Data Scientist,172000,USD,172000,US,0,US,M
2024,MI,FT,Machine Learning Engineer,175000,USD,175000,US,0,US,M
2024,MI,FT,Machine Learning Engineer,152000,USD,152000,US,0,US,M
2024,SE,FT,Machine Learning Scientist,242000,CAD,186153,CA,0,CA,M
2024,SE,FT,Machine Learning Scientist,215000,CAD,165384,CA,0,CA,M
2024,SE,FT,Data Scientist,208500,USD,208500,US,0,US,M
2024,SE,FT,Data Scientist,165000,USD,165000,US,0,US,M
2024,MI,FT,Data Scientist,172200,USD,172200,US,100,US,M
2024,MI,FT,Data Scientist,131200,USD,131200,US,100,US,M
2024,SE,FT,Business Intelligence Developer,156000,USD,156000,US,0,US,M
2024,SE,FT,Business Intelligence Developer,105267,USD,105267,US,0,US,M
2024,SE,FT,Data Engineer,226000,USD,226000,US,0,US,M
2024,SE,FT,Data Engineer,132000,USD,132000,US,0,US,M
2024,EN,FT,Data Analyst,108000,USD,108000,US,0,US,M
2024,EN,FT,Data Analyst,72200,USD,72200,US,0,US,M
2024,SE,FT,Data Engineer,247500,USD,247500,US,100,US,M
2024,SE,FT,Data Engineer,172200,USD,172200,US,100,US,M
2024,SE,FT,Data Scientist,215000,USD,215000,US,0,US,M
2024,SE,FT,Data Scientist,146900,USD,146900,US,0,US,M
2024,SE,FT,Data Scientist,270250,USD,270250,US,0,US,M
2024,SE,FT,Data Scientist,144000,USD,144000,US,0,US,M
2024,SE,FT,AI Engineer,212000,USD,212000,US,0,US,M
2024,SE,FT,AI Engineer,93300,USD,93300,US,0,US,M
2024,SE,FT,Data Integration Developer,180000,USD,180000,US,0,US,M
2024,SE,FT,Data Integration Developer,121056,USD,121056,US,0,US,M
2024,MI,FT,Data Management Analyst,124935,USD,124935,US,0,US,M
2024,MI,FT,Data Management Analyst,76050,USD,76050,US,0,US,M
2024,MI,FT,Data Engineer,115500,USD,115500,US,0,US,M
2024,MI,FT,Data Engineer,100000,USD,100000,US,0,US,M
2024,SE,FT,Data Integration Developer,156000,USD,156000,US,0,US,M
2024,SE,FT,Data Integration Developer,105267,USD,105267,US,0,US,M
2024,MI,FT,Data Scientist,250000,USD,250000,US,0,US,M
2024,MI,FT,Data Scientist,90100,USD,90100,US,0,US,M
2024,MI,FT,Data Scientist,166000,USD,166000,US,0,US,M
2024,MI,FT,Data Scientist,73000,USD,73000,US,0,US,M
2024,SE,FT,Machine Learning Engineer,237600,USD,237600,US,0,US,M
2024,SE,FT,Machine Learning Engineer,146900,USD,146900,US,0,US,M
2024,MI,FT,MLOps Engineer,198000,USD,198000,US,0,US,M
2024,MI,FT,MLOps Engineer,114800,USD,114800,US,0,US,M
2024,SE,FT,Data Analyst,150000,USD,150000,US,0,US,M
2024,SE,FT,Data Analyst,140000,USD,140000,US,0,US,M
2024,SE,FT,Data Scientist,138000,USD,138000,US,0,US,M
2024,SE,FT,Data Scientist,86000,USD,86000,US,0,US,M
2024,MI,FT,Data Engineer,205600,USD,205600,US,0,US,L
2024,MI,FT,Data Engineer,105700,USD,105700,US,0,US,L
2024,SE,FT,Data Scientist,226000,USD,226000,US,0,US,M
2024,SE,FT,Data Scientist,132000,USD,132000,US,0,US,M
2024,EN,PT,Data Scientist,133000,USD,133000,US,0,US,M
2024,EN,PT,Data Scientist,58400,USD,58400,US,0,US,M
2024,MI,FT,Data Analyst,154000,USD,154000,US,0,US,M
2024,MI,FT,Data Analyst,105000,USD,105000,US,0,US,M
2024,SE,FT,Machine Learning Engineer,255800,USD,255800,US,0,US,M
2024,SE,FT,Machine Learning Engineer,255800,USD,255800,US,0,US,M
2024,SE,FT,Data Scientist,155000,USD,155000,US,0,US,M
2024,SE,FT,Data Scientist,132000,USD,132000,US,0,US,M
2024,SE,FT,Data Engineer,185000,USD,185000,US,0,US,M
2024,SE,FT,Data Engineer,130000,USD,130000,US,0,US,M
2024,MI,FT,BI Developer,43626,GBP,54532,GB,0,GB,M
2024,MI,FT,BI Developer,34903,GBP,43628,GB,0,GB,M
2024,SE,FT,Data Engineer,226000,USD,226000,US,0,US,M
2024,SE,FT,Data Engineer,132000,USD,132000,US,0,US,M
2024,SE,FT,Data Scientist,136300,USD,136300,US,0,US,M
2024,SE,FT,Data Scientist,115900,USD,115900,US,0,US,M
2024,SE,FT,Data Analyst,89000,USD,89000,US,0,US,M
2024,SE,FT,Data Analyst,76000,USD,76000,US,0,US,M
2024,MI,FT,Research Engineer,440000,USD,440000,US,0,US,M
2024,MI,FT,Research Engineer,245000,USD,245000,US,0,US,M
2024,SE,FT,Data Engineer,204300,USD,204300,US,0,US,M
2024,SE,FT,Data Engineer,115400,USD,115400,US,0,US,M
2024,SE,FT,Research Scientist,337300,USD,337300,US,0,US,M
2024,SE,FT,Research Scientist,192700,USD,192700,US,0,US,M
2024,SE,FT,Data Scientist,176000,USD,176000,US,0,US,M
2024,SE,FT,Data Scientist,151000,USD,151000,US,0,US,M
2024,MI,FT,Business Intelligence Engineer,185000,USD,185000,US,0,US,L
2024,MI,FT,Business Intelligence Engineer,79600,USD,79600,US,0,US,L
2024,SE,FT,Data Pipeline Engineer,175000,USD,175000,US,0,US,M
2024,SE,FT,Data Pipeline Engineer,170000,USD,170000,US,0,US,M
2024,SE,FT,Machine Learning Engineer,386100,USD,386100,US,0,US,M
2024,SE,FT,Machine Learning Engineer,207900,USD,207900,US,0,US,M
2024,MI,FT,Research Scientist,195500,USD,195500,US,100,US,M
2024,MI,FT,Research Scientist,141300,USD,141300,US,100,US,M
2024,MI,FT,Analytics Engineer,192500,USD,192500,US,100,US,M
2024,MI,FT,Analytics Engineer,148000,USD,148000,US,100,US,M
2024,SE,FT,Data Scientist,234000,USD,234000,US,0,US,M
2024,SE,FT,Data Scientist,146000,USD,146000,US,0,US,M
2024,SE,FT,Machine Learning Engineer,255800,USD,255800,US,0,US,M
2024,SE,FT,Machine Learning Engineer,255800,USD,255800,US,0,US,M
2024,EN,FT,Data Analyst,75000,GBP,93750,GB,0,GB,M
2024,EN,FT,Data Analyst,55000,GBP,68750,GB,0,GB,M
2024,MI,FT,Data Analyst,81650,USD,81650,US,0,US,M
2024,MI,FT,Data Analyst,51175,USD,51175,US,0,US,M
2024,MI,FT,Data Scientist,136000,USD,136000,US,0,US,M
2024,MI,FT,Data Scientist,106700,USD,106700,US,0,US,M
2024,MI,FT,Data Engineer,167500,USD,167500,US,0,US,M
2024,MI,FT,Data Engineer,106500,USD,106500,US,0,US,M
2024,SE,FT,Data Engineer,240500,USD,240500,US,0,US,L
2024,SE,FT,Data Engineer,123700,USD,123700,US,0,US,L
2024,SE,FT,Data Engineer,250000,USD,250000,US,100,US,M
2024,SE,FT,Data Engineer,200000,USD,200000,US,100,US,M
2024,MI,FT,Data Engineer,109000,USD,109000,US,0,US,M
2024,MI,FT,Data Engineer,93500,USD,93500,US,0,US,M
2024,MI,FT,Data Scientist,75000,USD,75000,US,0,US,M
2024,MI,FT,Data Scientist,70000,USD,70000,US,0,US,M
2024,SE,FT,Data Scientist,206000,USD,206000,US,0,US,M
2024,SE,FT,Data Scientist,106605,USD,106605,US,0,US,M
2024,EN,FT,Data Integration Engineer,135000,USD,135000,US,100,US,M
2024,EN,FT,Data Integration Engineer,115000,USD,115000,US,100,US,M
2024,MI,FT,Data Scientist,48884,GBP,61105,GB,0,GB,M
2024,MI,FT,Data Scientist,42507,GBP,53133,GB,0,GB,M
2024,SE,FT,Data Lead,71179,GBP,88973,US,0,US,M
2024,SE,FT,Data Lead,60860,GBP,76075,US,0,US,M
2024,SE,FT,Data Scientist,156000,USD,156000,US,0,US,M
2024,SE,FT,Data Scientist,95105,USD,95105,US,0,US,M
2024,MI,FT,Data Specialist,94415,USD,94415,US,0,US,M
2024,MI,FT,Data Specialist,69785,USD,69785,US,0,US,M
2024,MI,FT,Data Engineer,140000,USD,140000,US,0,US,M
2024,MI,FT,Data Engineer,65000,USD,65000,US,0,US,M
2024,EN,FT,Machine Learning Engineer,162240,USD,162240,US,0,US,M
2024,EN,FT,Machine Learning Engineer,47840,USD,47840,US,0,US,M
2024,EN,FT,Applied Scientist,166000,USD,166000,US,100,US,M
2024,EN,FT,Applied Scientist,104000,USD,104000,US,100,US,M
2024,MI,FT,Research Scientist,184800,USD,184800,US,0,US,M
2024,MI,FT,Research Scientist,107100,USD,107100,US,0,US,M
2024,SE,FT,Research Scientist,247250,USD,247250,US,0,US,M
2024,SE,FT,Research Scientist,100000,USD,100000,US,0,US,M
2024,MI,FT,Data Specialist,95000,USD,95000,US,100,US,M
2024,MI,FT,Data Specialist,75000,USD,75000,US,100,US,M
2024,MI,FT,Data Scientist,120000,USD,120000,US,100,US,M
2024,MI,FT,Data Scientist,80000,USD,80000,US,100,US,M
2024,MI,FT,Data Scientist,171240,USD,171240,US,0,US,M
2024,MI,FT,Data Scientist,81960,USD,81960,US,0,US,M
2024,EX,FT,Data Scientist,160000,USD,160000,US,0,US,M
2024,EX,FT,Data Scientist,100000,USD,100000,US,0,US,M
2024,SE,FT,Research Engineer,150000,USD,150000,US,0,US,M
2024,SE,FT,Research Engineer,80000,USD,80000,US,0,US,M
2024,SE,FT,Machine Learning Engineer,212800,USD,212800,US,100,US,M
2024,SE,FT,Machine Learning Engineer,177300,USD,177300,US,100,US,M
2024,SE,FT,Data Engineer,144000,USD,144000,US,0,US,M
2024,SE,FT,Data Engineer,113000,USD,113000,US,0,US,M
2024,MI,FT,Data Scientist,120000,USD,120000,US,100,US,M
2024,MI,FT,Data Scientist,80000,USD,80000,US,100,US,M
2024,SE,FT,Data Architect,246500,USD,246500,US,0,US,M
2024,SE,FT,Data Architect,168500,USD,168500,US,0,US,M
2024,MI,FT,Data Scientist,140000,USD,140000,US,0,US,M
2024,MI,FT,Data Scientist,125000,USD,125000,US,0,US,M
2024,EN,FT,Data Analyst,93000,USD,93000,US,0,US,M
2024,EN,FT,Data Analyst,65750,USD,65750,US,0,US,M
2024,SE,FT,Prompt Engineer,175000,USD,175000,US,0,US,M
2024,SE,FT,Prompt Engineer,140000,USD,140000,US,0,US,M
2024,SE,FT,Data Engineer,169200,USD,169200,US,0,US,M
2024,SE,FT,Data Engineer,130100,USD,130100,US,0,US,M
2024,EX,FT,BI Developer,204500,USD,204500,US,0,US,M
2024,EX,FT,BI Developer,130000,USD,130000,US,0,US,M
2024,SE,FT,Research Scientist,278700,USD,278700,US,0,US,M
2024,SE,FT,Research Scientist,159300,USD,159300,US,0,US,M
2024,SE,FT,Data Engineer,140000,USD,140000,US,0,US,M
2024,SE,FT,Data Engineer,95000,USD,95000,US,0,US,M
2024,EX,FT,Data Engineer,219650,USD,219650,US,100,US,M
2024,EX,FT,Data Engineer,136000,USD,136000,US,100,US,M
2024,SE,FT,Data Engineer,140000,USD,140000,US,100,US,M
2024,SE,FT,Data Engineer,90000,USD,90000,US,100,US,M
2024,SE,FT,Data Scientist,324000,USD,324000,US,100,US,M
2024,SE,FT,Data Scientist,220000,USD,220000,US,100,US,M
2024,SE,FT,Machine Learning Engineer,230000,USD,230000,US,100,US,M
2024,SE,FT,Machine Learning Engineer,175000,USD,175000,US,100,US,M
2024,SE,FT,Data Engineer,145360,USD,145360,US,100,US,M
2024,SE,FT,Data Engineer,107440,USD,107440,US,100,US,M
2024,MI,FT,Data Scientist,179000,USD,179000,US,0,US,M
2024,MI,FT,Data Scientist,106500,USD,106500,US,0,US,M
2024,SE,FT,Data Engineer,187000,USD,187000,US,0,US,M
2024,SE,FT,Data Engineer,143800,USD,143800,US,0,US,M
2024,MI,FT,Machine Learning Engineer,133903,USD,133903,US,100,US,M
2024,MI,FT,Machine Learning Engineer,96411,USD,96411,US,100,US,M
2024,EN,FT,Data Analyst,93000,USD,93000,US,0,US,M
2024,EN,FT,Data Analyst,65750,USD,65750,US,0,US,M
2024,SE,FT,Data Scientist,195000,USD,195000,US,0,US,M
2024,SE,FT,Data Scientist,165000,USD,165000,US,0,US,M
2024,MI,FT,Data Analyst,81650,USD,81650,US,0,US,M
2024,MI,FT,Data Analyst,51175,USD,51175,US,0,US,M
2024,MI,FT,Data Engineer,210000,USD,210000,US,0,US,M
2024,MI,FT,Data Engineer,140000,USD,140000,US,0,US,M
2024,SE,FT,Machine Learning Engineer,232000,USD,232000,US,100,US,M
2024,SE,FT,Machine Learning Engineer,208000,USD,208000,US,100,US,M
2023,EN,FT,Admin & Data Analyst,50000,USD,50000,DE,0,DE,M
2024,SE,FT,Data Management Specialist,200400,USD,200400,US,0,US,M
2024,SE,FT,Data Management Specialist,116500,USD,116500,US,0,US,M
2024,SE,FT,Data Scientist,188500,USD,188500,US,0,US,M
2024,SE,FT,Data Scientist,165100,USD,165100,US,0,US,M
2024,MI,FT,Data Product Manager,166363,USD,166363,US,0,US,M
2024,MI,FT,Data Product Manager,103977,USD,103977,US,0,US,M
2024,MI,FT,Data Engineer,128600,USD,128600,US,0,US,M
2024,MI,FT,Data Engineer,100000,USD,100000,US,0,US,M
2024,SE,FT,Data Analyst,133650,USD,133650,US,100,US,M
2024,SE,FT,Data Analyst,68150,USD,68150,US,100,US,M
2024,SE,FT,Data Engineer,210000,USD,210000,US,0,US,M
2024,SE,FT,Data Engineer,181000,USD,181000,US,0,US,M
2024,SE,FT,Data Architect,257600,USD,257600,US,0,US,M
2024,SE,FT,Data Architect,224100,USD,224100,US,0,US,M
2024,MI,FT,Data Scientist,144200,USD,144200,US,100,US,M
2024,MI,FT,Data Scientist,72100,USD,72100,US,100,US,M
2024,MI,FT,Data Scientist,229900,USD,229900,US,0,US,M
2024,MI,FT,Data Scientist,201400,USD,201400,US,0,US,M
2024,MI,FT,Data Scientist,212000,USD,212000,US,0,US,M
2024,MI,FT,Data Scientist,93300,USD,93300,US,0,US,M
2024,SE,FT,Data Analyst,135000,USD,135000,US,0,US,M
2024,SE,FT,Data Analyst,90000,USD,90000,US,0,US,M
2024,SE,FT,Data Analyst,107000,USD,107000,US,0,US,M
2024,SE,FT,Data Analyst,68400,USD,68400,US,0,US,M
2024,SE,FT,Data Engineer,145000,USD,145000,US,0,US,M
2024,SE,FT,Data Engineer,95000,USD,95000,US,0,US,M
2024,SE,FT,Data Engineer,230000,USD,230000,US,0,US,M
2024,SE,FT,Data Engineer,200000,USD,200000,US,0,US,M
2024,MI,FT,Machine Learning Engineer,280000,USD,280000,US,0,US,M
2024,MI,FT,Machine Learning Engineer,230000,USD,230000,US,0,US,M
2024,SE,FT,Data Scientist,65000,GBP,81250,US,0,US,M
2024,SE,FT,Data Scientist,55000,GBP,68750,US,0,US,M
2024,SE,FT,Data Scientist,267900,USD,267900,US,0,US,M
2024,SE,FT,Data Scientist,234700,USD,234700,US,0,US,M
2024,SE,FT,Machine Learning Engineer,220000,USD,220000,US,0,US,M
2024,SE,FT,Machine Learning Engineer,170000,USD,170000,US,0,US,M
2024,MI,FT,Data Manager,90500,USD,90500,US,0,US,M
2024,MI,FT,Data Manager,49900,USD,49900,US,0,US,M
2024,SE,FT,Machine Learning Engineer,242000,CAD,186153,CA,0,CA,M
2024,SE,FT,Machine Learning Engineer,215000,CAD,165384,CA,0,CA,M
2024,SE,FT,Data Scientist,180000,USD,180000,US,0,US,M
2024,SE,FT,Data Scientist,162000,USD,162000,US,0,US,M
2024,SE,FT,Data Scientist,165000,USD,165000,US,0,US,M
2024,SE,FT,Data Scientist,71000,USD,71000,US,0,US,M
2024,MI,FT,Research Engineer,280000,USD,280000,US,0,US,M
2024,MI,FT,Research Engineer,230000,USD,230000,US,0,US,M
2024,SE,FT,Data Scientist,155000,USD,155000,US,0,US,M
2024,SE,FT,Data Scientist,139500,USD,139500,US,0,US,M
2024,MI,FT,Machine Learning Engineer,150000,EUR,166666,DE,0,DE,M
2024,MI,FT,Machine Learning Engineer,120000,EUR,133333,DE,0,DE,M
2024,MI,FT,Data Analytics Consultant,94625,USD,94625,US,100,US,M
2024,MI,FT,Data Analytics Consultant,57500,USD,57500,US,100,US,M
2024,MI,FT,Data Analyst,107755,USD,107755,US,100,US,M
2024,MI,FT,Data Analyst,79645,USD,79645,US,100,US,M
2024,SE,FT,Machine Learning Engineer,195500,USD,195500,US,0,US,M
2024,SE,FT,Machine Learning Engineer,132600,USD,132600,US,0,US,M
2024,MI,FT,Data Engineer,167000,USD,167000,US,0,US,M
2024,MI,FT,Data Engineer,121000,USD,121000,US,0,US,M
2024,SE,FT,Data Architect,195000,USD,195000,US,0,US,M
2024,SE,FT,Data Architect,64200,USD,64200,US,0,US,M
2024,SE,FT,Data Scientist,185400,USD,185400,US,100,US,M
2024,SE,FT,Data Scientist,92700,USD,92700,US,100,US,M
2024,SE,FT,Research Scientist,195500,USD,195500,US,100,US,M
2024,SE,FT,Research Scientist,141300,USD,141300,US,100,US,M
2024,SE,FT,Data Scientist,110000,USD,110000,US,0,US,M
2024,SE,FT,Data Scientist,70000,USD,70000,US,0,US,M
2024,MI,FT,Applied Scientist,222200,USD,222200,US,0,US,L
2024,MI,FT,Applied Scientist,136000,USD,136000,US,0,US,L
2024,SE,FT,Data Analyst,750000,USD,750000,US,0,US,M
2024,SE,FT,Data Analyst,150000,USD,150000,US,0,US,M
2024,SE,FT,Data Scientist,220800,USD,220800,US,0,US,M
2024,SE,FT,Data Scientist,124800,USD,124800,US,0,US,M
2024,SE,FT,Data Scientist,234000,USD,234000,US,0,US,M
2024,SE,FT,Data Scientist,146000,USD,146000,US,0,US,M
2024,SE,FT,Machine Learning Engineer,254400,USD,254400,US,0,US,M
2024,SE,FT,Machine Learning Engineer,151600,USD,151600,US,0,US,M
2024,SE,FT,Data Scientist,101763,USD,101763,CA,0,CA,M
2024,SE,FT,Data Scientist,81410,USD,81410,CA,0,CA,M
2024,SE,FT,Machine Learning Engineer,304750,USD,304750,US,0,US,M
2024,SE,FT,Machine Learning Engineer,160000,USD,160000,US,0,US,M
2024,MI,FT,Research Scientist,96200,USD,96200,US,100,US,M
2024,MI,FT,Research Scientist,69800,USD,69800,US,100,US,M
2024,MI,FT,Data Scientist,179000,USD,179000,US,0,US,M
2024,MI,FT,Data Scientist,112000,USD,112000,US,0,US,M
2024,SE,FT,Research Engineer,54395,GBP,67993,ZA,0,ZA,M
2024,SE,FT,Research Engineer,45585,GBP,56981,ZA,0,ZA,M
2024,SE,FT,Data Architect,190196,USD,190196,US,0,US,M
2024,SE,FT,Data Architect,155615,USD,155615,US,0,US,M
2024,SE,FT,Data Manager,131200,USD,131200,US,100,US,M
2024,SE,FT,Data Manager,95300,USD,95300,US,100,US,M
2024,SE,FT,Data Engineer,190196,USD,190196,US,0,US,M
2024,SE,FT,Data Engineer,155615,USD,155615,US,0,US,M
2024,EN,FT,Data Engineer,158100,USD,158100,US,0,US,M
2024,EN,FT,Data Engineer,138500,USD,138500,US,0,US,M
2024,SE,FT,Machine Learning Engineer,418000,USD,418000,US,100,US,M
2024,SE,FT,Machine Learning Engineer,141000,USD,141000,US,100,US,M
2024,SE,FT,Research Engineer,54395,GBP,67993,ZA,0,ZA,M
2024,SE,FT,Research Engineer,45585,GBP,56981,ZA,0,ZA,M
2024,SE,FT,Machine Learning Engineer,189000,USD,189000,US,0,US,M
2024,SE,FT,Machine Learning Engineer,145400,USD,145400,US,0,US,M
2024,SE,FT,Data Engineer,175000,USD,175000,US,0,US,M
2024,SE,FT,Data Engineer,150000,USD,150000,US,0,US,M
2024,SE,FT,Analytics Engineer,147000,USD,147000,US,100,US,M
2024,SE,FT,Analytics Engineer,92000,USD,92000,US,100,US,M
2024,MI,FT,Data Engineer,154000,USD,154000,US,0,US,M
2024,MI,FT,Data Engineer,102000,USD,102000,US,0,US,M
2024,MI,FT,Data Scientist,158500,USD,158500,US,0,US,M
2024,MI,FT,Data Scientist,105646,USD,105646,US,0,US,M
2024,SE,FT,Data Scientist,155000,USD,155000,US,0,US,M
2024,SE,FT,Data Scientist,139000,USD,139000,US,0,US,M
2024,MI,FT,Data Manager,27979,GBP,34973,ZA,0,ZA,M
2024,MI,FT,Data Manager,25742,GBP,32177,ZA,0,ZA,M
2024,SE,FT,Machine Learning Engineer,251000,USD,251000,US,0,US,M
2024,SE,FT,Machine Learning Engineer,157000,USD,157000,US,0,US,M
2024,SE,FT,Machine Learning Engineer,300000,USD,300000,US,0,US,M
2024,SE,FT,Machine Learning Engineer,235000,USD,235000,US,0,US,M
2024,SE,FT,Data Engineer,100000,USD,100000,US,0,US,M
2024,SE,FT,Data Engineer,81500,USD,81500,US,0,US,M
2024,SE,FT,Research Scientist,240000,USD,240000,US,0,US,M
2024,SE,FT,Research Scientist,200000,USD,200000,US,0,US,M
2024,MI,FT,Applied Scientist,222200,USD,222200,US,0,US,L
2024,MI,FT,Applied Scientist,136000,USD,136000,US,0,US,L
2024,SE,FT,Machine Learning Engineer,240000,USD,240000,US,0,US,M
2024,SE,FT,Machine Learning Engineer,200000,USD,200000,US,0,US,M
2024,EN,FT,Data Analyst,95000,USD,95000,US,100,US,M
2024,EN,FT,Data Analyst,75000,USD,75000,US,100,US,M
2024,MI,FT,Data Scientist,170200,USD,170200,US,0,US,M
2024,MI,FT,Data Scientist,68400,USD,68400,US,0,US,M
2024,MI,FT,Data Engineer,210100,USD,210100,US,0,US,M
2024,MI,FT,Data Engineer,210100,USD,210100,US,0,US,M
2024,SE,FT,Data Architect,164000,USD,164000,US,0,US,M
2024,SE,FT,Data Architect,117000,USD,117000,US,0,US,M
2024,MI,FT,Data Engineer,175000,USD,175000,US,0,US,M
2024,MI,FT,Data Engineer,152000,USD,152000,US,0,US,M
2024,MI,FT,Business Intelligence Engineer,186846,USD,186846,US,0,US,M
2024,MI,FT,Business Intelligence Engineer,186846,USD,186846,US,0,US,M
2024,MI,FT,Data Engineer,153000,USD,153000,US,0,US,M
2024,MI,FT,Data Engineer,106800,USD,106800,US,0,US,M
2024,MI,FT,Machine Learning Engineer,120000,AUD,80000,AU,50,AU,L
2024,SE,FT,Data Scientist,110000,USD,110000,UA,0,UA,M
2024,SE,FT,Data Scientist,60000,USD,60000,UA,0,UA,M
2024,EN,FT,Data Analyst,86600,USD,86600,US,0,US,M
2024,EN,FT,Data Analyst,57700,USD,57700,US,0,US,M
2024,SE,FT,Data Analyst,134200,USD,134200,US,100,US,M
2024,SE,FT,Data Analyst,94800,USD,94800,US,100,US,M
2024,SE,FT,Analytics Engineer,329200,USD,329200,CA,100,CA,M
2024,SE,FT,Analytics Engineer,259900,USD,259900,CA,100,CA,M
2024,SE,FT,Applied Scientist,260000,USD,260000,US,0,US,L
2024,SE,FT,Applied Scientist,136000,USD,136000,US,0,US,L
2024,MI,FT,Data Scientist,120800,USD,120800,US,0,US,M
2024,MI,FT,Data Scientist,80500,USD,80500,US,0,US,M
2024,EN,FT,Data Analyst,23000,GBP,28750,GB,0,GB,M
2024,EN,FT,Data Analyst,23000,GBP,28750,GB,0,GB,M
2024,SE,FT,AI Engineer,200000,USD,200000,US,100,US,M
2024,SE,FT,AI Engineer,170000,USD,170000,US,100,US,M
2024,MI,FT,Machine Learning Engineer,210100,USD,210100,US,0,US,M
2024,MI,FT,Machine Learning Engineer,210100,USD,210100,US,0,US,M
2024,SE,FT,Machine Learning Engineer,255800,USD,255800,US,0,US,M
2024,SE,FT,Machine Learning Engineer,255800,USD,255800,US,0,US,M
2024,MI,FT,Data Scientist,176000,USD,176000,US,0,US,M
2024,MI,FT,Data Scientist,158000,USD,158000,US,0,US,M
2024,SE,FT,Machine Learning Engineer,296400,USD,296400,US,0,US,M
2024,SE,FT,Machine Learning Engineer,148594,USD,148594,US,0,US,M
2024,SE,FT,Business Intelligence Engineer,145000,USD,145000,US,0,US,M
2024,SE,FT,Business Intelligence Engineer,106500,USD,106500,US,0,US,M
2024,EX,FT,Business Intelligence Engineer,120000,USD,120000,US,100,US,M
2024,EX,FT,Business Intelligence Engineer,96000,USD,96000,US,100,US,M
2024,SE,FT,Data Architect,165000,USD,165000,US,100,US,M
2024,SE,FT,Data Architect,150000,USD,150000,US,100,US,M
2024,EN,FT,Data Analyst,150000,USD,150000,US,100,US,M
2024,EN,FT,Data Analyst,103000,USD,103000,US,100,US,M
2024,SE,FT,Data Product Manager,170000,USD,170000,US,0,US,M
2024,SE,FT,Data Product Manager,145000,USD,145000,US,0,US,M
2024,SE,FT,Machine Learning Engineer,195500,USD,195500,US,100,US,M
2024,SE,FT,Machine Learning Engineer,141300,USD,141300,US,100,US,M
2024,SE,FT,Machine Learning Engineer,255800,USD,255800,US,0,US,M
2024,SE,FT,Machine Learning Engineer,255800,USD,255800,US,0,US,M
2024,MI,FT,Applied Scientist,222200,USD,222200,US,0,US,L
2024,MI,FT,Applied Scientist,136000,USD,136000,US,0,US,L
2024,MI,FT,Machine Learning Engineer,210100,USD,210100,US,0,US,M
2024,MI,FT,Machine Learning Engineer,210100,USD,210100,US,0,US,M
2024,MI,FT,Data Scientist,85000,USD,85000,US,0,US,M
2024,MI,FT,Data Scientist,75000,USD,75000,US,0,US,M
2024,MI,FT,Business Intelligence Manager,168000,USD,168000,US,100,US,M
2024,MI,FT,Business Intelligence Manager,112000,USD,112000,US,100,US,M
2024,MI,FT,Data Scientist,105000,USD,105000,US,0,US,M
2024,MI,FT,Data Scientist,70000,USD,70000,US,0,US,M
2023,SE,FT,Data Analyst,110000,USD,110000,US,100,US,L
2024,MI,FT,Data Specialist,100000,USD,100000,US,0,US,M
2024,MI,FT,Data Specialist,88000,USD,88000,US,0,US,M
2024,SE,FT,Machine Learning Engineer,215000,USD,215000,US,0,US,M
2024,SE,FT,Machine Learning Engineer,146900,USD,146900,US,0,US,M
2024,SE,FT,Data Scientist,237600,USD,237600,US,0,US,M
2024,SE,FT,Data Scientist,146900,USD,146900,US,0,US,M
2024,MI,FT,Data Analyst,134500,USD,134500,US,0,US,M
2024,MI,FT,Data Analyst,100000,USD,100000,US,0,US,M
2024,SE,FT,Data Engineer,188000,USD,188000,US,0,US,M
2024,SE,FT,Data Engineer,118000,USD,118000,US,0,US,M
2024,SE,FT,Machine Learning Scientist,210000,USD,210000,US,0,US,M
2024,SE,FT,Machine Learning Scientist,132000,USD,132000,US,0,US,M
2024,MI,FT,Data Engineer,147000,USD,147000,US,0,US,M
2024,MI,FT,Data Engineer,92000,USD,92000,US,0,US,M
2024,MI,FT,Data Engineer,116000,USD,116000,US,0,US,M
2024,MI,FT,Data Engineer,97800,USD,97800,US,0,US,M
2024,MI,FT,Data Integration Specialist,60000,USD,60000,US,0,US,M
2024,MI,FT,Data Integration Specialist,54000,USD,54000,US,0,US,M
2024,SE,FT,Data Architect,187500,USD,187500,US,0,US,M
2024,SE,FT,Data Architect,120000,USD,120000,US,0,US,M
2024,SE,FT,Business Intelligence Engineer,108500,USD,108500,US,100,US,M
2024,SE,FT,Business Intelligence Engineer,78800,USD,78800,US,100,US,M
2024,MI,FT,Data Engineer,195200,USD,195200,US,0,US,M
2024,MI,FT,Data Engineer,83900,USD,83900,US,0,US,M
2024,MI,FT,Business Intelligence Engineer,89500,USD,89500,US,100,US,M
2024,MI,FT,Business Intelligence Engineer,65000,USD,65000,US,100,US,M
2024,EN,FT,Research Analyst,124000,USD,124000,US,0,US,M
2024,EN,FT,Research Analyst,74000,USD,74000,US,0,US,M
2024,EN,FT,Data Analytics Specialist,78800,USD,78800,MT,0,MT,M
2024,EN,FT,Data Analytics Specialist,44100,USD,44100,MT,0,MT,M
2024,MI,FT,Data Scientist,188500,USD,188500,US,0,US,M
2024,MI,FT,Data Scientist,165100,USD,165100,US,0,US,M
2024,SE,FT,Data Scientist,206000,USD,206000,US,0,US,M
2024,SE,FT,Data Scientist,106605,USD,106605,US,0,US,M
2024,SE,FT,Data Analyst,100000,USD,100000,US,0,US,M
2024,SE,FT,Data Analyst,90000,USD,90000,US,0,US,M
2024,SE,FT,Data Engineer,160000,USD,160000,US,0,US,M
2024,SE,FT,Data Engineer,128000,USD,128000,US,0,US,M
2024,MI,FT,Data Scientist,229900,USD,229900,US,0,US,M
2024,MI,FT,Data Scientist,201400,USD,201400,US,0,US,M
2024,SE,FT,Data Engineer,198000,USD,198000,US,0,US,M
2024,SE,FT,Data Engineer,132000,USD,132000,US,0,US,M
2024,MI,FT,Machine Learning Engineer,240000,USD,240000,US,0,US,M
2024,MI,FT,Machine Learning Engineer,160000,USD,160000,US,0,US,M
2024,SE,FT,Data Analyst,140726,USD,140726,US,0,US,M
2024,SE,FT,Data Analyst,107197,USD,107197,US,0,US,M
2024,SE,FT,Data Scientist,180000,USD,180000,US,0,US,M
2024,SE,FT,Data Scientist,139000,USD,139000,US,0,US,M
2024,SE,FT,Machine Learning Engineer,331640,USD,331640,US,0,US,M
2024,SE,FT,Machine Learning Engineer,283780,USD,283780,US,0,US,M
2024,MI,FT,Data Engineer,145000,USD,145000,US,100,US,M
2024,MI,FT,Data Engineer,120000,USD,120000,US,100,US,M
2024,SE,FT,Machine Learning Engineer,230000,USD,230000,US,0,US,M
2024,SE,FT,Machine Learning Engineer,175000,USD,175000,US,0,US,M
2024,MI,FT,Data Scientist,180000,USD,180000,US,0,US,M
2024,MI,FT,Data Scientist,162000,USD,162000,US,0,US,M
2024,MI,FT,Data Scientist,90000,USD,90000,US,100,US,M
2024,MI,FT,Data Scientist,80000,USD,80000,US,100,US,M
2024,SE,FT,Data Scientist,243000,USD,243000,US,0,US,M
2024,SE,FT,Data Scientist,162000,USD,162000,US,0,US,M
2024,SE,FT,Data Engineer,152375,USD,152375,US,100,US,M
2024,SE,FT,Data Engineer,94000,USD,94000,US,100,US,M
2024,SE,FT,Data Engineer,218500,USD,218500,US,0,US,M
2024,SE,FT,Data Engineer,161500,USD,161500,US,0,US,M
2024,SE,FT,Machine Learning Engineer,240000,USD,240000,US,100,US,M
2024,SE,FT,Machine Learning Engineer,190000,USD,190000,US,100,US,M
2024,MI,FT,Data Scientist,160000,USD,160000,US,0,US,M
2024,MI,FT,Data Scientist,100000,USD,100000,US,0,US,M
2024,EX,FT,Data Scientist,300000,USD,300000,US,100,US,M
2024,EX,FT,Data Scientist,220000,USD,220000,US,100,US,M
2024,MI,FT,Business Intelligence Analyst,226844,USD,226844,US,0,US,M
2024,MI,FT,Business Intelligence Analyst,120672,USD,120672,US,0,US,M
2024,MI,FT,Lead Data Analyst,3300000,INR,39615,IN,50,IN,L
2024,EN,FT,Data Operations Analyst,95000,USD,95000,US,0,US,M
2024,EN,FT,Data Operations Analyst,80000,USD,80000,US,0,US,M
2024,MI,FT,Data Analyst,82000,USD,82000,US,0,US,M
2024,MI,FT,Data Analyst,77000,USD,77000,US,0,US,M
2024,MI,FT,Data Management Analyst,124935,USD,124935,US,100,US,M
2024,MI,FT,Data Management Analyst,76050,USD,76050,US,100,US,M
2024,SE,FT,Data Scientist,296980,USD,296980,US,0,US,M
2024,SE,FT,Data Scientist,123740,USD,123740,US,0,US,M
2024,MI,FT,Data Manager,130000,USD,130000,US,0,US,M
2024,MI,FT,Data Manager,122500,USD,122500,US,0,US,M
2024,SE,FT,Data Scientist,60000,EUR,66666,ES,0,ES,M
2024,SE,FT,Data Scientist,38000,EUR,42222,ES,0,ES,M
2024,SE,FT,Data Analyst,133504,USD,133504,US,0,US,M
2024,SE,FT,Data Analyst,83576,USD,83576,US,0,US,M
2024,MI,FT,Machine Learning Engineer,106050,USD,106050,US,0,US,M
2024,MI,FT,Machine Learning Engineer,80420,USD,80420,US,0,US,M
2024,SE,FT,Data Scientist,160000,USD,160000,US,100,US,M
2024,SE,FT,Data Scientist,150000,USD,150000,US,100,US,M
2024,MI,FT,Data Scientist,160000,USD,160000,US,100,US,M
2024,MI,FT,Data Scientist,70000,USD,70000,US,100,US,M
2024,MI,FT,Data Scientist,196000,USD,196000,US,0,US,M
2024,MI,FT,Data Scientist,140000,USD,140000,US,0,US,M
2024,SE,FT,Data Analyst,140000,USD,140000,US,0,US,M
2024,SE,FT,Data Analyst,125000,USD,125000,US,0,US,M
2024,SE,FT,Machine Learning Engineer,220600,USD,220600,US,0,US,M
2024,SE,FT,Machine Learning Engineer,140100,USD,140100,US,0,US,M
2024,MI,FT,Research Scientist,440000,USD,440000,US,0,US,M
2024,MI,FT,Research Scientist,295000,USD,295000,US,0,US,M
2024,SE,FT,Machine Learning Engineer,227700,USD,227700,US,100,US,M
2024,SE,FT,Machine Learning Engineer,135482,USD,135482,US,100,US,M
2024,SE,FT,Business Intelligence Developer,60000,GBP,75000,GB,0,GB,M
2024,SE,FT,Business Intelligence Developer,40000,GBP,50000,GB,0,GB,M
2024,EX,FT,Data Scientist,326000,USD,326000,US,100,US,M
2024,EX,FT,Data Scientist,237500,USD,237500,US,100,US,M
2024,SE,FT,Data Engineer,187000,USD,187000,US,0,US,M
2024,SE,FT,Data Engineer,143800,USD,143800,US,0,US,M
2024,SE,FT,Data Scientist,110000,USD,110000,US,0,US,M
2024,SE,FT,Data Scientist,70000,USD,70000,US,0,US,M
2024,SE,FT,Machine Learning Engineer,324000,USD,324000,US,0,US,M
2024,SE,FT,Machine Learning Engineer,159000,USD,159000,US,0,US,M
2024,MI,FT,Data Scientist,160000,USD,160000,US,100,US,M
2024,MI,FT,Data Scientist,70000,USD,70000,US,100,US,M
2024,MI,FT,Data Analyst,113500,USD,113500,US,100,US,M
2024,MI,FT,Data Analyst,96475,USD,96475,US,100,US,M
2024,SE,FT,Data Engineer,190000,USD,190000,US,100,US,M
2024,SE,FT,Data Engineer,105301,USD,105301,US,100,US,M
2024,SE,FT,Data Analyst,164640,USD,164640,US,0,US,M
2024,SE,FT,Data Analyst,131712,USD,131712,US,0,US,M
2024,SE,FT,Data Scientist,170000,USD,170000,US,100,US,M
2024,SE,FT,Data Scientist,130000,USD,130000,US,100,US,M
2024,EX,FT,Head of Data,290000,USD,290000,US,100,US,M
2024,EX,FT,Head of Data,207000,USD,207000,US,100,US,M
2024,SE,FT,Data Engineer,221000,USD,221000,US,0,US,M
2024,SE,FT,Data Engineer,185000,USD,185000,US,0,US,M
2024,MI,FT,Data Scientist,176000,USD,176000,US,0,US,M
2024,MI,FT,Data Scientist,151000,USD,151000,US,0,US,M
2024,SE,FT,Data Analyst,164000,USD,164000,CA,100,CA,M
2024,SE,FT,Data Analyst,115000,USD,115000,CA,100,CA,M
2024,SE,FT,Data Engineer,165000,USD,165000,US,0,US,M
2024,SE,FT,Data Engineer,100000,USD,100000,US,0,US,M
2024,MI,FT,Prompt Engineer,240960,USD,240960,US,0,US,M
2024,MI,FT,Prompt Engineer,200800,USD,200800,US,0,US,M
2024,MI,FT,Data Scientist,110000,USD,110000,US,0,US,M
2024,MI,FT,Data Scientist,95000,USD,95000,US,0,US,M
2024,SE,FT,Machine Learning Engineer,322000,USD,322000,US,100,US,M
2024,SE,FT,Machine Learning Engineer,230000,USD,230000,US,100,US,M
2024,SE,FT,Data Engineer,316900,USD,316900,US,0,US,M
2024,SE,FT,Data Engineer,181100,USD,181100,US,0,US,M
2024,EX,FT,Data Scientist,212000,USD,212000,US,0,US,M
2024,EX,FT,Data Scientist,190000,USD,190000,US,0,US,M
2024,SE,FT,Business Intelligence Engineer,105000,USD,105000,US,100,US,M
2024,SE,FT,Business Intelligence Engineer,80000,USD,80000,US,100,US,M
2024,SE,FT,Data Scientist,212000,USD,212000,US,0,US,M
2024,SE,FT,Data Scientist,93300,USD,93300,US,0,US,M
2024,SE,FT,Machine Learning Engineer,250900,USD,250900,US,0,US,M
2024,SE,FT,Machine Learning Engineer,135200,USD,135200,US,0,US,M
2024,EX,FT,Data Scientist,381500,USD,381500,US,0,US,M
2024,EX,FT,Data Scientist,221000,USD,221000,US,0,US,M
2024,MI,FT,Data Modeler,179000,USD,179000,US,0,US,M
2024,MI,FT,Data Modeler,112000,USD,112000,US,0,US,M
2024,EN,FT,Data Engineer,110000,USD,110000,US,0,US,M
2024,EN,FT,Data Engineer,90000,USD,90000,US,0,US,M
2024,SE,FT,Data Architect,234000,USD,234000,US,0,US,M
2024,SE,FT,Data Architect,146000,USD,146000,US,0,US,M
2024,SE,FT,Data Scientist,234000,USD,234000,US,0,US,M
2024,SE,FT,Data Scientist,146000,USD,146000,US,0,US,M
2024,SE,FT,Data Scientist,200000,USD,200000,US,0,US,M
2024,SE,FT,Data Scientist,175000,USD,175000,US,0,US,M
2024,SE,FT,Machine Learning Engineer,243500,USD,243500,US,100,US,M
2024,SE,FT,Machine Learning Engineer,146100,USD,146100,US,100,US,M
2024,MI,FT,Data Engineer,140000,USD,140000,US,0,US,M
2024,MI,FT,Data Engineer,65000,USD,65000,US,0,US,M
2024,MI,FT,Data Scientist,72360,EUR,80400,LV,0,LV,M
2024,MI,FT,Data Scientist,37440,EUR,41600,LV,0,LV,M
2024,MI,FT,Data Analyst,100000,USD,100000,US,0,US,M
2024,MI,FT,Data Analyst,70000,USD,70000,US,0,US,M
2024,EN,FT,Data Analyst,105000,USD,105000,US,0,US,M
2024,EN,FT,Data Analyst,75000,USD,75000,US,0,US,M
2024,SE,FT,Analytics Engineer,130000,USD,130000,US,0,US,M
2024,SE,FT,Data Scientist,126500,USD,126500,US,100,US,M
2024,SE,FT,Data Scientist,78000,USD,78000,US,100,US,M
2024,SE,FT,Data Engineer,145000,USD,145000,US,0,US,M
2024,SE,FT,Data Engineer,120000,USD,120000,US,0,US,M
2024,EN,FT,Data Analyst,115000,USD,115000,US,0,US,M
2024,EN,FT,Data Analyst,90000,USD,90000,US,0,US,M
2024,SE,FT,Data Lead,135000,USD,135000,US,100,US,M
2024,SE,FT,Data Lead,110000,USD,110000,US,100,US,M
2024,SE,FT,Data Analyst,140000,USD,140000,US,0,US,M
2024,SE,FT,Data Analyst,115000,USD,115000,US,0,US,M
2024,SE,FT,Data Architect,150000,USD,150000,US,0,US,M
2024,SE,FT,Data Architect,140000,USD,140000,US,0,US,M
2024,SE,FT,Data Scientist,185000,USD,185000,US,0,US,M
2024,SE,FT,Data Scientist,120000,USD,120000,US,0,US,M
2024,SE,FT,Data Engineer,199700,USD,199700,US,0,US,M
2024,SE,FT,Data Engineer,165100,USD,165100,US,0,US,M
2024,MI,FT,Data Engineer,179000,USD,179000,US,0,US,M
2024,MI,FT,Data Engineer,112000,USD,112000,US,0,US,M
2024,EX,FT,Data Engineer,179000,USD,179000,US,0,US,M
2024,EX,FT,Data Engineer,112000,USD,112000,US,0,US,M
2024,SE,FT,Data Scientist,170000,USD,170000,US,100,US,M
2024,SE,FT,Data Scientist,130000,USD,130000,US,100,US,M
2024,MI,FT,Data Analyst,123600,USD,123600,US,100,US,M
2024,MI,FT,Data Analyst,79900,USD,79900,US,100,US,M
2024,SE,FT,Data Engineer,152375,USD,152375,US,100,US,M
2024,SE,FT,Data Engineer,94000,USD,94000,US,100,US,M
2024,SE,FT,Machine Learning Engineer,365100,USD,365100,US,0,US,M
2024,SE,FT,Machine Learning Engineer,260800,USD,260800,US,0,US,M
2024,SE,FT,Data Scientist,65000,GBP,81250,GB,100,GB,M
2024,SE,FT,Data Scientist,45000,GBP,56250,GB,100,GB,M
2024,MI,FT,Data Scientist,120000,USD,120000,US,0,US,M
2024,MI,FT,Data Scientist,94400,USD,94400,US,0,US,M
2024,SE,FT,Analytics Engineer,130000,USD,130000,US,0,US,M
2024,SE,FT,Machine Learning Engineer,240500,USD,240500,US,0,US,M
2024,SE,FT,Machine Learning Engineer,192500,USD,192500,US,0,US,M
2024,SE,FT,Data Analyst,100000,USD,100000,US,0,US,M
2024,SE,FT,Data Analyst,80000,USD,80000,US,0,US,M
2024,SE,FT,Data Modeler,179000,USD,179000,US,0,US,M
2024,SE,FT,Data Modeler,112000,USD,112000,US,0,US,M
2024,EN,FT,Machine Learning Engineer,260100,USD,260100,US,100,US,M
2024,EN,FT,Machine Learning Engineer,185800,USD,185800,US,100,US,M
2024,SE,FT,Data Architect,138000,USD,138000,US,0,US,M
2024,SE,FT,Data Architect,86000,USD,86000,US,0,US,M
2024,EX,FT,Data Scientist,143297,USD,143297,CA,0,CA,M
2024,EX,FT,Data Scientist,114638,USD,114638,CA,0,CA,M
2024,EN,FT,Data Analyst,26000,EUR,28888,ES,0,ES,M
2024,EN,FT,Data Analyst,21000,EUR,23333,ES,0,ES,M
2024,EN,FT,Machine Learning Engineer,157900,USD,157900,CA,100,CA,M
2024,EN,FT,Machine Learning Engineer,105300,USD,105300,CA,100,CA,M
2024,EN,FT,Data Analyst,180700,USD,180700,US,0,US,M
2024,EN,FT,Data Analyst,97000,USD,97000,US,0,US,M
2024,MI,FT,Business Intelligence Engineer,206000,USD,206000,US,0,US,M
2024,MI,FT,Business Intelligence Engineer,134000,USD,134000,US,0,US,M
2024,MI,FT,Machine Learning Engineer,170000,USD,170000,US,0,US,M
2024,MI,FT,Machine Learning Engineer,125100,USD,125100,US,0,US,M
2024,EX,FT,Data Scientist,209700,USD,209700,US,0,US,M
2024,EX,FT,Data Scientist,161300,USD,161300,US,0,US,M
2024,SE,FT,Data Engineer,250000,USD,250000,US,0,US,M
2024,SE,FT,Data Engineer,200000,USD,200000,US,0,US,M
2024,SE,FT,Machine Learning Engineer,300000,USD,300000,US,0,US,M
2024,SE,FT,Machine Learning Engineer,185000,USD,185000,US,0,US,M
2024,EN,FT,Data Analyst,83646,USD,83646,CA,0,CA,M
2024,EN,FT,Data Analyst,65407,USD,65407,CA,0,CA,M
2024,SE,FT,Data Engineer,195000,USD,195000,US,0,US,M
2024,SE,FT,Data Engineer,160000,USD,160000,US,0,US,M
2024,SE,FT,Data Scientist,179000,USD,179000,US,0,US,M
2024,SE,FT,Data Scientist,112000,USD,112000,US,0,US,M
2024,SE,FT,Data Engineer,169200,USD,169200,US,0,US,M
2024,SE,FT,Data Engineer,130100,USD,130100,US,0,US,M
2024,MI,FT,Data Scientist,166000,USD,166000,US,0,US,M
2024,MI,FT,Data Scientist,73100,USD,73100,US,0,US,M
2024,MI,FT,Data Scientist,130000,USD,130000,US,0,US,M
2024,MI,FT,Data Scientist,100000,USD,100000,US,0,US,M
2024,SE,FT,Data Engineer,184000,USD,184000,US,0,US,M
2024,SE,FT,Data Engineer,123000,USD,123000,US,0,US,M
2024,EN,FT,Data Scientist,144650,USD,144650,US,0,US,M
2024,EN,FT,Data Scientist,86800,USD,86800,US,0,US,M
2024,SE,FT,Machine Learning Engineer,140000,USD,140000,US,100,US,M
2024,SE,FT,Machine Learning Engineer,120000,USD,120000,US,100,US,M
2024,MI,FT,Machine Learning Engineer,260100,USD,260100,US,100,US,M
2024,MI,FT,Machine Learning Engineer,185800,USD,185800,US,100,US,M
2024,SE,FT,Data Scientist,125000,USD,125000,US,0,US,M
2024,SE,FT,Data Scientist,97000,USD,97000,US,0,US,M
2024,SE,FT,Machine Learning Engineer,303400,USD,303400,US,100,US,M
2024,SE,FT,Machine Learning Engineer,216700,USD,216700,US,100,US,M
2024,SE,FT,Machine Learning Engineer,119786,USD,119786,CA,100,CA,M
2024,SE,FT,Machine Learning Engineer,95828,USD,95828,CA,100,CA,M
2024,MI,FT,Data Operations Associate,60000,EUR,66666,DE,0,DE,M
2024,MI,FT,Data Operations Associate,50000,EUR,55555,DE,0,DE,M
2024,SE,FT,Data Scientist,104000,USD,104000,US,0,US,M
2024,SE,FT,Data Scientist,80000,USD,80000,US,0,US,M
2024,SE,FT,Data Scientist,294000,USD,294000,US,0,US,M
2024,SE,FT,Data Scientist,204000,USD,204000,US,0,US,M
2024,SE,FT,Data Scientist,272400,USD,272400,US,0,US,M
2024,SE,FT,Data Scientist,155600,USD,155600,US,0,US,M
2024,MI,FT,Data Engineer,184000,USD,184000,US,0,US,M
2024,MI,FT,Data Engineer,123000,USD,123000,US,0,US,M
2024,SE,FT,Machine Learning Engineer,303400,USD,303400,US,0,US,M
2024,SE,FT,Machine Learning Engineer,216700,USD,216700,US,0,US,M
2024,MI,FT,Data Engineer,187000,USD,187000,US,100,US,M
2024,MI,FT,Data Engineer,125000,USD,125000,US,100,US,M
2024,SE,FT,Business Intelligence Engineer,44400,EUR,49333,LV,0,LV,M
2024,SE,FT,Business Intelligence Engineer,31200,EUR,34666,LV,0,LV,M
2024,SE,FT,Data Engineer,144000,USD,144000,US,0,US,M
2024,SE,FT,Data Engineer,113000,USD,113000,US,0,US,M
2024,SE,FT,Data Engineer,143500,USD,143500,US,100,US,M
2024,SE,FT,Data Engineer,77000,USD,77000,US,100,US,M
2024,SE,FT,Data Developer,88000,USD,88000,CA,0,CA,M
2024,SE,FT,Data Developer,71000,USD,71000,CA,0,CA,M
2024,EN,FT,Data Specialist,40000,GBP,50000,GB,0,GB,M
2024,EN,FT,Data Specialist,33400,GBP,41750,GB,0,GB,M
2024,SE,FT,Machine Learning Engineer,110000,GBP,137500,GB,0,GB,S
2024,SE,FT,Machine Learning Engineer,87000,GBP,108750,GB,0,GB,S
2024,SE,FT,Data Engineer,190000,USD,190000,US,100,US,M
2024,SE,FT,Data Engineer,135000,USD,135000,US,100,US,M
2024,SE,FT,Data Engineer,55000,GBP,68750,GB,100,GB,M
2024,SE,FT,Data Engineer,52000,GBP,65000,GB,100,GB,M
2024,SE,FT,Applied Scientist,260000,USD,260000,US,0,US,L
2024,SE,FT,Applied Scientist,136000,USD,136000,US,0,US,L
2024,MI,CT,AI Research Engineer,57000,EUR,63333,HR,100,HU,S
2024,SE,FT,Machine Learning Engineer,250000,USD,250000,US,100,US,M
2024,SE,FT,Machine Learning Engineer,184900,USD,184900,US,100,US,M
2024,MI,FT,Data Engineer,148100,USD,148100,US,100,US,M
2024,MI,FT,Data Engineer,98700,USD,98700,US,100,US,M
2024,SE,FT,Data Scientist,140032,USD,140032,US,100,US,M
2024,SE,FT,Data Scientist,100022,USD,100022,US,100,US,M
2024,MI,FT,BI Developer,120000,USD,120000,US,0,US,M
2024,MI,FT,BI Developer,62100,USD,62100,US,0,US,M
2024,EN,FT,Research Analyst,250000,USD,250000,US,0,US,M
2024,EN,FT,Research Analyst,150000,USD,150000,US,0,US,M
2024,EX,FT,Data Engineer,219650,USD,219650,US,100,US,M
2024,EX,FT,Data Engineer,136000,USD,136000,US,100,US,M
2024,MI,FT,Business Intelligence Developer,87800,USD,87800,US,0,US,M
2024,MI,FT,Business Intelligence Developer,76300,USD,76300,US,0,US,M
2024,MI,FT,Data Scientist,148100,USD,148100,US,100,US,M
2024,MI,FT,Data Scientist,98700,USD,98700,US,100,US,M
2024,MI,FT,Data Engineer,145500,USD,145500,US,0,US,M
2024,MI,FT,Data Engineer,93000,USD,93000,US,0,US,M
2024,MI,FT,Data Scientist,85000,USD,85000,US,0,US,M
2024,MI,FT,Data Scientist,75000,USD,75000,US,0,US,M
2024,MI,FT,Data Scientist,105000,USD,105000,US,0,US,M
2024,MI,FT,Data Scientist,70000,USD,70000,US,0,US,M
2024,SE,FT,Data Engineer,204662,USD,204662,US,0,US,M
2024,SE,FT,Data Engineer,184662,USD,184662,US,0,US,M
2024,MI,FT,Data Scientist,179000,USD,179000,US,0,US,M
2024,MI,FT,Data Scientist,112000,USD,112000,US,0,US,M
2024,EN,FT,Data Analyst,115000,USD,115000,US,0,US,M
2024,EN,FT,Data Analyst,85000,USD,85000,US,0,US,M
2024,EX,FT,Data Scientist,225000,USD,225000,US,0,US,M
2024,EX,FT,Data Scientist,180000,USD,180000,US,0,US,M
2024,SE,FT,MLOps Engineer,175000,USD,175000,US,0,US,M
2024,SE,FT,MLOps Engineer,110000,USD,110000,US,0,US,M
2024,SE,FT,Machine Learning Scientist,252000,USD,252000,US,0,US,M
2024,SE,FT,Machine Learning Scientist,157500,USD,157500,US,0,US,M
2024,SE,FT,Machine Learning Engineer,267900,USD,267900,US,0,US,M
2024,SE,FT,Machine Learning Engineer,234700,USD,234700,US,0,US,M
2024,EN,FT,Data Analyst,195500,USD,195500,US,0,US,M
2024,EN,FT,Data Analyst,68000,USD,68000,US,0,US,M
2024,SE,FT,Data Scientist,120000,USD,120000,US,100,US,M
2024,SE,FT,Data Scientist,90000,USD,90000,US,100,US,M
2024,SE,FT,Data Scientist,242000,USD,242000,US,0,US,M
2024,SE,FT,Data Scientist,106200,USD,106200,US,0,US,M
2024,SE,FT,Data Engineer,171210,USD,171210,CA,100,CA,M
2024,SE,FT,Data Engineer,92190,USD,92190,CA,100,CA,M
2024,SE,FT,Machine Learning Engineer,215000,USD,215000,US,0,US,M
2024,SE,FT,Machine Learning Engineer,146900,USD,146900,US,0,US,M
2024,MI,FT,Applied Scientist,222200,USD,222200,US,0,US,L
2024,MI,FT,Applied Scientist,136000,USD,136000,US,0,US,L
2024,MI,FT,Data Scientist,246000,USD,246000,US,100,US,M
2024,MI,FT,Data Scientist,190000,USD,190000,US,100,US,M
2024,MI,FT,Data Engineer,165000,USD,165000,US,100,US,M
2024,MI,FT,Data Engineer,129600,USD,129600,US,100,US,M
2024,MI,FT,Business Intelligence Analyst,200400,USD,200400,US,0,US,M
2024,MI,FT,Business Intelligence Analyst,126900,USD,126900,US,0,US,M
2024,SE,FT,Machine Learning Engineer,322000,USD,322000,US,100,US,M
2024,SE,FT,Machine Learning Engineer,230000,USD,230000,US,100,US,M
2024,SE,FT,Data Analyst,175520,USD,175520,US,0,US,M
2024,SE,FT,Data Analyst,103786,USD,103786,US,0,US,M
2024,SE,FT,Analytics Engineer,170000,USD,170000,US,100,US,M
2024,SE,FT,Analytics Engineer,130000,USD,130000,US,100,US,M
2024,SE,FT,Data Scientist,195000,USD,195000,US,0,US,M
2024,SE,FT,Data Scientist,146900,USD,146900,US,0,US,M
2024,MI,FT,Data Scientist,170400,USD,170400,US,100,US,M
2024,MI,FT,Data Scientist,106500,USD,106500,US,100,US,M
2024,MI,FT,Data Specialist,51284,GBP,64105,GB,0,GB,M
2024,MI,FT,Data Specialist,41027,GBP,51283,GB,0,GB,M
2024,MI,FT,Data Analyst,134500,USD,134500,US,0,US,M
2024,MI,FT,Data Analyst,100000,USD,100000,US,0,US,M
2024,MI,FT,Data Engineer,159000,USD,159000,US,0,US,M
2024,MI,FT,Data Engineer,111300,USD,111300,US,0,US,M
2024,MI,FT,Machine Learning Engineer,173400,USD,173400,US,0,US,M
2024,MI,FT,Machine Learning Engineer,99100,USD,99100,US,0,US,M
2024,SE,FT,Business Intelligence Engineer,185000,USD,185000,US,0,US,L
2024,SE,FT,Business Intelligence Engineer,79600,USD,79600,US,0,US,L
2024,EX,FT,Data Scientist,323700,USD,323700,US,100,US,M
2024,EX,FT,Data Scientist,190500,USD,190500,US,100,US,M
2024,MI,FT,Machine Learning Engineer,125800,EUR,139777,ES,100,ES,M
2024,MI,FT,Machine Learning Engineer,83900,EUR,93222,ES,100,ES,M
2024,SE,FT,Data Scientist,218000,USD,218000,US,0,US,M
2024,SE,FT,Data Scientist,145000,USD,145000,US,0,US,M
2024,SE,FT,Research Scientist,258100,USD,258100,US,0,US,M
2024,SE,FT,Research Scientist,151900,USD,151900,US,0,US,M
2024,MI,FT,Data Scientist,179000,USD,179000,US,0,US,M
2024,MI,FT,Data Scientist,106500,USD,106500,US,0,US,M
2024,MI,FT,Data Scientist,212800,USD,212800,US,0,US,L
2024,MI,FT,Data Scientist,111600,USD,111600,US,0,US,L
2024,SE,FT,Machine Learning Engineer,166700,USD,166700,US,100,US,M
2024,SE,FT,Machine Learning Engineer,150000,USD,150000,US,100,US,M
2024,SE,FT,Machine Learning Engineer,220000,USD,220000,US,0,US,M
2024,SE,FT,Machine Learning Engineer,170000,USD,170000,US,0,US,M
2024,SE,FT,Machine Learning Engineer,418000,USD,418000,US,100,US,M
2024,SE,FT,Machine Learning Engineer,141000,USD,141000,US,100,US,M
2024,SE,FT,Research Engineer,440000,USD,440000,US,0,US,M
2024,SE,FT,Research Engineer,100000,USD,100000,US,0,US,M
2024,EX,FT,Data Scientist,260000,USD,260000,US,50,US,L
2024,EX,FT,Data Scientist,246100,USD,246100,US,0,US,M
2024,EX,FT,Data Scientist,181900,USD,181900,US,0,US,M
2024,SE,FT,Analytics Engineer,130000,USD,130000,CA,0,CA,M
2024,SE,FT,Analytics Engineer,110000,USD,110000,CA,0,CA,M
2024,MI,FT,Data Engineer,133000,USD,133000,AU,0,AU,M
2024,MI,FT,Data Engineer,58300,USD,58300,AU,0,AU,M
2024,EN,FT,Machine Learning Engineer,91000,USD,91000,US,0,US,M
2024,EN,FT,Machine Learning Engineer,70000,USD,70000,US,0,US,M
2024,SE,FT,Machine Learning Engineer,212000,USD,212000,DE,0,DE,M
2024,SE,FT,Machine Learning Engineer,93300,USD,93300,DE,0,DE,M
2024,EX,FT,Business Intelligence Developer,177500,USD,177500,US,0,US,M
2024,EX,FT,Business Intelligence Developer,117500,USD,117500,US,0,US,M
2024,MI,FT,Data Scientist,137930,USD,137930,CA,0,CA,M
2024,MI,FT,Data Scientist,74270,USD,74270,CA,0,CA,M
2024,EN,FT,Business Intelligence Analyst,95000,USD,95000,US,0,US,M
2024,EN,FT,Business Intelligence Analyst,70000,USD,70000,US,0,US,M
2024,SE,FT,Data Scientist,258720,USD,258720,US,0,US,M
2024,SE,FT,Data Scientist,160000,USD,160000,US,0,US,M
2024,EN,FT,Data Quality Analyst,85000,USD,85000,LB,0,LB,M
2024,EN,FT,Data Quality Analyst,58500,USD,58500,LB,0,LB,M
2024,MI,FT,BI Developer,154800,USD,154800,US,0,US,M
2024,MI,FT,BI Developer,76300,USD,76300,US,0,US,M
2024,MI,FT,AI Engineer,170200,USD,170200,US,0,US,M
2024,MI,FT,AI Engineer,83900,USD,83900,US,0,US,M
2024,SE,FT,Data Engineer,205000,USD,205000,US,100,US,M
2024,SE,FT,Data Engineer,165000,USD,165000,US,100,US,M
2024,MI,FT,Data Scientist,250000,USD,250000,US,0,US,M
2024,MI,FT,Data Scientist,131600,USD,131600,US,0,US,M
2024,SE,FT,Data Scientist,240000,USD,240000,US,0,US,M
2024,SE,FT,Data Scientist,187000,USD,187000,US,0,US,M
2024,MI,FT,Data Engineer,134600,USD,134600,US,0,US,M
2024,MI,FT,Data Engineer,103000,USD,103000,US,0,US,M
2024,SE,FT,Machine Learning Engineer,324000,USD,324000,US,0,US,M
2024,SE,FT,Machine Learning Engineer,159000,USD,159000,US,0,US,M
2024,MI,FT,Research Engineer,74276,USD,74276,AU,0,AU,M
2024,MI,FT,Research Engineer,70230,USD,70230,AU,0,AU,M
2024,SE,FT,Data Engineer,385000,USD,385000,US,0,US,M
2024,SE,FT,Data Engineer,245000,USD,245000,US,0,US,M
2024,MI,FT,Data Scientist,385000,USD,385000,US,0,US,M
2024,MI,FT,Data Scientist,245000,USD,245000,US,0,US,M
2024,MI,FT,Data Engineer,214300,USD,214300,US,0,US,M
2024,MI,FT,Data Engineer,108500,USD,108500,US,0,US,M
2024,SE,FT,Machine Learning Engineer,245700,USD,245700,US,0,US,M
2024,SE,FT,Machine Learning Engineer,132300,USD,132300,US,0,US,M
2024,MI,FT,Data Specialist,80000,USD,80000,US,0,US,M
2024,MI,FT,Data Specialist,73000,USD,73000,US,0,US,M
2024,SE,FT,Machine Learning Engineer,263500,USD,263500,US,100,US,M
2024,SE,FT,Machine Learning Engineer,189360,USD,189360,US,100,US,M
2024,SE,FT,Data Architect,175000,USD,175000,US,100,US,M
2024,SE,FT,Data Architect,125000,USD,125000,US,100,US,M
2024,EX,FT,Data Scientist,175762,USD,175762,US,0,US,M
2024,EX,FT,Data Scientist,97254,USD,97254,US,0,US,M
2024,SE,FT,Applied Scientist,218213,USD,218213,US,100,US,M
2024,SE,FT,Applied Scientist,178538,USD,178538,US,100,US,M
2024,MI,FT,Research Engineer,440000,USD,440000,US,0,US,M
2024,MI,FT,Research Engineer,295000,USD,295000,US,0,US,M
2024,MI,FT,Research Engineer,118600,USD,118600,US,0,US,M
2024,MI,FT,Research Engineer,96800,USD,96800,US,0,US,M
2024,MI,FT,Data Scientist,198800,USD,198800,US,0,US,M
2024,MI,FT,Data Scientist,90700,USD,90700,US,0,US,M
2024,SE,FT,Data Engineer,145000,USD,145000,US,0,US,M
2024,SE,FT,Data Engineer,115000,USD,115000,US,0,US,M
2024,SE,FT,Data Engineer,269100,USD,269100,US,0,US,M
2024,SE,FT,Data Engineer,131300,USD,131300,US,0,US,M
2024,MI,FT,Research Engineer,440000,USD,440000,US,0,US,M
2024,MI,FT,Research Engineer,245000,USD,245000,US,0,US,M
2024,EN,FT,Data Analyst,99900,USD,99900,US,0,US,M
2024,EN,FT,Data Analyst,83000,USD,83000,US,0,US,M
2024,MI,FT,Research Engineer,240960,USD,240960,US,0,US,M
2024,MI,FT,Research Engineer,190000,USD,190000,US,0,US,M
2024,SE,FT,Data Architect,178600,USD,178600,US,0,US,M
2024,SE,FT,Data Architect,67200,USD,67200,US,0,US,M
2024,MI,FT,Data Visualization Specialist,170200,USD,170200,US,0,US,M
2024,MI,FT,Data Visualization Specialist,83900,USD,83900,US,0,US,M
2024,SE,FT,Data Analyst,169000,USD,169000,US,100,US,M
2024,SE,FT,Data Analyst,120000,USD,120000,US,100,US,M
2024,SE,FT,Data Scientist,225000,USD,225000,CA,0,CA,M
2024,SE,FT,Data Scientist,153000,USD,153000,CA,0,CA,M
2024,SE,FT,Research Engineer,450000,USD,450000,US,0,US,M
2024,SE,FT,Research Engineer,245000,USD,245000,US,0,US,M
2024,SE,FT,ETL Developer,99500,USD,99500,US,0,US,M
2024,SE,FT,ETL Developer,53300,USD,53300,US,0,US,M
2024,SE,FT,Research Engineer,240960,USD,240960,US,0,US,M
2024,SE,FT,Research Engineer,200800,USD,200800,US,0,US,M
2024,MI,FT,Data Scientist,170200,USD,170200,US,0,US,M
2024,MI,FT,Data Scientist,83900,USD,83900,US,0,US,M
2024,MI,FT,Data Engineer,125000,USD,125000,US,100,US,M
2024,MI,FT,Data Engineer,115000,USD,115000,US,100,US,M
2024,SE,FT,Data Scientist,261050,USD,261050,US,0,US,M
2024,SE,FT,Data Scientist,187000,USD,187000,US,0,US,M
2024,SE,FT,Machine Learning Engineer,331640,USD,331640,US,0,US,M
2024,SE,FT,Machine Learning Engineer,283780,USD,283780,US,0,US,M
2024,SE,FT,Data Analyst,146500,USD,146500,US,0,US,M
2024,SE,FT,Data Analyst,96000,USD,96000,US,0,US,M
2024,SE,FT,Computer Vision Engineer,235000,USD,235000,US,0,US,M
2024,SE,FT,Computer Vision Engineer,185000,USD,185000,US,0,US,M
2024,MI,FT,Data Scientist,140400,USD,140400,US,100,US,M
2024,MI,FT,Data Scientist,90000,USD,90000,US,100,US,M
2024,SE,FT,Research Scientist,440000,USD,440000,US,0,US,M
2024,SE,FT,Research Scientist,245000,USD,245000,US,0,US,M
2024,MI,FT,Data Scientist,179000,USD,179000,US,0,US,M
2024,MI,FT,Data Scientist,112000,USD,112000,US,0,US,M
2024,SE,FT,Data Architect,178600,USD,178600,US,0,US,M
2024,SE,FT,Data Architect,76300,USD,76300,US,0,US,M
2024,SE,FT,Data Engineer,260000,USD,260000,US,0,US,M
2024,SE,FT,Data Engineer,225000,USD,225000,US,0,US,M
2024,SE,FT,Data Engineer,165000,USD,165000,US,0,US,M
2024,SE,FT,Data Engineer,137000,USD,137000,US,0,US,M
2024,SE,FT,Applied Scientist,260000,USD,260000,US,0,US,L
2024,SE,FT,Applied Scientist,136000,USD,136000,US,0,US,L
2024,SE,FT,Data Scientist,296100,USD,296100,US,0,US,M
2024,SE,FT,Data Scientist,144500,USD,144500,US,0,US,M
2024,SE,FT,Research Scientist,278700,USD,278700,US,0,US,M
2024,SE,FT,Research Scientist,159300,USD,159300,US,0,US,M
2024,SE,FT,Data Scientist,206000,USD,206000,US,100,US,M
2024,SE,FT,Data Scientist,140250,USD,140250,US,100,US,M
2024,MI,FT,Analytics Engineer,100000,USD,100000,US,0,US,M
2024,MI,FT,Analytics Engineer,75000,USD,75000,US,0,US,M
2024,SE,FT,Data Lead,180000,USD,180000,US,0,US,M
2024,SE,FT,Data Lead,140000,USD,140000,US,0,US,M
2024,SE,FT,Machine Learning Scientist,235000,USD,235000,CA,0,CA,M
2024,SE,FT,Machine Learning Scientist,153000,USD,153000,CA,0,CA,M
2024,SE,FT,Research Scientist,440000,USD,440000,US,0,US,M
2024,SE,FT,Research Scientist,245000,USD,245000,US,0,US,M
2024,SE,FT,Data Analyst,116800,USD,116800,US,0,US,M
2024,SE,FT,Data Analyst,87600,USD,87600,US,0,US,M
2024,SE,FT,Data Scientist,170000,USD,170000,US,0,US,M
2024,SE,FT,Data Scientist,125000,USD,125000,US,0,US,M
2024,SE,FT,Data Architect,283500,USD,283500,US,0,US,M
2024,SE,FT,Data Architect,149000,USD,149000,US,0,US,M
2024,EN,FT,Data Scientist,26000,USD,26000,RO,100,RO,L
2024,SE,FT,Machine Learning Engineer,357900,USD,357900,US,0,US,M
2024,SE,FT,Machine Learning Engineer,189400,USD,189400,US,0,US,M
2024,SE,FT,Data Scientist,212000,USD,212000,US,0,US,M
2024,SE,FT,Data Scientist,93400,USD,93400,US,0,US,M
2024,SE,FT,Data Engineer,128656,USD,128656,US,0,US,M
2024,SE,FT,Data Engineer,103330,USD,103330,US,0,US,M
2024,SE,FT,Machine Learning Engineer,250900,USD,250900,US,0,US,M
2024,SE,FT,Machine Learning Engineer,135200,USD,135200,US,0,US,M
2024,SE,FT,Applied Scientist,414000,USD,414000,US,0,US,M
2024,SE,FT,Applied Scientist,216000,USD,216000,US,0,US,M
2024,MI,FT,Data Specialist,69000,USD,69000,US,0,US,M
2024,MI,FT,Data Specialist,51000,USD,51000,US,0,US,M
2024,SE,FT,Data Analyst,109000,USD,109000,US,0,US,M
2024,SE,FT,Data Analyst,62300,USD,62300,US,0,US,M
2024,MI,FT,Analytics Engineer,134160,USD,134160,US,0,US,M
2024,MI,FT,Analytics Engineer,72240,USD,72240,US,0,US,M
2024,MI,FT,Data Analyst,90500,USD,90500,US,0,US,M
2024,MI,FT,Data Analyst,42400,USD,42400,US,0,US,M
2024,SE,FT,Data Architect,381500,USD,381500,US,0,US,M
2024,SE,FT,Data Architect,202500,USD,202500,US,0,US,M
2024,SE,FT,Machine Learning Engineer,257000,USD,257000,US,0,US,M
2024,SE,FT,Machine Learning Engineer,129000,USD,129000,US,0,US,M
2024,EN,FT,Data Analyst,120000,USD,120000,US,100,US,M
2024,EN,FT,Data Analyst,100000,USD,100000,US,100,US,M
2024,SE,FT,Analytics Engineer,209990,USD,209990,CA,0,CA,M
2024,SE,FT,Analytics Engineer,140000,USD,140000,CA,0,CA,M
2024,EN,FT,Data Analyst,80000,USD,80000,US,0,US,M
2024,EN,FT,Data Analyst,45700,USD,45700,US,0,US,M
2024,SE,FT,Data Scientist,138000,USD,138000,US,0,US,M
2024,SE,FT,Data Scientist,86000,USD,86000,US,0,US,M
2024,SE,FT,Data Scientist,152000,USD,152000,US,0,US,M
2024,SE,FT,Data Scientist,133200,USD,133200,US,0,US,M
2024,SE,FT,Data Analyst,135000,USD,135000,US,0,US,M
2024,SE,FT,Data Analyst,120000,USD,120000,US,0,US,M
2024,SE,FT,Data Engineer,175000,USD,175000,US,0,US,M
2024,SE,FT,Data Engineer,150000,USD,150000,US,0,US,M
2024,MI,FT,Data Developer,100000,USD,100000,US,0,US,M
2024,MI,FT,Data Developer,95000,USD,95000,US,0,US,M
2024,SE,FT,Data Analyst,134200,USD,134200,US,100,US,M
2024,SE,FT,Data Analyst,117000,USD,117000,US,100,US,M
2024,MI,FT,Research Scientist,179000,USD,179000,US,0,US,M
2024,MI,FT,Research Scientist,112000,USD,112000,US,0,US,M
2024,SE,FT,Data Architect,234000,USD,234000,US,0,US,M
2024,SE,FT,Data Architect,146000,USD,146000,US,0,US,M
2024,EN,FT,Data Analyst,75065,USD,75065,US,100,US,M
2024,EN,FT,Data Analyst,41419,USD,41419,US,100,US,M
2024,MI,FT,Data Engineer,107800,USD,107800,US,0,US,M
2024,MI,FT,Data Engineer,61600,USD,61600,US,0,US,M
2024,SE,FT,Machine Learning Engineer,324000,USD,324000,US,0,US,M
2024,SE,FT,Machine Learning Engineer,159000,USD,159000,US,0,US,M
2024,EN,FT,Data Analyst,80000,USD,80000,US,100,US,M
2024,EN,FT,Data Analyst,75000,USD,75000,US,100,US,M
2024,SE,FT,Machine Learning Engineer,303400,USD,303400,CA,100,CA,M
2024,SE,FT,Machine Learning Engineer,216700,USD,216700,CA,100,CA,M
2024,SE,FT,Research Scientist,179000,USD,179000,US,0,US,M
2024,SE,FT,Research Scientist,112000,USD,112000,US,0,US,M
2024,SE,FT,Data Engineer,247300,USD,247300,US,0,US,M
2024,SE,FT,Data Engineer,139700,USD,139700,US,0,US,M
2024,EN,FT,Data Analyst,93000,USD,93000,US,0,US,M
2024,EN,FT,Data Analyst,65750,USD,65750,US,0,US,M
2024,MI,FT,Applied Scientist,222200,USD,222200,US,0,US,L
2024,MI,FT,Applied Scientist,136000,USD,136000,US,0,US,L
2024,SE,FT,Research Scientist,234000,USD,234000,US,0,US,M
2024,SE,FT,Research Scientist,146000,USD,146000,US,0,US,M
2024,MI,FT,Data Engineer,130000,USD,130000,US,0,US,M
2024,MI,FT,Data Engineer,90800,USD,90800,US,0,US,M
2024,EN,FT,Data Analyst,93000,USD,93000,US,0,US,M
2024,EN,FT,Data Analyst,65750,USD,65750,US,0,US,M
2024,EN,PT,Data Scientist,15000,EUR,16666,DE,50,DE,M
2024,MI,FT,Data Engineer,166000,USD,166000,US,0,US,M
2024,MI,FT,Data Engineer,73100,USD,73100,US,0,US,M
2024,MI,FT,Data Scientist,166000,USD,166000,US,0,US,M
2024,MI,FT,Data Scientist,73100,USD,73100,US,0,US,M
2024,SE,FT,Research Scientist,179000,USD,179000,US,0,US,M
2024,SE,FT,Research Scientist,112000,USD,112000,US,0,US,M
2024,SE,FT,Machine Learning Engineer,186754,USD,186754,US,0,US,M
2024,SE,FT,Machine Learning Engineer,101000,USD,101000,US,0,US,M
2024,SE,FT,Data Scientist,64000,GBP,80000,US,0,US,M
2024,SE,FT,Data Scientist,54000,GBP,67500,US,0,US,M
2024,SE,FT,Machine Learning Engineer,212000,USD,212000,EG,0,EG,M
2024,SE,FT,Machine Learning Engineer,93300,USD,93300,EG,0,EG,M
2024,SE,FT,Data Engineer,138000,USD,138000,US,0,US,M
2024,SE,FT,Data Engineer,86000,USD,86000,US,0,US,M
2024,MI,FT,Data Engineer,106050,USD,106050,US,0,US,M
2024,MI,FT,Data Engineer,80420,USD,80420,US,0,US,M
2024,SE,FT,Research Scientist,234000,USD,234000,US,0,US,M
2024,SE,FT,Research Scientist,146000,USD,146000,US,0,US,M
2024,EN,FT,Data Analyst,179000,USD,179000,US,0,US,M
2024,EN,FT,Data Analyst,112000,USD,112000,US,0,US,M
2024,SE,FT,Data Modeler,171210,USD,171210,CA,0,CA,M
2024,SE,FT,Data Modeler,92190,USD,92190,CA,0,CA,M
2024,MI,FT,Data Scientist,110630,USD,110630,CA,0,CA,M
2024,MI,FT,Data Scientist,59570,USD,59570,CA,0,CA,M
2024,SE,FT,Research Engineer,234000,USD,234000,US,0,US,M
2024,SE,FT,Research Engineer,146000,USD,146000,US,0,US,M
2024,SE,FT,Data Architect,186000,USD,186000,US,0,US,M
2024,SE,FT,Data Architect,81800,USD,81800,US,0,US,M
2024,SE,FT,BI Developer,95000,USD,95000,IN,100,IN,M
2024,SE,FT,BI Developer,80000,USD,80000,IN,100,IN,M
2024,SE,FT,Data Engineer,160000,USD,160000,US,0,US,M
2024,SE,FT,Data Engineer,94100,USD,94100,US,0,US,M
2024,EN,FT,Data Engineer,40000,GBP,50000,GB,0,GB,M
2024,EN,FT,Data Engineer,30000,GBP,37500,GB,0,GB,M
2024,EX,FT,Data Engineer,225000,USD,225000,US,0,US,M
2024,EX,FT,Data Engineer,215000,USD,215000,US,0,US,M
2024,SE,FT,Machine Learning Engineer,303400,USD,303400,US,100,US,M
2024,SE,FT,Machine Learning Engineer,216700,USD,216700,US,100,US,M
2024,EN,FT,Business Intelligence Analyst,45000,GBP,56250,GB,0,GB,M
2024,EN,FT,Business Intelligence Analyst,45000,GBP,56250,GB,0,GB,M
2024,EN,FT,Data Analyst,179000,USD,179000,US,0,US,M
2024,EN,FT,Data Analyst,112000,USD,112000,US,0,US,M
2024,MI,FT,Machine Learning Engineer,166000,USD,166000,US,0,US,M
2024,MI,FT,Machine Learning Engineer,73100,USD,73100,US,0,US,M
2024,SE,FT,Data Modeler,130000,USD,130000,US,100,US,M
2024,SE,FT,Data Modeler,110000,USD,110000,US,100,US,M
2024,MI,FT,Data Engineer,115000,USD,115000,US,0,US,M
2024,MI,FT,Data Engineer,80000,USD,80000,US,0,US,M
2024,MI,FT,Research Scientist,179000,USD,179000,US,0,US,M
2024,MI,FT,Research Scientist,112000,USD,112000,US,0,US,M
2024,SE,FT,Machine Learning Engineer,195000,USD,195000,US,100,US,M
2024,SE,FT,Machine Learning Engineer,170000,USD,170000,US,100,US,M
2024,MI,FT,Data Analyst,78000,USD,78000,CA,0,CA,M
2024,MI,FT,Data Analyst,54000,USD,54000,CA,0,CA,M
2024,MI,FT,Data Scientist,179000,USD,179000,US,0,US,M
2024,MI,FT,Data Scientist,112000,USD,112000,US,0,US,M
2024,SE,FT,Research Scientist,440000,USD,440000,US,0,US,M
2024,SE,FT,Research Scientist,295000,USD,295000,US,0,US,M
2024,SE,FT,Data Scientist,130000,USD,130000,CA,0,CA,M
2024,SE,FT,Data Scientist,120000,USD,120000,CA,0,CA,M
2024,SE,FT,Data Engineer,152375,USD,152375,US,100,US,M
2024,SE,FT,Data Engineer,94000,USD,94000,US,100,US,M
2024,SE,FT,Data Developer,180000,USD,180000,US,100,US,M
2024,SE,FT,Data Developer,130000,USD,130000,US,100,US,M
2024,SE,FT,Analytics Engineer,195000,USD,195000,US,100,US,M
2024,SE,FT,Analytics Engineer,165000,USD,165000,US,100,US,M
2024,MI,FT,Data Scientist,218000,USD,218000,US,0,US,M
2024,MI,FT,Data Scientist,152600,USD,152600,US,0,US,M
2024,MI,FT,Machine Learning Scientist,750000,USD,750000,US,0,US,M
2024,MI,FT,Machine Learning Scientist,150000,USD,150000,US,0,US,M
2024,SE,FT,Data Scientist,136197,USD,136197,US,0,US,M
2024,SE,FT,Data Scientist,100000,USD,100000,US,0,US,M
2024,SE,FT,Research Engineer,440000,USD,440000,US,0,US,M
2024,SE,FT,Research Engineer,295000,USD,295000,US,0,US,M
2024,EX,FT,Data Engineer,179000,USD,179000,US,0,US,M
2024,EX,FT,Data Engineer,112000,USD,112000,US,0,US,M
2024,MI,FT,Data Scientist,175100,USD,175100,US,0,US,M
2024,MI,FT,Data Scientist,82915,USD,82915,US,0,US,M
2024,SE,FT,Data Scientist,112000,USD,112000,US,0,US,M
2024,SE,FT,Data Scientist,109000,USD,109000,US,0,US,M
2024,MI,FT,Analytics Engineer,116550,USD,116550,US,0,US,M
2024,MI,FT,Analytics Engineer,79200,USD,79200,US,0,US,M
2024,MI,FT,Data Scientist,168000,USD,168000,US,100,US,M
2024,MI,FT,Data Scientist,120000,USD,120000,US,100,US,M
2024,MI,FT,Data Scientist,154400,GBP,193000,GB,0,GB,M
2024,MI,FT,Data Scientist,76900,GBP,96125,GB,0,GB,M
2024,SE,FT,Machine Learning Engineer,210000,USD,210000,US,0,US,M
2024,SE,FT,Machine Learning Engineer,160000,USD,160000,US,0,US,M
2024,SE,FT,Data Engineer,116000,USD,116000,US,0,US,M
2024,SE,FT,Data Engineer,90000,USD,90000,US,0,US,M
2024,SE,FT,Research Scientist,247600,USD,247600,US,0,US,L
2024,SE,FT,Research Scientist,127300,USD,127300,US,0,US,L
2024,MI,FT,Data Analyst,40000,GBP,50000,GB,0,GB,M
2024,MI,FT,Data Analyst,35000,GBP,43750,GB,0,GB,M
2024,SE,FT,Data Scientist,190600,USD,190600,US,100,US,M
2024,SE,FT,Data Scientist,94400,USD,94400,US,100,US,M
2024,SE,FT,Machine Learning Engineer,258100,USD,258100,US,0,US,M
2024,SE,FT,Machine Learning Engineer,151900,USD,151900,US,0,US,M
2024,MI,FT,Research Engineer,720000,USD,720000,US,0,US,M
2024,MI,FT,Research Engineer,100000,USD,100000,US,0,US,M
2024,SE,FT,Data Engineer,140000,GBP,175000,GB,0,GB,M
2024,SE,FT,Data Engineer,100000,GBP,125000,GB,0,GB,M
2024,SE,FT,Data Analyst,171000,USD,171000,US,0,US,M
2024,SE,FT,Data Analyst,93000,USD,93000,US,0,US,M
2024,SE,FT,Data Scientist,104000,USD,104000,US,0,US,M
2024,SE,FT,Data Scientist,80000,USD,80000,US,0,US,M
2024,MI,FT,Data Analyst,158000,USD,158000,US,0,US,M
2024,MI,FT,Data Analyst,106000,USD,106000,US,0,US,M
2024,MI,FT,Research Scientist,720000,USD,720000,US,0,US,M
2024,MI,FT,Research Scientist,100000,USD,100000,US,0,US,M
2024,SE,FT,Data Analyst,140130,USD,140130,US,0,US,M
2024,SE,FT,Data Analyst,84870,USD,84870,US,0,US,M
2024,MI,FT,Research Engineer,720000,USD,720000,US,0,US,M
2024,MI,FT,Research Engineer,100000,USD,100000,US,0,US,M
2024,SE,FT,Research Scientist,278700,USD,278700,US,0,US,M
2024,SE,FT,Research Scientist,159300,USD,159300,US,0,US,M
2024,SE,FT,Data Scientist,220000,USD,220000,US,100,US,M
2024,SE,FT,Data Scientist,170000,USD,170000,US,100,US,M
2024,MI,FT,Business Intelligence Developer,117750,USD,117750,US,0,US,M
2024,MI,FT,Business Intelligence Developer,70650,USD,70650,US,0,US,M
2024,SE,FT,Data Engineer,233200,USD,233200,US,0,US,M
2024,SE,FT,Data Engineer,144200,USD,144200,US,0,US,M
2024,SE,FT,Machine Learning Engineer,247500,USD,247500,US,0,US,M
2024,SE,FT,Machine Learning Engineer,172200,USD,172200,US,0,US,M
2024,MI,FT,Data Engineer,138000,USD,138000,US,0,US,M
2024,MI,FT,Data Engineer,86000,USD,86000,US,0,US,M
2024,EN,FT,Data Analyst,179000,USD,179000,US,0,US,M
2024,EN,FT,Data Analyst,112000,USD,112000,US,0,US,M
2024,MI,FT,Business Intelligence Developer,92000,USD,92000,US,0,US,M
2024,MI,FT,Business Intelligence Developer,80000,USD,80000,US,0,US,M
2024,SE,FT,BI Developer,90000,USD,90000,US,100,US,M
2024,SE,FT,BI Developer,70000,USD,70000,US,100,US,M
2024,SE,FT,Business Intelligence Analyst,127000,USD,127000,US,0,US,M
2024,SE,FT,Business Intelligence Analyst,72600,USD,72600,US,0,US,M
2024,EN,FT,Data Developer,70000,USD,70000,US,100,US,M
2024,EN,FT,Data Developer,50000,USD,50000,US,100,US,M
2024,EN,FT,Data Analyst,83000,USD,83000,US,0,US,M
2024,EN,FT,Data Analyst,71000,USD,71000,US,0,US,M
2024,SE,FT,AI Architect,198650,USD,198650,US,0,US,M
2024,SE,FT,AI Architect,137000,USD,137000,US,0,US,M
2024,SE,FT,Data Architect,160000,USD,160000,US,0,US,M
2024,SE,FT,Data Architect,100000,USD,100000,US,0,US,M
2024,EN,FT,Data Analyst,92700,USD,92700,US,100,US,M
2024,EN,FT,Data Analyst,64900,USD,64900,US,100,US,M
2024,MI,FT,Data Scientist,166000,USD,166000,US,0,US,M
2024,MI,FT,Data Scientist,73000,USD,73000,US,0,US,M
2024,MI,FT,Data Analyst,81713,USD,81713,US,100,US,M
2024,MI,FT,Data Analyst,48067,USD,48067,US,100,US,M
2024,MI,FT,Machine Learning Engineer,179000,USD,179000,US,0,US,M
2024,MI,FT,Machine Learning Engineer,112000,USD,112000,US,0,US,M
2024,SE,FT,Data Scientist,111800,USD,111800,US,0,US,M
2024,SE,FT,Data Scientist,68195,USD,68195,US,0,US,M
2024,SE,FT,Business Intelligence Analyst,132000,USD,132000,US,0,US,M
2024,SE,FT,Business Intelligence Analyst,82500,USD,82500,US,0,US,M
2024,MI,FT,Research Engineer,140000,USD,140000,US,0,US,M
2024,MI,FT,Research Engineer,100000,USD,100000,US,0,US,M
2024,MI,FT,Data Analyst,85000,USD,85000,US,100,US,M
2024,MI,FT,Data Analyst,61800,USD,61800,US,100,US,M
2024,MI,FT,Data Analyst,129118,USD,129118,US,0,US,M
2024,MI,FT,Data Analyst,86078,USD,86078,US,0,US,M
2024,SE,FT,Data Analyst,140000,USD,140000,CA,0,CA,M
2024,SE,FT,Data Analyst,107000,USD,107000,CA,0,CA,M
2024,MI,FT,Data Scientist,97000,USD,97000,US,0,US,M
2024,MI,FT,Data Scientist,62000,USD,62000,US,0,US,M
2024,MI,FT,Data Scientist,237000,USD,237000,US,100,US,M
2024,MI,FT,Data Scientist,201450,USD,201450,US,100,US,M
2024,EX,FT,Data Engineer,219650,USD,219650,US,100,US,M
2024,EX,FT,Data Engineer,136000,USD,136000,US,100,US,M
2024,EN,FT,Data Analyst,92700,USD,92700,US,100,US,M
2024,EN,FT,Data Analyst,64900,USD,64900,US,100,US,M
2024,MI,FT,Business Intelligence Developer,87800,USD,87800,US,0,US,M
2024,MI,FT,Business Intelligence Developer,76300,USD,76300,US,0,US,M
2024,SE,FT,Research Engineer,97000,USD,97000,US,0,US,M
2024,SE,FT,Research Engineer,62000,USD,62000,US,0,US,M
2024,SE,FT,Machine Learning Engineer,253000,USD,253000,US,0,US,M
2024,SE,FT,Machine Learning Engineer,187000,USD,187000,US,0,US,M
2024,SE,FT,Machine Learning Engineer,250000,USD,250000,US,0,US,M
2024,SE,FT,Machine Learning Engineer,150000,USD,150000,US,0,US,M
2024,MI,FT,Data Engineer,184000,USD,184000,US,0,US,M
2024,MI,FT,Data Engineer,123000,USD,123000,US,0,US,M
2024,SE,FT,Data Scientist,245000,USD,245000,US,0,US,M
2024,SE,FT,Data Scientist,180000,USD,180000,US,0,US,M
2024,SE,FT,Data Engineer,184000,USD,184000,US,0,US,M
2024,SE,FT,Data Engineer,123000,USD,123000,US,0,US,M
2024,SE,FT,AI Architect,317000,USD,317000,US,0,US,M
2024,SE,FT,AI Architect,266000,USD,266000,US,0,US,M
2024,SE,FT,Machine Learning Engineer,229000,USD,229000,US,0,US,M
2024,SE,FT,Machine Learning Engineer,221000,USD,221000,US,0,US,M
2024,MI,FT,Data Engineer,184000,USD,184000,US,0,US,M
2024,MI,FT,Data Engineer,123000,USD,123000,US,0,US,M
2024,MI,FT,BI Developer,120000,USD,120000,US,0,US,M
2024,MI,FT,BI Developer,62100,USD,62100,US,0,US,M
2024,SE,FT,Data Engineer,210000,USD,210000,US,100,US,M
2024,SE,FT,Data Engineer,162000,USD,162000,US,100,US,M
2024,SE,FT,Machine Learning Engineer,198000,USD,198000,US,0,US,M
2024,SE,FT,Machine Learning Engineer,162000,USD,162000,US,0,US,M
2024,SE,FT,Machine Learning Engineer,300000,USD,300000,US,0,US,M
2024,SE,FT,Machine Learning Engineer,180000,USD,180000,US,0,US,M
2024,MI,FT,Data Scientist,68088,USD,68088,US,0,US,M
2024,MI,FT,Data Scientist,54552,USD,54552,US,0,US,M
2024,SE,FT,Data Scientist,324000,USD,324000,US,0,US,M
2024,SE,FT,Data Scientist,159000,USD,159000,US,0,US,M
2024,MI,FT,Data Analytics Manager,99000,USD,99000,US,0,US,M
2024,MI,FT,Data Analytics Manager,70000,USD,70000,US,0,US,M
2024,SE,FT,Machine Learning Engineer,220000,USD,220000,US,0,US,M
2024,SE,FT,Machine Learning Engineer,146000,USD,146000,US,0,US,M
2024,MI,FT,Data Scientist,105000,USD,105000,US,0,US,M
2024,MI,FT,Data Scientist,70000,USD,70000,US,0,US,M
2024,MI,FT,Data Engineer,110000,USD,110000,US,100,US,M
2024,MI,FT,Data Engineer,90000,USD,90000,US,100,US,M
2024,MI,FT,Data Scientist,60000,USD,60000,US,0,US,M
2024,MI,FT,Data Scientist,55000,USD,55000,US,0,US,M
2024,EN,FT,Data Analyst,116013,USD,116013,US,0,US,M
2024,EN,FT,Data Analyst,92810,USD,92810,US,0,US,M
2024,SE,FT,Research Analyst,200000,USD,200000,US,0,US,M
2024,SE,FT,Research Analyst,150000,USD,150000,US,0,US,M
2024,SE,FT,Data Engineer,221000,USD,221000,US,0,US,M
2024,SE,FT,Data Engineer,138000,USD,138000,US,0,US,M
2024,MI,FT,Data Engineer,146100,USD,146100,US,0,US,M
2024,MI,FT,Data Engineer,86500,USD,86500,US,0,US,M
2024,SE,FT,Data Scientist,159300,USD,159300,US,0,US,M
2024,SE,FT,Data Scientist,96600,USD,96600,US,0,US,M
2024,SE,FT,Data Engineer,209300,USD,209300,US,0,US,M
2024,SE,FT,Data Engineer,118300,USD,118300,US,0,US,M
2024,SE,FT,Data Scientist,170000,USD,170000,US,100,US,M
2024,SE,FT,Data Scientist,130000,USD,130000,US,100,US,M
2024,SE,FT,Data Engineer,140000,USD,140000,US,100,US,M
2024,SE,FT,Data Engineer,97200,USD,97200,US,100,US,M
2024,MI,FT,Data Scientist,179000,USD,179000,US,0,US,M
2024,MI,FT,Data Scientist,112000,USD,112000,US,0,US,M
2024,SE,FT,Data Analyst,140000,USD,140000,US,100,US,M
2024,SE,FT,Data Analyst,120000,USD,120000,US,100,US,M
2024,MI,FT,Data Engineer,308000,USD,308000,US,0,US,M
2024,MI,FT,Data Engineer,193000,USD,193000,US,0,US,M
2024,SE,FT,Data Engineer,240000,USD,240000,US,0,US,M
2024,SE,FT,Data Engineer,180000,USD,180000,US,0,US,M
2024,SE,FT,Data Analyst,126480,USD,126480,US,0,US,M
2024,SE,FT,Data Analyst,82620,USD,82620,US,0,US,M
2024,SE,FT,Machine Learning Engineer,324000,USD,324000,US,0,US,M
2024,SE,FT,Machine Learning Engineer,159000,USD,159000,US,0,US,M
2024,MI,FT,Data Scientist,140025,USD,140025,US,100,US,M
2024,MI,FT,Data Scientist,102300,USD,102300,US,100,US,M
2024,SE,FT,Data Engineer,180000,USD,180000,US,0,US,M
2024,SE,FT,Data Engineer,150000,USD,150000,US,0,US,M
2024,MI,FT,Data Scientist,224000,USD,224000,CA,0,CA,M
2024,MI,FT,Data Scientist,146000,USD,146000,CA,0,CA,M
2024,SE,FT,AI Engineer,120000,GBP,150000,GB,100,GB,M
2024,SE,FT,AI Engineer,90000,GBP,112500,GB,100,GB,M
2024,MI,FT,Research Scientist,81500,USD,81500,US,100,US,M
2024,MI,FT,Research Scientist,75000,USD,75000,US,100,US,M
2024,SE,FT,Data Scientist,106875,USD,106875,US,0,US,M
2024,SE,FT,Data Scientist,71250,USD,71250,US,0,US,M
2024,MI,FT,Data Scientist,245000,USD,245000,US,100,US,M
2024,MI,FT,Data Scientist,135000,USD,135000,US,100,US,M
2024,SE,FT,Business Intelligence Developer,144138,USD,144138,US,0,US,M
2024,SE,FT,Business Intelligence Developer,104828,USD,104828,US,0,US,M
2024,SE,FT,Data Scientist,161000,USD,161000,US,0,US,M
2024,SE,FT,Data Scientist,133200,USD,133200,US,0,US,M
2024,MI,FT,Data Scientist,161875,USD,161875,US,0,US,M
2024,MI,FT,Data Scientist,97125,USD,97125,US,0,US,M
2024,SE,FT,Machine Learning Engineer,196350,USD,196350,US,100,US,M
2024,SE,FT,Machine Learning Engineer,127500,USD,127500,US,100,US,M
2024,MI,FT,Data Scientist,135450,USD,135450,US,100,US,M
2024,MI,FT,Data Scientist,72870,USD,72870,US,100,US,M
2024,SE,FT,Data Scientist,237200,USD,237200,US,0,US,M
2024,SE,FT,Data Scientist,172500,USD,172500,US,0,US,M
2024,SE,FT,Data Scientist,184800,USD,184800,US,0,US,M
2024,SE,FT,Data Scientist,161900,USD,161900,US,0,US,M
2024,SE,FT,Data Scientist,146800,USD,146800,US,0,US,M
2024,SE,FT,Data Scientist,117400,USD,117400,US,0,US,M
2024,EN,FT,Data Analyst,90000,USD,90000,US,0,US,M
2024,EN,FT,Data Analyst,60000,USD,60000,US,0,US,M
2024,SE,FT,Data Product Manager,227200,USD,227200,US,0,US,M
2024,SE,FT,Data Product Manager,199100,USD,199100,US,0,US,M
2024,MI,FT,Data Scientist,310000,USD,310000,US,0,US,M
2024,MI,FT,Data Scientist,245000,USD,245000,US,0,US,M
2024,SE,FT,Data Engineer,140000,USD,140000,US,0,US,M
2024,SE,FT,Data Engineer,125000,USD,125000,US,0,US,M
2024,MI,FT,Machine Learning Engineer,223000,USD,223000,US,0,US,M
2024,MI,FT,Machine Learning Engineer,171600,USD,171600,US,0,US,M
2024,SE,FT,Data Analyst,192500,USD,192500,US,100,US,M
2024,SE,FT,Data Analyst,122500,USD,122500,US,100,US,M
2024,SE,FT,Data Analyst,162900,USD,162900,US,100,US,M
2024,SE,FT,Data Analyst,117725,USD,117725,US,100,US,M
2024,EN,FT,Data Analyst,140000,USD,140000,US,0,US,M
2024,EN,FT,Data Analyst,100000,USD,100000,US,0,US,M
2024,MI,FT,Data Engineer,170000,USD,170000,US,100,US,M
2024,MI,FT,Data Engineer,105000,USD,105000,US,100,US,M
2024,SE,FT,Data Scientist,180000,USD,180000,US,0,US,M
2024,SE,FT,Data Scientist,139000,USD,139000,US,0,US,M
2024,SE,FT,Analytics Engineer,234200,USD,234200,US,0,US,M
2024,SE,FT,Analytics Engineer,124000,USD,124000,US,0,US,M
2024,MI,FT,Data Scientist,153700,USD,153700,US,100,US,M
2024,MI,FT,Data Scientist,87300,USD,87300,US,100,US,M
2024,SE,FT,Data Engineer,282000,USD,282000,US,0,US,M
2024,SE,FT,Data Engineer,208000,USD,208000,US,0,US,M
2024,SE,FT,Data Scientist,70000,EUR,77777,PT,0,PT,M
2024,SE,FT,Data Scientist,60000,EUR,66666,PT,0,PT,M
2024,MI,FT,Data Engineer,162000,USD,162000,US,100,US,M
2024,MI,FT,Data Engineer,129000,USD,129000,US,100,US,M
2024,SE,FT,Research Scientist,138000,USD,138000,US,0,US,M
2024,SE,FT,Research Scientist,86000,USD,86000,US,0,US,M
2024,MI,FT,Machine Learning Engineer,90000,EUR,100000,IE,100,IE,M
2024,MI,FT,Machine Learning Engineer,85000,EUR,94444,IE,100,IE,M
2024,EN,FT,Research Analyst,110000,USD,110000,US,0,US,M
2024,EN,FT,Research Analyst,90000,USD,90000,US,0,US,M
2024,SE,FT,Data Engineer,255800,USD,255800,US,0,US,M
2024,SE,FT,Data Engineer,176000,USD,176000,US,0,US,M
2024,EN,FT,Research Analyst,120000,USD,120000,US,100,US,M
2024,EN,FT,Research Analyst,105000,USD,105000,US,100,US,M
2024,SE,FT,Analytics Engineer,104755,GBP,130943,GB,0,GB,M
2024,SE,FT,Analytics Engineer,83376,GBP,104220,GB,0,GB,M
2024,EN,FT,Data Analyst,40000,GBP,50000,GB,100,GB,M
2024,EN,FT,Data Analyst,35000,GBP,43750,GB,100,GB,M
2024,MI,FT,Data Engineer,210000,USD,210000,US,0,US,M
2024,MI,FT,Data Engineer,140000,USD,140000,US,0,US,M
2024,MI,FT,Data Engineer,37000,GBP,46250,GB,100,GB,M
2024,MI,FT,Data Engineer,24000,GBP,30000,GB,100,GB,M
2024,SE,FT,Data Engineer,165000,USD,165000,US,100,US,M
2024,SE,FT,Data Engineer,150000,USD,150000,US,100,US,M
2024,SE,FT,Data Architect,160000,USD,160000,US,0,US,M
2024,SE,FT,Data Architect,130000,USD,130000,US,0,US,M
2024,EN,FT,Data Analyst,156000,USD,156000,US,0,US,M
2024,EN,FT,Data Analyst,124000,USD,124000,US,0,US,M
2024,SE,FT,Analytics Engineer,189000,USD,189000,US,100,US,M
2024,SE,FT,Analytics Engineer,140000,USD,140000,US,100,US,M
2024,SE,FT,Data Analyst,158494,USD,158494,US,100,US,M
2024,SE,FT,Data Analyst,88052,USD,88052,US,100,US,M
2024,SE,FT,Data Engineer,175000,USD,175000,US,0,US,M
2024,SE,FT,Data Engineer,140000,USD,140000,US,0,US,M
2024,MI,FT,Data Specialist,111000,USD,111000,US,0,US,M
2024,MI,FT,Data Specialist,79200,USD,79200,US,0,US,M
2024,SE,FT,Data Analyst,220000,USD,220000,US,100,US,M
2024,SE,FT,Data Analyst,170000,USD,170000,US,100,US,M
2024,SE,FT,Data Scientist,195500,USD,195500,US,100,US,M
2024,SE,FT,Data Scientist,141300,USD,141300,US,100,US,M
2024,SE,FT,Data Engineer,139810,USD,139810,US,0,US,M
2024,SE,FT,Data Engineer,95325,USD,95325,US,0,US,M
2023,SE,FT,Data Modeler,258700,USD,258700,US,0,US,M
2023,SE,FT,Data Modeler,146600,USD,146600,US,0,US,M
2023,MI,FT,Data Scientist,190000,USD,190000,US,100,US,M
2023,MI,FT,Data Scientist,160000,USD,160000,US,100,US,M
2023,EN,FT,Research Analyst,90000,USD,90000,US,100,US,M
2023,EN,FT,Research Analyst,65000,USD,65000,US,100,US,M
2023,MI,FT,Data Engineer,160000,USD,160000,US,100,US,M
2023,MI,FT,Data Engineer,130000,USD,130000,US,100,US,M
2023,MI,FT,Data Analyst,85000,USD,85000,US,0,US,M
2023,MI,FT,Data Analyst,65000,USD,65000,US,0,US,M
2023,SE,FT,ETL Developer,143800,USD,143800,US,0,US,M
2023,SE,FT,ETL Developer,95800,USD,95800,US,0,US,M
2023,MI,FT,Machine Learning Engineer,166000,USD,166000,US,0,US,M
2023,MI,FT,Machine Learning Engineer,73100,USD,73100,US,0,US,M
2023,MI,FT,Data Engineer,114000,USD,114000,US,0,US,M
2023,MI,FT,Data Engineer,72000,USD,72000,US,0,US,M
2023,MI,FT,Data Analyst,102500,USD,102500,US,0,US,M
2023,MI,FT,Data Analyst,65000,USD,65000,US,0,US,M
2023,SE,FT,Machine Learning Engineer,258700,USD,258700,US,0,US,M
2023,SE,FT,Machine Learning Engineer,160000,USD,160000,US,0,US,M
2023,SE,FT,Data Scientist,203649,USD,203649,US,100,US,M
2023,SE,FT,Data Scientist,183284,USD,183284,US,100,US,M
2023,MI,FT,Data Scientist,56000,EUR,60462,DE,100,DE,L
2023,EN,FT,Data Analyst,27000,GBP,33220,GB,0,GB,M
2023,EN,FT,Data Analyst,27000,GBP,33220,GB,0,GB,M
2023,MI,FT,Data Specialist,81800,USD,81800,US,0,US,M
2023,MI,FT,Data Specialist,70800,USD,70800,US,0,US,M
2023,SE,FT,Data Analyst,130000,USD,130000,US,0,US,M
2023,SE,FT,Data Analyst,80850,USD,80850,US,0,US,M
2023,SE,FT,Machine Learning Engineer,215000,USD,215000,US,0,US,M
2023,SE,FT,Machine Learning Engineer,146900,USD,146900,US,0,US,M
2023,SE,FT,Data Strategist,242000,USD,242000,US,0,US,M
2023,SE,FT,Data Strategist,106200,USD,106200,US,0,US,M
2023,MI,FT,Machine Learning Engineer,165000,USD,165000,US,0,US,M
2023,MI,FT,Machine Learning Engineer,135000,USD,135000,US,0,US,M
2023,EN,FT,Data Analyst,75065,USD,75065,US,100,US,M
2023,EN,FT,Data Analyst,41419,USD,41419,US,100,US,M
2023,SE,FT,Data Engineer,145000,USD,145000,US,100,US,M
2023,SE,FT,Data Engineer,120000,USD,120000,US,100,US,M
2023,SE,FT,Prompt Engineer,184000,USD,184000,US,0,US,M
2023,SE,FT,Prompt Engineer,112000,USD,112000,US,0,US,M
2023,SE,FT,Machine Learning Engineer,275000,USD,275000,US,0,US,M
2023,SE,FT,Machine Learning Engineer,170000,USD,170000,US,0,US,M
2023,EN,FT,Data Scientist,100000,USD,100000,US,0,US,M
2023,EN,FT,Data Scientist,70000,USD,70000,US,0,US,M
2023,MI,FT,Business Intelligence Developer,45000,GBP,55368,GB,0,GB,M
2023,MI,FT,Business Intelligence Developer,25000,GBP,30760,GB,0,GB,M
2023,MI,FT,Data Scientist,135700,USD,135700,US,0,US,M
2023,MI,FT,Data Scientist,108560,USD,108560,US,0,US,M
2023,SE,FT,Research Engineer,300000,USD,300000,US,0,US,M
2023,SE,FT,Research Engineer,180000,USD,180000,US,0,US,M
2023,SE,FT,Business Intelligence Analyst,189000,USD,189000,US,100,US,M
2023,SE,FT,Business Intelligence Analyst,118100,USD,118100,US,100,US,M
2023,SE,FT,Data Scientist,148300,USD,148300,US,0,US,M
2023,SE,FT,Data Scientist,84700,USD,84700,US,0,US,M
2023,EN,FT,Research Engineer,32982,GBP,40581,ZA,0,ZA,M
2023,EN,FT,Research Engineer,31396,GBP,38629,ZA,0,ZA,M
2023,SE,FT,Machine Learning Engineer,275000,USD,275000,DE,0,DE,M
2023,SE,FT,Machine Learning Engineer,121200,USD,121200,DE,0,DE,M
2023,MI,FT,Analytics Engineer,149925,USD,149925,US,0,US,M
2023,MI,FT,Analytics Engineer,91260,USD,91260,US,0,US,M
2023,SE,FT,BI Developer,70000,GBP,86128,GB,0,GB,M
2023,SE,FT,BI Developer,60600,GBP,74562,GB,0,GB,M
2023,SE,FT,Data Scientist,277000,USD,277000,US,0,US,M
2023,SE,FT,Data Scientist,173000,USD,173000,US,0,US,M
2023,SE,FT,Data Scientist,242000,USD,242000,AU,0,AU,M
2023,SE,FT,Data Scientist,106200,USD,106200,AU,0,AU,M
2023,MI,FT,Data Quality Manager,56000,GBP,68902,GB,0,GB,M
2023,MI,FT,Data Quality Manager,40000,GBP,49216,GB,0,GB,M
2023,SE,FT,Applied Scientist,250900,USD,250900,US,0,US,M
2023,SE,FT,Applied Scientist,135200,USD,135200,US,0,US,M
2023,SE,FT,Data Scientist,187415,USD,187415,US,0,US,M
2023,SE,FT,Data Scientist,114080,USD,114080,US,0,US,M
2023,MI,FT,Data Scientist,220000,USD,220000,US,0,US,M
2023,MI,FT,Data Scientist,137500,USD,137500,US,0,US,M
2023,MI,FT,Data Analyst,119000,USD,119000,US,0,US,M
2023,MI,FT,Data Analyst,52100,USD,52100,US,0,US,M
2023,SE,FT,Business Intelligence Developer,120000,USD,120000,US,100,US,M
2023,SE,FT,Business Intelligence Developer,102000,USD,102000,US,100,US,M
2023,EN,FT,Data Analyst,64000,USD,64000,US,0,US,M
2023,EN,FT,Data Analyst,60000,USD,60000,US,0,US,M
2023,MI,FT,Data Engineer,179000,USD,179000,US,0,US,M
2023,MI,FT,Data Engineer,112000,USD,112000,US,0,US,M
2023,EN,FT,Data Analyst,65000,USD,65000,US,0,US,M
2023,EN,FT,Data Analyst,54000,USD,54000,US,0,US,M
2023,MI,FT,Business Intelligence Analyst,119000,USD,119000,US,0,US,M
2023,MI,FT,Business Intelligence Analyst,52100,USD,52100,US,0,US,M
2023,MI,FT,Data Engineer,152000,USD,152000,CA,100,CA,M
2023,MI,FT,Data Engineer,99000,USD,99000,CA,100,CA,M
2023,EX,FT,Head of Data,90000,GBP,110736,GB,100,GB,M
2023,EX,FT,Head of Data,75000,GBP,92280,GB,100,GB,M
2023,SE,FT,Machine Learning Engineer,250000,USD,250000,US,0,US,M
2023,SE,FT,Machine Learning Engineer,140000,USD,140000,US,0,US,M
2023,EN,FT,Data Scientist,113800,USD,113800,US,0,US,M
2023,EN,FT,Data Scientist,63200,USD,63200,US,0,US,M
2023,SE,FT,Data Scientist,210000,USD,210000,US,0,US,M
2023,SE,FT,Data Scientist,160000,USD,160000,US,0,US,M
2023,MI,FT,Data Engineer,170000,USD,170000,US,0,US,M
2023,MI,FT,Data Engineer,130000,USD,130000,US,0,US,M
2023,SE,FT,Research Scientist,247600,USD,247600,US,0,US,L
2023,SE,FT,Research Scientist,127300,USD,127300,US,0,US,L
2023,MI,FT,Data Analyst,85000,USD,85000,US,0,US,M
2023,MI,FT,Data Analyst,65000,USD,65000,US,0,US,M
2023,MI,FT,Machine Learning Engineer,125000,USD,125000,US,0,US,M
2023,MI,FT,Machine Learning Engineer,100000,USD,100000,US,0,US,M
2023,SE,FT,Data Scientist,160000,USD,160000,US,0,US,M
2023,SE,FT,Data Scientist,140000,USD,140000,US,0,US,M
2023,SE,FT,Data Engineer,247300,USD,247300,US,0,US,M
2023,SE,FT,Data Engineer,139700,USD,139700,US,0,US,M
2023,SE,FT,Data Analyst,192000,USD,192000,US,100,US,M
2023,SE,FT,Data Analyst,138240,USD,138240,US,100,US,M
2023,SE,FT,Data Scientist,170000,USD,170000,US,0,US,M
2023,SE,FT,Data Scientist,130000,USD,130000,US,0,US,M
2023,SE,FT,Data Architect,100000,USD,100000,US,100,US,M
2023,SE,FT,Data Architect,90000,USD,90000,US,100,US,M
2023,SE,FT,Data Analyst,170000,USD,170000,US,100,US,M
2023,SE,FT,Data Analyst,130000,USD,130000,US,100,US,M
2023,MI,FT,Data Engineer,186000,USD,186000,US,0,US,M
2023,MI,FT,Data Engineer,81800,USD,81800,US,0,US,M
2023,SE,FT,Data Engineer,180514,USD,180514,GB,100,GB,M
2023,SE,FT,Data Engineer,108308,USD,108308,GB,100,GB,M
2023,SE,FT,Data Engineer,166000,USD,166000,US,0,US,M
2023,SE,FT,Data Engineer,73100,USD,73100,US,0,US,M
2023,MI,FT,Data Analyst,115950,USD,115950,US,0,US,M
2023,MI,FT,Data Analyst,69570,USD,69570,US,0,US,M
2023,SE,FT,Data Scientist,142300,USD,142300,US,0,US,M
2023,SE,FT,Data Scientist,71200,USD,71200,US,0,US,M
2023,MI,FT,Data Scientist,179000,USD,179000,US,0,US,M
2023,MI,FT,Data Scientist,106500,USD,106500,US,0,US,M
2023,SE,FT,Data Analyst,119200,USD,119200,US,100,US,M
2023,SE,FT,Data Analyst,86600,USD,86600,US,100,US,M
2023,SE,FT,Data Engineer,140544,USD,140544,US,100,US,M
2023,SE,FT,Data Engineer,82673,USD,82673,US,100,US,M
2023,SE,FT,Business Intelligence Engineer,108350,USD,108350,US,0,US,M
2023,SE,FT,Business Intelligence Engineer,78800,USD,78800,US,0,US,M
2023,SE,FT,Data Engineer,162540,USD,162540,US,0,US,M
2023,SE,FT,Data Engineer,87570,USD,87570,US,0,US,M
2023,SE,FT,Data Architect,213600,USD,213600,US,0,US,M
2023,SE,FT,Data Architect,103200,USD,103200,US,0,US,M
2023,MI,FT,Data Engineer,140000,USD,140000,US,0,US,M
2023,MI,FT,Data Engineer,90000,USD,90000,US,0,US,M
2023,MI,FT,Data Scientist,212000,USD,212000,US,0,US,M
2023,MI,FT,Data Scientist,93300,USD,93300,US,0,US,M
2023,MI,FT,Applied Scientist,222200,USD,222200,US,0,US,L
2023,MI,FT,Applied Scientist,136000,USD,136000,US,0,US,L
2023,MI,FT,Data Scientist,157000,USD,157000,US,100,US,M
2023,MI,FT,Data Scientist,144000,USD,144000,US,100,US,M
2023,SE,FT,Data Engineer,210000,USD,210000,CA,100,CA,M
2023,SE,FT,Data Engineer,160000,USD,160000,CA,100,CA,M
2023,SE,FT,Data Scientist,179000,USD,179000,US,0,US,M
2023,SE,FT,Data Scientist,112000,USD,112000,US,0,US,M
2023,SE,FT,Analytics Engineer,221300,USD,221300,US,100,US,M
2023,SE,FT,Analytics Engineer,147500,USD,147500,US,100,US,M
2023,SE,FT,Data Engineer,179000,USD,179000,US,0,US,M
2023,SE,FT,Data Engineer,112000,USD,112000,US,0,US,M
2023,SE,FT,Data Scientist,116000,USD,116000,US,0,US,M
2023,SE,FT,Data Scientist,90000,USD,90000,US,0,US,M
2023,MI,FT,Applied Scientist,222200,USD,222200,US,0,US,L
2023,MI,FT,Applied Scientist,136000,USD,136000,US,0,US,L
2023,MI,FT,Data Engineer,130400,USD,130400,US,0,US,M
2023,MI,FT,Data Engineer,74500,USD,74500,US,0,US,M
2023,SE,FT,Machine Learning Engineer,207700,USD,207700,CA,0,CA,M
2023,SE,FT,Machine Learning Engineer,133700,USD,133700,CA,0,CA,M
2023,SE,FT,Data Analyst,120000,USD,120000,US,0,US,M
2023,SE,FT,Data Analyst,100000,USD,100000,US,0,US,M
2023,SE,FT,Machine Learning Engineer,247500,USD,247500,US,0,US,M
2023,SE,FT,Machine Learning Engineer,172200,USD,172200,US,0,US,M
2023,MI,FT,Data Engineer,179000,USD,179000,US,0,US,M
2023,MI,FT,Data Engineer,112000,USD,112000,US,0,US,M
2023,MI,FT,Data Modeler,140000,USD,140000,US,0,US,M
2023,MI,FT,Data Modeler,90000,USD,90000,US,0,US,M
2023,SE,FT,Research Scientist,260000,USD,260000,US,0,US,M
2023,SE,FT,Research Scientist,230000,USD,230000,US,0,US,M
2023,SE,FT,Data Modeler,130000,USD,130000,US,100,US,M
2023,SE,FT,Data Modeler,110000,USD,110000,US,100,US,M
2023,MI,FT,Data Scientist,110000,USD,110000,US,0,US,M
2023,MI,FT,Data Scientist,90000,USD,90000,US,0,US,M
2023,MI,FT,Data Scientist,310000,USD,310000,US,0,US,M
2023,MI,FT,Data Scientist,245000,USD,245000,US,0,US,M
2023,MI,FT,Research Scientist,210000,USD,210000,US,0,US,M
2023,MI,FT,Research Scientist,160000,USD,160000,US,0,US,M
2023,MI,FT,Data Specialist,85000,USD,85000,US,0,US,M
2023,MI,FT,Data Specialist,75000,USD,75000,US,0,US,M
2023,SE,FT,Machine Learning Engineer,280000,USD,280000,US,0,US,M
2023,SE,FT,Machine Learning Engineer,196000,USD,196000,US,0,US,M
2023,MI,FT,Machine Learning Engineer,212000,USD,212000,US,0,US,M
2023,MI,FT,Machine Learning Engineer,93300,USD,93300,US,0,US,M
2023,SE,FT,Data Scientist,230000,USD,230000,US,100,US,M
2023,SE,FT,Data Scientist,115000,USD,115000,US,100,US,M
2023,MI,FT,Data Scientist,75000,USD,75000,US,0,US,M
2023,MI,FT,Data Scientist,70000,USD,70000,US,0,US,M
2023,SE,FT,Machine Learning Scientist,233500,USD,233500,US,0,US,M
2023,SE,FT,Machine Learning Scientist,137500,USD,137500,US,0,US,M
2023,MI,FT,Data Scientist,166000,USD,166000,US,0,US,M
2023,MI,FT,Data Scientist,73100,USD,73100,US,0,US,M
2023,SE,FT,Data Scientist,176875,USD,176875,US,0,US,M
2023,SE,FT,Data Scientist,84750,USD,84750,US,0,US,M
2023,SE,FT,Data Engineer,251250,USD,251250,US,0,US,M
2023,SE,FT,Data Engineer,120750,USD,120750,US,0,US,M
2023,MI,FT,Data Engineer,106050,USD,106050,US,0,US,M
2023,MI,FT,Data Engineer,80420,USD,80420,US,0,US,M
2023,MI,FT,Data Scientist,120000,USD,120000,US,0,US,M
2023,MI,FT,Data Scientist,90000,USD,90000,US,0,US,M
2023,MI,FT,Data Scientist,147400,USD,147400,US,0,US,M
2023,MI,FT,Data Scientist,107682,USD,107682,US,0,US,M
2023,SE,FT,Data Analyst,145000,USD,145000,US,100,US,M
2023,SE,FT,Data Analyst,95000,USD,95000,US,100,US,M
2023,EN,FT,Research Analyst,80000,USD,80000,US,0,US,M
2023,EN,FT,Research Analyst,50000,USD,50000,US,0,US,M
2023,SE,FT,Data Product Manager,175000,USD,175000,US,100,US,M
2023,SE,FT,Data Product Manager,150000,USD,150000,US,100,US,M
2023,EN,FT,Data Scientist,26800,GBP,32974,GB,0,GB,M
2023,EN,FT,Data Scientist,26800,GBP,32974,GB,0,GB,M
2023,SE,FT,Data Architect,178600,USD,178600,US,0,US,M
2023,SE,FT,Data Architect,67200,USD,67200,US,0,US,M
2023,EN,FT,Data Analyst,118750,USD,118750,US,0,US,M
2023,EN,FT,Data Analyst,106875,USD,106875,US,0,US,M
2023,SE,FT,Data Engineer,186000,USD,186000,US,0,US,M
2023,SE,FT,Data Engineer,81800,USD,81800,US,0,US,M
2023,MI,FT,Data Analyst,142000,USD,142000,US,0,US,M
2023,MI,FT,Data Analyst,128000,USD,128000,US,0,US,M
2023,SE,FT,Data Analyst,140130,USD,140130,US,0,US,M
2023,SE,FT,Data Analyst,84870,USD,84870,US,0,US,M
2023,SE,FT,Machine Learning Engineer,262000,USD,262000,US,0,US,M
2023,SE,FT,Machine Learning Engineer,186000,USD,186000,US,0,US,M
2023,SE,FT,Research Scientist,247600,USD,247600,US,0,US,L
2023,SE,FT,Research Scientist,127300,USD,127300,US,0,US,L
2023,MI,FT,Data Analyst,85000,USD,85000,US,0,US,M
2023,MI,FT,Data Analyst,58500,USD,58500,US,0,US,M
2023,EN,FT,Data Analyst,48000,GBP,59059,US,0,US,M
2023,EN,FT,Data Analyst,39000,GBP,47985,US,0,US,M
2023,SE,FT,Data Analyst,93918,USD,93918,US,0,US,M
2023,SE,FT,Data Analyst,51962,USD,51962,US,0,US,M
2023,MI,FT,Business Intelligence Manager,120000,USD,120000,US,0,US,M
2023,MI,FT,Business Intelligence Manager,100000,USD,100000,US,0,US,M
2023,SE,FT,Data Scientist,205670,USD,205670,NZ,0,NZ,M
2023,SE,FT,Data Scientist,124233,USD,124233,NZ,0,NZ,M
2023,SE,FT,Data Engineer,173000,USD,173000,US,0,US,M
2023,SE,FT,Data Engineer,140000,USD,140000,US,0,US,M
2023,SE,FT,Machine Learning Engineer,291500,USD,291500,US,0,US,M
2023,SE,FT,Machine Learning Engineer,180200,USD,180200,US,0,US,M
2023,EN,FT,Data Analyst,23000,GBP,28299,GB,0,GB,M
2023,EN,FT,Data Analyst,23000,GBP,28299,GB,0,GB,M
2023,SE,FT,Data Scientist,185000,USD,185000,CA,0,CA,M
2023,SE,FT,Data Scientist,152000,USD,152000,CA,0,CA,M
2023,SE,FT,Machine Learning Engineer,255800,USD,255800,US,0,US,M
2023,SE,FT,Machine Learning Engineer,170600,USD,170600,US,0,US,M
2023,SE,FT,Data Engineer,146850,USD,146850,US,0,US,M
2023,SE,FT,Data Engineer,106800,USD,106800,US,0,US,M
2023,MI,FT,Data Engineer,200000,USD,200000,US,0,US,M
2023,MI,FT,Data Engineer,117000,USD,117000,US,0,US,M
2023,MI,FT,Data Manager,151700,USD,151700,US,0,US,L
2023,MI,FT,Data Manager,63000,USD,63000,US,0,US,L
2023,EN,FT,Analytics Engineer,43000,USD,43000,HU,0,HU,L
2023,SE,FT,Data Scientist,239900,USD,239900,US,100,US,M
2023,SE,FT,Data Scientist,159900,USD,159900,US,100,US,M
2023,EN,FT,Data Analyst,162240,USD,162240,US,0,US,M
2023,EN,FT,Data Analyst,47840,USD,47840,US,0,US,M
2023,SE,FT,Data Engineer,130410,USD,130410,US,0,US,M
2023,SE,FT,Data Engineer,92000,USD,92000,US,0,US,M
2023,SE,FT,Data Scientist,270250,USD,270250,US,0,US,M
2023,SE,FT,Data Scientist,144000,USD,144000,US,0,US,M
2023,SE,FT,Business Intelligence Analyst,176875,USD,176875,US,0,US,M
2023,SE,FT,Business Intelligence Analyst,84750,USD,84750,US,0,US,M
2023,MI,FT,Data Analyst,92000,USD,92000,US,0,US,M
2023,MI,FT,Data Analyst,69000,USD,69000,US,0,US,M
2023,SE,FT,Research Engineer,184800,USD,184800,US,0,US,M
2023,SE,FT,Research Engineer,107100,USD,107100,US,0,US,M
2023,SE,FT,Data Engineer,130410,USD,130410,US,0,US,M
2023,SE,FT,Data Engineer,92000,USD,92000,US,0,US,M
2023,SE,FT,Data Engineer,333500,USD,333500,US,0,US,M
2023,SE,FT,Data Engineer,176000,USD,176000,US,0,US,M
2023,SE,FT,Applied Scientist,257400,USD,257400,US,0,US,M
2023,SE,FT,Applied Scientist,138600,USD,138600,US,0,US,M
2023,MI,FT,Data Analytics Manager,242100,USD,242100,US,0,US,M
2023,MI,FT,Data Analytics Manager,116200,USD,116200,US,0,US,M
2023,SE,FT,Research Analyst,230000,USD,230000,US,0,US,M
2023,SE,FT,Research Analyst,210000,USD,210000,US,0,US,M
2023,SE,FT,Data Engineer,114300,USD,114300,US,0,US,M
2023,SE,FT,Data Engineer,89600,USD,89600,US,0,US,M
2023,EN,FT,Business Intelligence Analyst,85000,USD,85000,US,0,US,M
2023,EN,FT,Business Intelligence Analyst,65000,USD,65000,US,0,US,M
2023,SE,FT,Machine Learning Engineer,266875,USD,266875,US,0,US,M
2023,SE,FT,Machine Learning Engineer,128250,USD,128250,US,0,US,M
2023,MI,FT,Data Scientist,280000,USD,280000,US,0,US,M
2023,MI,FT,Data Scientist,200000,USD,200000,US,0,US,M
2023,MI,FT,Data Engineer,180000,USD,180000,US,0,US,M
2023,MI,FT,Data Engineer,130000,USD,130000,US,0,US,M
2023,SE,FT,Data Engineer,178492,USD,178492,US,100,US,M
2023,SE,FT,Data Engineer,89246,USD,89246,US,100,US,M
2023,SE,FT,Data Engineer,245000,USD,245000,US,100,US,M
2023,SE,FT,Data Engineer,150000,USD,150000,US,100,US,M
2023,SE,FT,Analytics Engineer,155000,USD,155000,US,0,US,M
2023,SE,FT,Analytics Engineer,145000,USD,145000,US,0,US,M
2023,SE,FT,Machine Learning Engineer,165000,USD,165000,US,100,US,M
2023,SE,FT,Machine Learning Engineer,130000,USD,130000,US,100,US,M
2023,SE,FT,Research Scientist,247600,USD,247600,US,0,US,L
2023,SE,FT,Research Scientist,127300,USD,127300,US,0,US,L
2023,SE,FT,Data Scientist,280889,USD,280889,US,0,US,M
2023,SE,FT,Data Scientist,187259,USD,187259,US,0,US,M
2023,MI,FT,Business Intelligence Analyst,130000,USD,130000,US,100,US,M
2023,MI,FT,Business Intelligence Analyst,120000,USD,120000,US,100,US,M
2023,MI,FT,Data Engineer,185000,USD,185000,US,100,US,M
2023,MI,FT,Data Engineer,125000,USD,125000,US,100,US,M
2023,SE,FT,Data Engineer,196900,USD,196900,US,100,US,M
2023,SE,FT,Data Engineer,186700,USD,186700,US,100,US,M
2023,EN,FT,Data Analyst,75065,USD,75065,US,100,US,M
2023,EN,FT,Data Analyst,41419,USD,41419,US,100,US,M
2023,SE,FT,Data Scientist,260000,USD,260000,US,0,US,M
2023,SE,FT,Data Scientist,192000,USD,192000,US,0,US,M
2023,MI,FT,Data Engineer,205600,USD,205600,US,0,US,L
2023,MI,FT,Data Engineer,105700,USD,105700,US,0,US,L
2023,MI,FT,Data Analyst,75000,USD,75000,US,0,US,M
2023,MI,FT,Data Analyst,65000,USD,65000,US,0,US,M
2023,SE,FT,Prompt Engineer,230000,USD,230000,US,0,US,M
2023,SE,FT,Prompt Engineer,140000,USD,140000,US,0,US,M
2023,EN,FT,Data Manager,149800,USD,149800,US,0,US,M
2023,EN,FT,Data Manager,85600,USD,85600,US,0,US,M
2023,SE,FT,Data Scientist,218000,USD,218000,US,0,US,M
2023,SE,FT,Data Scientist,152600,USD,152600,US,0,US,M
2023,MI,FT,Business Intelligence Engineer,185000,USD,185000,US,0,US,M
2023,MI,FT,Business Intelligence Engineer,165000,USD,165000,US,0,US,M
2023,SE,FT,Machine Learning Engineer,224880,USD,224880,US,0,US,M
2023,SE,FT,Machine Learning Engineer,121500,USD,121500,US,0,US,M
2023,SE,FT,Data Analyst,129000,USD,129000,US,0,US,M
2023,SE,FT,Data Analyst,46200,USD,46200,US,0,US,M
2023,SE,FT,Data Scientist,272400,USD,272400,US,0,US,M
2023,SE,FT,Data Scientist,155600,USD,155600,US,0,US,M
2023,MI,FT,Machine Learning Scientist,750000,USD,750000,US,0,US,M
2023,MI,FT,Machine Learning Scientist,150000,USD,150000,US,0,US,M
2023,SE,FT,Data Analyst,93918,USD,93918,US,0,US,M
2023,SE,FT,Data Analyst,51962,USD,51962,US,0,US,M
2023,EN,FT,Data Analyst,115000,USD,115000,US,0,US,M
2023,EN,FT,Data Analyst,95000,USD,95000,US,0,US,M
2023,MI,FT,Machine Learning Engineer,750000,USD,750000,US,0,US,M
2023,MI,FT,Machine Learning Engineer,150000,USD,150000,US,0,US,M
2023,SE,FT,Computer Vision Engineer,351000,USD,351000,US,0,US,M
2023,SE,FT,Computer Vision Engineer,171000,USD,171000,US,0,US,M
2023,SE,FT,Data Scientist,272000,USD,272000,US,0,US,M
2023,SE,FT,Data Scientist,170000,USD,170000,US,0,US,M
2023,SE,FT,Data Scientist,176000,USD,176000,US,0,US,M
2023,SE,FT,Data Scientist,158000,USD,158000,US,0,US,M
2023,SE,FT,Data Analyst,135000,USD,135000,US,100,US,M
2023,SE,FT,Data Analyst,125000,USD,125000,US,100,US,M
2023,MI,FT,Data Scientist,110000,USD,110000,US,0,US,M
2023,MI,FT,Data Scientist,80000,USD,80000,US,0,US,M
2023,SE,FT,Machine Learning Engineer,270000,USD,270000,US,100,US,M
2023,SE,FT,Machine Learning Engineer,232200,USD,232200,US,100,US,M
2023,MI,FT,Data Scientist,107000,USD,107000,US,100,US,M
2023,MI,FT,Data Scientist,87300,USD,87300,US,100,US,M
2023,SE,FT,Machine Learning Engineer,230000,USD,230000,US,0,US,M
2023,SE,FT,Machine Learning Engineer,140000,USD,140000,US,0,US,M
2023,MI,FT,Data Analyst,85000,USD,85000,US,100,US,M
2023,MI,FT,Data Analyst,61800,USD,61800,US,100,US,M
2023,SE,FT,Data Engineer,300000,USD,300000,US,100,US,M
2023,SE,FT,Data Engineer,195000,USD,195000,US,100,US,M
2023,SE,FT,Machine Learning Engineer,204500,USD,204500,US,0,US,M
2023,SE,FT,Machine Learning Engineer,142200,USD,142200,US,0,US,M
2023,MI,FT,Data Analyst,107500,USD,107500,US,0,US,M
2023,MI,FT,Data Analyst,96750,USD,96750,US,0,US,M
2023,MI,FT,Business Intelligence Analyst,153800,USD,153800,US,100,US,M
2023,MI,FT,Business Intelligence Analyst,96000,USD,96000,US,100,US,M
2023,SE,FT,Data Scientist,204500,USD,204500,US,0,US,M
2023,SE,FT,Data Scientist,142200,USD,142200,US,0,US,M
2023,SE,FT,Data Engineer,190100,USD,190100,US,100,US,M
2023,SE,FT,Data Engineer,131414,USD,131414,US,100,US,M
2023,SE,FT,Research Scientist,195500,USD,195500,US,100,US,M
2023,SE,FT,Research Scientist,141300,USD,141300,US,100,US,M
2023,SE,FT,Research Scientist,165500,USD,165500,US,100,US,M
2023,SE,FT,Research Scientist,119600,USD,119600,US,100,US,M
2023,SE,FT,Research Scientist,235000,USD,235000,US,100,US,M
2023,SE,FT,Research Scientist,169900,USD,169900,US,100,US,M
2023,MI,FT,Data Scientist,235000,USD,235000,US,100,US,M
2023,MI,FT,Data Scientist,169900,USD,169900,US,100,US,M
2023,SE,FT,Machine Learning Scientist,200000,USD,200000,US,0,US,M
2023,SE,FT,Machine Learning Scientist,135000,USD,135000,US,0,US,M
2023,SE,FT,Data Analyst,210000,USD,210000,US,100,US,M
2023,SE,FT,Data Analyst,151800,USD,151800,US,100,US,M
2023,SE,FT,Data Analyst,210000,USD,210000,US,100,US,M
2023,SE,FT,Data Analyst,151800,USD,151800,US,100,US,M
2023,SE,FT,Analytics Engineer,215500,USD,215500,US,100,US,M
2023,SE,FT,Analytics Engineer,155800,USD,155800,US,100,US,M
2023,SE,FT,Data Scientist,305600,USD,305600,US,0,US,M
2023,SE,FT,Data Scientist,188200,USD,188200,US,0,US,M
2023,SE,FT,Data Engineer,180500,USD,180500,US,0,US,M
2023,SE,FT,Data Engineer,96200,USD,96200,US,0,US,M
2023,SE,FT,Data Engineer,166000,USD,166000,US,0,US,M
2023,SE,FT,Data Engineer,73100,USD,73100,US,0,US,M
2023,EN,FT,Data Analyst,75000,USD,75000,US,0,US,M
2023,EN,FT,Data Analyst,47500,USD,47500,US,0,US,M
2023,SE,FT,Data Scientist,201700,USD,201700,US,0,US,M
2023,SE,FT,Data Scientist,146600,USD,146600,US,0,US,M
2023,MI,FT,Data Engineer,133000,USD,133000,US,0,US,M
2023,MI,FT,Data Engineer,58400,USD,58400,US,0,US,M
2023,SE,FT,AI Product Manager,120000,USD,120000,IN,50,IN,L
2023,SE,FT,Data Manager,144300,USD,144300,US,100,US,M
2023,SE,FT,Data Manager,104800,USD,104800,US,100,US,M
2023,SE,FT,Data Analytics Lead,115920,USD,115920,US,0,US,M
2023,SE,FT,Data Analytics Lead,84000,USD,84000,US,0,US,M
2023,SE,FT,Data Analyst,146850,USD,146850,US,0,US,M
2023,SE,FT,Data Analyst,106800,USD,106800,US,0,US,M
2023,EN,FT,Data Engineer,75000,GBP,92280,GB,0,GB,M
2023,EN,FT,Data Engineer,65000,GBP,79976,GB,0,GB,M
2023,MI,FT,Data Analyst,133000,USD,133000,US,0,US,M
2023,MI,FT,Data Analyst,58300,USD,58300,US,0,US,M
2023,SE,FT,Data Scientist,137300,USD,137300,US,0,US,M
2023,SE,FT,Data Scientist,59200,USD,59200,US,0,US,M
2023,MI,FT,Data Engineer,165000,USD,165000,US,0,US,M
2023,MI,FT,Data Engineer,147500,USD,147500,US,0,US,M
2023,SE,FT,Data Scientist,130410,USD,130410,US,0,US,M
2023,SE,FT,Data Scientist,92000,USD,92000,US,0,US,M
2023,SE,FT,Machine Learning Engineer,156150,USD,156150,US,100,US,M
2023,SE,FT,Machine Learning Engineer,113400,USD,113400,US,100,US,M
2023,SE,FT,Data Scientist,226000,USD,226000,US,100,US,M
2023,SE,FT,Data Scientist,211000,USD,211000,US,100,US,M
2023,SE,FT,Data Scientist,197500,USD,197500,US,0,US,M
2023,SE,FT,Data Scientist,132500,USD,132500,US,0,US,M
2023,MI,FT,Data Analyst,109000,USD,109000,US,0,US,M
2023,MI,FT,Data Analyst,62000,USD,62000,US,0,US,M
2023,SE,FT,Data Engineer,110000,USD,110000,US,0,US,M
2023,SE,FT,Data Engineer,70000,USD,70000,US,0,US,M
2023,SE,FT,Machine Learning Engineer,238000,USD,238000,US,0,US,M
2023,SE,FT,Machine Learning Engineer,176000,USD,176000,US,0,US,M
2023,MI,FT,Data Engineer,179000,USD,179000,US,0,US,M
2023,MI,FT,Data Engineer,112000,USD,112000,US,0,US,M
2023,SE,FT,Machine Learning Engineer,238000,USD,238000,US,0,US,M
2023,SE,FT,Machine Learning Engineer,176000,USD,176000,US,0,US,M
2023,SE,FT,Data Engineer,151250,USD,151250,US,100,US,M
2023,SE,FT,Data Engineer,96800,USD,96800,US,100,US,M
2023,MI,FT,Data Specialist,109000,USD,109000,US,0,US,M
2023,MI,FT,Data Specialist,62000,USD,62000,US,0,US,M
2023,MI,FT,Data Scientist,162000,USD,162000,US,0,US,M
2023,MI,FT,Data Scientist,108000,USD,108000,US,0,US,M
2023,SE,FT,Machine Learning Engineer,238000,USD,238000,US,0,US,M
2023,SE,FT,Machine Learning Engineer,176000,USD,176000,US,0,US,M
2023,MI,FT,Business Intelligence Analyst,189000,USD,189000,US,100,US,M
2023,MI,FT,Business Intelligence Analyst,118100,USD,118100,US,100,US,M
2023,EN,FT,Machine Learning Engineer,126000,USD,126000,US,100,US,M
2023,EN,FT,Machine Learning Engineer,93000,USD,93000,US,100,US,M
2023,SE,FT,Data Scientist,160000,USD,160000,US,100,US,M
2023,SE,FT,Data Scientist,150000,USD,150000,US,100,US,M
2023,EX,FT,Data Scientist,237500,USD,237500,US,0,US,M
2023,EX,FT,Data Scientist,157500,USD,157500,US,0,US,M
2023,SE,FT,Data Scientist,145000,USD,145000,US,0,US,M
2023,SE,FT,Data Scientist,115000,USD,115000,US,0,US,M
2023,SE,FT,Data Scientist,140000,USD,140000,US,0,US,M
2023,SE,FT,Data Scientist,100000,USD,100000,US,0,US,M
2023,SE,FT,Data Analyst,89000,USD,89000,US,0,US,M
2023,SE,FT,Data Analyst,76000,USD,76000,US,0,US,M
2023,SE,FT,Machine Learning Engineer,238000,USD,238000,US,0,US,M
2023,SE,FT,Machine Learning Engineer,176000,USD,176000,US,0,US,M
2023,SE,FT,Data Architect,263100,USD,263100,US,0,US,M
2023,SE,FT,Data Architect,126300,USD,126300,US,0,US,M
2023,SE,FT,Machine Learning Engineer,319000,USD,319000,US,0,US,M
2023,SE,FT,Machine Learning Engineer,221000,USD,221000,US,0,US,M
2023,SE,FT,Data Engineer,200000,USD,200000,US,0,US,M
2023,SE,FT,Data Engineer,150000,USD,150000,US,0,US,M
2023,MI,FT,Data Engineer,220000,USD,220000,CA,100,CA,M
2023,MI,FT,Data Engineer,190000,USD,190000,CA,100,CA,M
2023,MI,FT,Data Product Owner,70000,GBP,86128,GB,0,GB,M
2023,MI,FT,Data Product Owner,45454,GBP,55926,GB,0,GB,M
2023,SE,FT,Data Analyst,116700,USD,116700,US,0,US,M
2023,SE,FT,Data Analyst,93400,USD,93400,US,0,US,M
2023,MI,FT,Data Developer,100000,USD,100000,US,0,US,M
2023,MI,FT,Data Developer,95000,USD,95000,US,0,US,M
2023,SE,FT,Data Engineer,151000,USD,151000,CA,100,CA,M
2023,SE,FT,Data Engineer,95000,USD,95000,CA,100,CA,M
2023,SE,FT,Machine Learning Infrastructure Engineer,247000,USD,247000,US,100,US,M
2023,SE,FT,Machine Learning Infrastructure Engineer,152000,USD,152000,US,100,US,M
2023,SE,FT,Data Scientist,268000,USD,268000,US,0,US,M
2023,SE,FT,Data Scientist,137500,USD,137500,US,0,US,M
2023,SE,FT,Research Engineer,150000,USD,150000,US,0,US,M
2023,SE,FT,Research Engineer,80000,USD,80000,US,0,US,M
2023,SE,FT,Data Engineer,187100,USD,187100,US,0,US,M
2023,SE,FT,Data Engineer,107600,USD,107600,US,0,US,M
2023,SE,FT,Data Scientist,184800,USD,184800,US,0,US,M
2023,SE,FT,Data Scientist,161900,USD,161900,US,0,US,M
2023,SE,FT,Data Scientist,212000,USD,212000,US,0,US,M
2023,SE,FT,Data Scientist,93300,USD,93300,US,0,US,M
2023,SE,FT,Data Architect,184000,USD,184000,US,0,US,M
2023,SE,FT,Data Architect,96000,USD,96000,US,0,US,M
2023,MI,FT,Data Engineer,127900,USD,127900,CA,0,CA,M
2023,MI,FT,Data Engineer,85300,USD,85300,CA,0,CA,M
2023,MI,FT,Analytics Engineer,204000,USD,204000,US,0,US,M
2023,MI,FT,Analytics Engineer,112500,USD,112500,US,0,US,M
2023,MI,FT,Data Scientist,166000,USD,166000,US,0,US,M
2023,MI,FT,Data Scientist,73100,USD,73100,US,0,US,M
2023,SE,FT,Data Product Manager,220000,USD,220000,US,0,US,M
2023,SE,FT,Data Product Manager,137500,USD,137500,US,0,US,M
2023,MI,FT,Machine Learning Engineer,204500,USD,204500,US,0,US,M
2023,MI,FT,Machine Learning Engineer,142200,USD,142200,US,0,US,M
2023,SE,FT,Data Scientist,170000,USD,170000,US,100,US,M
2023,SE,FT,Data Scientist,140000,USD,140000,US,100,US,M
2023,MI,FT,Research Engineer,150000,USD,150000,US,0,US,M
2023,MI,FT,Research Engineer,80000,USD,80000,US,0,US,M
2023,SE,FT,Data Lead,175000,USD,175000,CA,100,CA,M
2023,SE,FT,Data Lead,150000,USD,150000,CA,100,CA,M
2023,SE,FT,Data Analyst,116000,USD,116000,US,0,US,M
2023,SE,FT,Data Analyst,110000,USD,110000,US,0,US,M
2023,EN,FT,Data Analyst,132000,USD,132000,US,0,US,M
2023,EN,FT,Data Analyst,104000,USD,104000,US,0,US,M
2023,SE,FT,Machine Learning Engineer,175000,USD,175000,US,100,US,M
2023,SE,FT,Machine Learning Engineer,141000,USD,141000,US,100,US,M
2023,SE,FT,Data Product Manager,198000,USD,198000,US,100,US,M
2023,SE,FT,Data Product Manager,151000,USD,151000,US,100,US,M
2023,EN,FT,Data Analyst,104000,USD,104000,US,0,US,M
2023,EN,FT,Data Analyst,83000,USD,83000,US,0,US,M
2023,EN,FT,Data Scientist,150000,USD,150000,US,0,US,M
2023,EN,FT,Data Scientist,100000,USD,100000,US,0,US,M
2023,MI,FT,Data Scientist,204500,USD,204500,US,0,US,M
2023,MI,FT,Data Scientist,142200,USD,142200,US,0,US,M
2023,SE,FT,Data Engineer,185000,USD,185000,US,0,US,M
2023,SE,FT,Data Engineer,130000,USD,130000,US,0,US,M
2023,SE,FT,Data Scientist,250000,USD,250000,US,0,US,M
2023,SE,FT,Data Scientist,125000,USD,125000,US,0,US,M
2023,SE,FT,Data Scientist,100000,USD,100000,US,0,US,M
2023,SE,FT,Data Scientist,81500,USD,81500,US,0,US,M
2023,SE,FT,Data Analyst,192000,USD,192000,US,100,US,M
2023,SE,FT,Data Analyst,120500,USD,120500,US,100,US,M
2023,SE,FT,Data Engineer,247300,USD,247300,US,0,US,M
2023,SE,FT,Data Engineer,139700,USD,139700,US,0,US,M
2023,SE,FT,Data Scientist,60000,EUR,64781,ES,0,ES,M
2023,SE,FT,Data Scientist,38000,EUR,41027,ES,0,ES,M
2023,EX,FT,Data Scientist,218000,USD,218000,US,0,US,M
2023,EX,FT,Data Scientist,168000,USD,168000,US,0,US,M
2023,MI,FT,Data Scientist,119200,USD,119200,US,100,US,M
2023,MI,FT,Data Scientist,86600,USD,86600,US,100,US,M
2023,SE,FT,Machine Learning Engineer,184800,USD,184800,US,0,US,M
2023,SE,FT,Machine Learning Engineer,161900,USD,161900,US,0,US,M
2023,MI,FT,Data Engineer,128600,USD,128600,US,0,US,M
2023,MI,FT,Data Engineer,100000,USD,100000,US,0,US,M
2023,EN,FT,Machine Learning Engineer,162240,USD,162240,US,0,US,M
2023,EN,FT,Machine Learning Engineer,47840,USD,47840,US,0,US,M
2023,SE,FT,Data Scientist,205500,USD,205500,US,0,US,M
2023,SE,FT,Data Scientist,128500,USD,128500,US,0,US,M
2023,SE,FT,Data Architect,164000,USD,164000,US,0,US,M
2023,SE,FT,Data Architect,117000,USD,117000,US,0,US,M
2023,SE,FT,AI Engineer,142352,USD,142352,US,0,US,M
2023,SE,FT,AI Engineer,95325,USD,95325,US,0,US,M
2023,MI,FT,Business Intelligence Engineer,38393,GBP,47238,GB,0,GB,M
2023,MI,FT,Business Intelligence Engineer,34160,GBP,42030,GB,0,GB,M
2023,MI,FT,Machine Learning Engineer,247500,USD,247500,US,0,US,M
2023,MI,FT,Machine Learning Engineer,172200,USD,172200,US,0,US,M
2023,EN,FT,Data Analyst,38393,GBP,47238,AU,0,AU,M
2023,EN,FT,Data Analyst,34160,GBP,42030,AU,0,AU,M
2023,SE,FT,Business Intelligence Analyst,50000,GBP,61520,GB,0,GB,M
2023,SE,FT,Business Intelligence Analyst,33000,GBP,40603,GB,0,GB,M
2023,MI,FT,Data Analyst,134000,USD,134000,US,100,US,M
2023,MI,FT,Data Analyst,90000,USD,90000,US,100,US,M
2023,SE,FT,Data Engineer,204000,USD,204000,US,0,US,M
2023,SE,FT,Data Engineer,163200,USD,163200,US,0,US,M
2023,SE,FT,Data Architect,168000,USD,168000,US,100,US,M
2023,SE,FT,Data Architect,143000,USD,143000,US,100,US,M
2023,SE,FT,Data Scientist,142352,USD,142352,US,0,US,M
2023,SE,FT,Data Scientist,95325,USD,95325,US,0,US,M
2023,SE,FT,Data Analyst,105000,USD,105000,US,100,US,M
2023,SE,FT,Data Analyst,100000,USD,100000,US,100,US,M
2023,MI,FT,Data Engineer,179000,USD,179000,US,0,US,M
2023,MI,FT,Data Engineer,112000,USD,112000,US,0,US,M
2023,SE,FT,Data Integration Engineer,150000,USD,150000,US,0,US,M
2023,SE,FT,Data Integration Engineer,125000,USD,125000,US,0,US,M
2023,EN,FT,Research Analyst,131000,USD,131000,US,0,US,L
2023,EN,FT,Research Analyst,54400,USD,54400,US,0,US,L
2023,EN,FT,Data Management Analyst,120000,USD,120000,US,0,US,M
2023,EN,FT,Data Management Analyst,50000,USD,50000,US,0,US,M
2023,SE,FT,Data Engineer,170000,USD,170000,US,0,US,M
2023,SE,FT,Data Engineer,120000,USD,120000,US,0,US,M
2023,SE,FT,Data Scientist,359170,USD,359170,US,0,US,M
2023,SE,FT,Data Scientist,295490,USD,295490,US,0,US,M
2023,EN,FT,Data Analyst,102000,USD,102000,US,100,US,M
2023,EN,FT,Data Analyst,92000,USD,92000,US,100,US,M
2023,EN,FT,Business Intelligence Analyst,132567,USD,132567,US,0,US,M
2023,EN,FT,Business Intelligence Analyst,96412,USD,96412,US,0,US,M
2023,MI,FT,Applied Scientist,222200,USD,222200,US,0,US,L
2023,MI,FT,Applied Scientist,136000,USD,136000,US,0,US,L
2023,SE,FT,Data Engineer,230000,USD,230000,US,0,US,M
2023,SE,FT,Data Engineer,170000,USD,170000,US,0,US,M
2023,MI,FT,Data Engineer,110000,USD,110000,US,100,US,M
2023,MI,FT,Data Engineer,90000,USD,90000,US,100,US,M
2023,SE,FT,Data Scientist,172800,USD,172800,US,100,US,M
2023,SE,FT,Data Scientist,110000,USD,110000,US,100,US,M
2023,SE,FT,Research Scientist,135842,USD,135842,US,0,US,M
2023,SE,FT,Research Scientist,98794,USD,98794,US,0,US,M
2023,SE,FT,Machine Learning Engineer,331640,USD,331640,US,0,US,M
2023,SE,FT,Machine Learning Engineer,267720,USD,267720,US,0,US,M
2023,SE,FT,Research Engineer,266450,USD,266450,US,0,US,M
2023,SE,FT,Research Engineer,177700,USD,177700,US,0,US,M
2023,EN,FT,Research Engineer,350000,USD,350000,US,0,US,M
2023,EN,FT,Research Engineer,250000,USD,250000,US,0,US,M
2023,MI,FT,Machine Learning Engineer,155000,USD,155000,US,0,US,M
2023,MI,FT,Machine Learning Engineer,125000,USD,125000,US,0,US,M
2023,SE,FT,Research Scientist,278700,USD,278700,US,0,US,M
2023,SE,FT,Research Scientist,159300,USD,159300,US,0,US,M
2023,MI,FT,AI Engineer,171000,USD,171000,US,0,US,M
2023,MI,FT,AI Engineer,151000,USD,151000,US,0,US,M
2023,SE,FT,Research Engineer,266450,USD,266450,US,0,US,M
2023,SE,FT,Research Engineer,177700,USD,177700,US,0,US,M
2023,MI,FT,BI Developer,100000,USD,100000,US,100,US,M
2023,MI,FT,BI Developer,80000,USD,80000,US,100,US,M
2023,SE,FT,Data Engineer,174990,USD,174990,US,100,US,M
2023,SE,FT,Data Engineer,132624,USD,132624,US,100,US,M
2023,MI,FT,Data Visualization Specialist,166000,USD,166000,US,0,US,M
2023,MI,FT,Data Visualization Specialist,73100,USD,73100,US,0,US,M
2023,SE,FT,Machine Learning Engineer,212000,USD,212000,US,0,US,M
2023,SE,FT,Machine Learning Engineer,93300,USD,93300,US,0,US,M
2023,SE,FT,Data Architect,210100,USD,210100,US,0,US,M
2023,SE,FT,Data Architect,95500,USD,95500,US,0,US,M
2023,SE,FT,Data Engineer,184600,USD,184600,US,0,US,M
2023,SE,FT,Data Engineer,99400,USD,99400,US,0,US,M
2023,SE,FT,Research Engineer,184800,USD,184800,US,0,US,M
2023,SE,FT,Research Engineer,107100,USD,107100,US,0,US,M
2023,SE,FT,Business Intelligence Engineer,205000,USD,205000,US,0,US,M
2023,SE,FT,Business Intelligence Engineer,155400,USD,155400,US,0,US,M
2023,EN,FT,Data Analyst,75065,USD,75065,US,100,US,M
2023,EN,FT,Data Analyst,41419,USD,41419,US,100,US,M
2023,MI,FT,Data Scientist,169000,USD,169000,US,0,US,M
2023,MI,FT,Data Scientist,105500,USD,105500,US,0,US,M
2023,MI,FT,Data Scientist,113563,USD,113563,AU,0,AU,M
2023,MI,FT,Data Scientist,102927,USD,102927,AU,0,AU,M
2023,MI,FT,Data Analyst,90500,USD,90500,US,0,US,M
2023,MI,FT,Data Analyst,42400,USD,42400,US,0,US,M
2023,SE,FT,Data Scientist,234000,USD,234000,US,100,US,M
2023,SE,FT,Data Scientist,146000,USD,146000,US,100,US,M
2023,MI,FT,Data Scientist,212000,USD,212000,US,0,US,M
2023,MI,FT,Data Scientist,93300,USD,93300,US,0,US,M
2023,SE,FT,Data Scientist,140000,USD,140000,US,0,US,M
2023,SE,FT,Data Scientist,100000,USD,100000,US,0,US,M
2023,MI,FT,Research Engineer,128167,USD,128167,US,0,US,M
2023,MI,FT,Research Engineer,85445,USD,85445,US,0,US,M
2023,SE,FT,Data Scientist,212000,USD,212000,US,0,US,M
2023,SE,FT,Data Scientist,93400,USD,93400,US,0,US,M
2023,MI,FT,BI Analyst,172300,USD,172300,US,0,US,M
2023,MI,FT,BI Analyst,86100,USD,86100,US,0,US,M
2023,MI,FT,Data Engineer,138000,USD,138000,US,100,US,M
2023,MI,FT,Data Engineer,86000,USD,86000,US,100,US,M
2023,EN,FT,Research Analyst,179000,USD,179000,US,0,US,M
2023,EN,FT,Research Analyst,112000,USD,112000,US,0,US,M
2023,SE,FT,Analytics Engineer,700000,USD,700000,US,100,US,M
2023,SE,FT,Analytics Engineer,150000,USD,150000,US,100,US,M
2023,SE,FT,Data Scientist,179000,USD,179000,US,100,US,M
2023,SE,FT,Data Scientist,112000,USD,112000,US,100,US,M
2023,SE,FT,Data Analyst,122000,USD,122000,US,0,US,M
2023,SE,FT,Data Analyst,94000,USD,94000,US,0,US,M
2023,SE,FT,Data Scientist,122000,USD,122000,US,0,US,M
2023,SE,FT,Data Scientist,94000,USD,94000,US,0,US,M
2023,SE,FT,Data Analyst,140130,USD,140130,US,0,US,M
2023,SE,FT,Data Analyst,84870,USD,84870,US,0,US,M
2023,SE,FT,Business Intelligence Engineer,225000,USD,225000,US,0,US,M
2023,SE,FT,Business Intelligence Engineer,180000,USD,180000,US,0,US,M
2023,SE,FT,Data Engineer,165000,USD,165000,US,100,US,M
2023,SE,FT,Data Engineer,122445,USD,122445,US,100,US,M
2023,SE,FT,Data Architect,208000,CAD,154101,CA,100,CA,M
2023,SE,FT,Data Architect,136000,CAD,100758,CA,100,CA,M
2023,MI,FT,Machine Learning Engineer,84000,USD,84000,VN,100,VN,M
2023,MI,FT,Machine Learning Engineer,48000,USD,48000,VN,100,VN,M
2023,SE,FT,Machine Learning Engineer,275000,USD,275000,US,0,US,M
2023,SE,FT,Machine Learning Engineer,187000,USD,187000,US,0,US,M
2023,MI,FT,Research Scientist,212800,USD,212800,US,0,US,L
2023,MI,FT,Research Scientist,124100,USD,124100,US,0,US,L
2023,EN,FT,Data Scientist,130000,USD,130000,US,0,US,M
2023,EN,FT,Data Scientist,80000,USD,80000,US,0,US,M
2023,SE,FT,Data Scientist,160000,USD,160000,US,100,US,M
2023,SE,FT,Data Scientist,130000,USD,130000,US,100,US,M
2023,SE,FT,Machine Learning Engineer,240810,USD,240810,US,0,US,M
2023,SE,FT,Machine Learning Engineer,126800,USD,126800,US,0,US,M
2023,SE,FT,Data Scientist,145000,USD,145000,US,100,US,M
2023,SE,FT,Data Scientist,135000,USD,135000,US,100,US,M
2023,SE,FT,Data Architect,222000,USD,222000,US,100,US,M
2023,SE,FT,Data Architect,132000,USD,132000,US,100,US,M
2023,SE,FT,Applied Scientist,250000,USD,250000,US,100,US,M
2023,SE,FT,Applied Scientist,170000,USD,170000,US,100,US,M
2023,SE,FT,Machine Learning Infrastructure Engineer,250000,USD,250000,US,0,US,M
2023,SE,FT,Machine Learning Infrastructure Engineer,150000,USD,150000,US,0,US,M
2023,SE,FT,Data Architect,222000,USD,222000,US,0,US,M
2023,SE,FT,Data Architect,132000,USD,132000,US,0,US,M
2023,EN,FT,Business Intelligence Analyst,40000,GBP,49216,GB,0,GB,M
2023,EN,FT,Business Intelligence Analyst,35000,GBP,43064,GB,0,GB,M
2023,SE,FT,Business Data Analyst,94000,USD,94000,US,50,US,L
2023,SE,FT,Data Scientist,110000,USD,110000,US,0,US,M
2023,SE,FT,Data Scientist,70000,USD,70000,US,0,US,M
2023,SE,FT,Data Scientist,245000,USD,245000,US,0,US,M
2023,SE,FT,Data Scientist,185000,USD,185000,US,0,US,M
2023,SE,FT,Data Scientist,207900,USD,207900,US,0,US,M
2023,SE,FT,Data Scientist,158400,USD,158400,US,0,US,M
2023,SE,FT,Data Scientist,138000,USD,138000,US,0,US,M
2023,SE,FT,Data Scientist,86000,USD,86000,US,0,US,M
2023,SE,FT,Data Scientist,135800,USD,135800,US,100,US,M
2023,SE,FT,Data Scientist,95100,USD,95100,US,100,US,M
2023,SE,FT,Data Scientist,135800,USD,135800,US,100,US,M
2023,SE,FT,Data Scientist,95100,USD,95100,US,100,US,M
2023,SE,FT,Data Engineer,190000,USD,190000,US,100,US,M
2023,SE,FT,Data Engineer,160000,USD,160000,US,100,US,M
2023,SE,FT,Applied Scientist,260000,USD,260000,US,0,US,L
2023,SE,FT,Applied Scientist,136000,USD,136000,US,0,US,L
2023,SE,FT,Data Architect,180000,USD,180000,US,0,US,M
2023,SE,FT,Data Architect,166375,USD,166375,US,0,US,M
2023,SE,FT,Applied Scientist,212800,USD,212800,US,0,US,L
2023,SE,FT,Applied Scientist,115100,USD,115100,US,0,US,L
2023,MI,FT,Data Specialist,60000,USD,60000,US,0,US,M
2023,MI,FT,Data Specialist,48000,USD,48000,US,0,US,M
2023,MI,FT,Data Scientist,60000,USD,60000,US,0,US,M
2023,MI,FT,Data Scientist,55000,USD,55000,US,0,US,M
2023,SE,FT,Research Scientist,205500,USD,205500,US,0,US,M
2023,SE,FT,Research Scientist,132500,USD,132500,US,0,US,M
2023,SE,FT,Data Analyst,122000,USD,122000,US,0,US,M
2023,SE,FT,Data Analyst,94000,USD,94000,US,0,US,M
2023,MI,FT,Data Scientist,223600,USD,223600,US,0,US,L
2023,MI,FT,Data Scientist,115000,USD,115000,US,0,US,L
2023,MI,FT,Research Scientist,165000,USD,165000,US,0,US,M
2023,MI,FT,Research Scientist,150000,USD,150000,US,0,US,M
2023,EN,FT,Research Analyst,62000,USD,62000,US,100,US,M
2023,EN,FT,Research Analyst,49000,USD,49000,US,100,US,M
2023,SE,FT,MLOps Engineer,160000,USD,160000,US,0,US,M
2023,SE,FT,MLOps Engineer,140000,USD,140000,US,0,US,M
2023,EN,FT,Data Analyst,106100,USD,106100,US,100,US,M
2023,EN,FT,Data Analyst,74300,USD,74300,US,100,US,M
2023,EN,FT,Data Analyst,44000,GBP,54137,GB,0,GB,M
2023,EN,FT,Data Analyst,35700,GBP,43925,GB,0,GB,M
2023,SE,FT,Data Scientist,245000,USD,245000,US,0,US,M
2023,SE,FT,Data Scientist,185000,USD,185000,US,0,US,M
2023,MI,FT,Data Manager,132300,USD,132300,US,0,US,M
2023,MI,FT,Data Manager,93000,USD,93000,US,0,US,M
2023,SE,FT,Data Architect,234000,USD,234000,US,100,US,M
2023,SE,FT,Data Architect,146000,USD,146000,US,100,US,M
2023,SE,FT,Data Manager,96600,USD,96600,US,0,US,M
2023,SE,FT,Data Manager,55200,USD,55200,US,0,US,M
2023,EN,FT,Data Analyst,83300,USD,83300,US,0,US,M
2023,EN,FT,Data Analyst,47500,USD,47500,US,0,US,M
2023,EN,FT,Data Visualization Specialist,99300,USD,99300,US,0,US,M
2023,EN,FT,Data Visualization Specialist,82800,USD,82800,US,0,US,M
2023,SE,FT,Data Architect,145000,USD,145000,US,0,US,M
2023,SE,FT,Data Architect,110841,USD,110841,US,0,US,M
2023,MI,FT,Data Analyst,101000,USD,101000,US,0,US,M
2023,MI,FT,Data Analyst,50000,USD,50000,US,0,US,M
2023,SE,FT,Data Engineer,182500,USD,182500,US,100,US,M
2023,SE,FT,Data Engineer,121700,USD,121700,US,100,US,M
2023,SE,FT,Data Analyst,134500,USD,134500,US,100,US,M
2023,SE,FT,Data Analyst,91460,USD,91460,US,100,US,M
2023,SE,FT,Data Scientist,150000,USD,150000,US,0,US,M
2023,SE,FT,Data Scientist,130000,USD,130000,US,0,US,M
2023,EN,FT,Data Analyst,33995,GBP,41827,GB,0,GB,M
2023,EN,FT,Data Analyst,30839,GBP,37944,GB,0,GB,M
2023,EN,FT,Research Analyst,75753,USD,75753,US,0,US,M
2023,EN,FT,Research Analyst,47423,USD,47423,US,0,US,M
2023,SE,FT,Analytics Engineer,130000,USD,130000,CA,0,CA,M
2023,SE,FT,Analytics Engineer,110000,USD,110000,CA,0,CA,M
2023,SE,FT,Data Engineer,124935,USD,124935,US,0,US,M
2023,SE,FT,Data Engineer,76050,USD,76050,US,0,US,M
2023,SE,FT,Data Engineer,286000,USD,286000,US,0,US,M
2023,SE,FT,Data Engineer,143000,USD,143000,US,0,US,M
2023,MI,FT,Data Engineer,106400,USD,106400,US,100,US,M
2023,MI,FT,Data Engineer,70000,USD,70000,US,100,US,M
2023,MI,FT,Data Engineer,133000,USD,133000,US,0,US,M
2023,MI,FT,Data Engineer,58400,USD,58400,US,0,US,M
2023,SE,FT,Data Engineer,243600,USD,243600,US,0,US,M
2023,SE,FT,Data Engineer,148200,USD,148200,US,0,US,M
2023,EN,FT,Data Analyst,131600,USD,131600,US,100,US,M
2023,EN,FT,Data Analyst,82400,USD,82400,US,100,US,M
2023,SE,FT,Machine Learning Engineer,245700,USD,245700,US,0,US,M
2023,SE,FT,Machine Learning Engineer,132300,USD,132300,US,0,US,M
2023,EN,FT,Data Analyst,155750,USD,155750,US,100,US,M
2023,EN,FT,Data Analyst,79350,USD,79350,US,100,US,M
2023,SE,FT,Data Engineer,234000,USD,234000,US,0,US,M
2023,SE,FT,Data Engineer,117000,USD,117000,US,0,US,M
2023,SE,FT,AI Engineer,242000,USD,242000,US,0,US,M
2023,SE,FT,AI Engineer,106200,USD,106200,US,0,US,M
2023,SE,FT,Data Analyst,123900,USD,123900,US,100,US,M
2023,SE,FT,Data Analyst,75000,USD,75000,US,100,US,M
2023,MI,FT,Data Engineer,136500,USD,136500,US,0,US,M
2023,MI,FT,Data Engineer,123500,USD,123500,US,0,US,M
2023,SE,FT,Data Engineer,227500,USD,227500,US,100,US,M
2023,SE,FT,Data Engineer,145600,USD,145600,US,100,US,M
2023,SE,FT,Machine Learning Engineer,186754,USD,186754,US,0,US,M
2023,SE,FT,Machine Learning Engineer,101000,USD,101000,US,0,US,M
2023,EN,FT,Data Scientist,149800,USD,149800,US,0,US,M
2023,EN,FT,Data Scientist,70800,USD,70800,US,0,US,M
2023,MI,FT,Data Engineer,132000,USD,132000,US,100,US,M
2023,MI,FT,Data Engineer,111000,USD,111000,US,100,US,M
2023,MI,FT,Data Engineer,180000,USD,180000,US,100,US,M
2023,MI,FT,Data Engineer,162000,USD,162000,US,100,US,M
2023,SE,FT,Data Analyst,150000,USD,150000,US,0,US,M
2023,SE,FT,Data Analyst,135000,USD,135000,US,0,US,M
2023,SE,FT,Data Engineer,172700,USD,172700,IN,0,IN,M
2023,SE,FT,Data Engineer,82900,USD,82900,IN,0,IN,M
2023,SE,FT,Analytics Engineer,115000,USD,115000,US,0,US,M
2023,SE,FT,Analytics Engineer,95000,USD,95000,US,0,US,M
2023,MI,FT,Research Scientist,238000,USD,238000,US,0,US,M
2023,MI,FT,Research Scientist,144500,USD,144500,US,0,US,M
2023,SE,FT,Machine Learning Engineer,145000,USD,145000,US,0,US,M
2023,SE,FT,Machine Learning Engineer,98500,USD,98500,US,0,US,M
2023,MI,FT,Data Scientist,209300,USD,209300,US,100,US,M
2023,MI,FT,Data Scientist,123800,USD,123800,US,100,US,M
2023,EN,FT,Data Analyst Lead,18000,USD,18000,NG,100,NG,S
2023,EN,FT,Machine Learning Engineer,130400,USD,130400,US,0,US,M
2023,EN,FT,Machine Learning Engineer,70800,USD,70800,US,0,US,M
2023,MI,FT,Data Engineer,160000,USD,160000,US,0,US,M
2023,MI,FT,Data Engineer,75000,USD,75000,US,0,US,M
2023,SE,FT,Data Engineer,247300,USD,247300,US,0,US,M
2023,SE,FT,Data Engineer,139700,USD,139700,US,0,US,M
2023,SE,FT,Machine Learning Engineer,300000,USD,300000,US,0,US,M
2023,SE,FT,Machine Learning Engineer,200000,USD,200000,US,0,US,M
2023,SE,FT,Research Scientist,278700,USD,278700,US,0,US,M
2023,SE,FT,Research Scientist,159300,USD,159300,US,0,US,M
2023,SE,FT,Data Scientist,254900,USD,254900,US,0,US,M
2023,SE,FT,Data Scientist,203920,USD,203920,US,0,US,M
2023,SE,FT,Data Scientist,191200,USD,191200,US,0,US,M
2023,SE,FT,Data Scientist,170186,USD,170186,US,0,US,M
2023,SE,FT,Machine Learning Engineer,300000,USD,300000,US,0,US,M
2023,SE,FT,Machine Learning Engineer,200000,USD,200000,US,0,US,M
2023,SE,FT,Data Analyst,150000,USD,150000,US,100,US,M
2023,SE,FT,Data Analyst,125000,USD,125000,US,100,US,M
2023,EX,FT,NLP Engineer,200000,USD,200000,US,0,US,M
2023,EX,FT,NLP Engineer,150000,USD,150000,US,0,US,M
2023,MI,FT,Data Developer,100000,USD,100000,US,0,US,M
2023,MI,FT,Data Developer,95000,USD,95000,US,0,US,M
2023,SE,FT,Research Scientist,278700,USD,278700,US,0,US,M
2023,SE,FT,Research Scientist,159300,USD,159300,US,0,US,M
2023,SE,FT,MLOps Engineer,247300,USD,247300,US,0,US,M
2023,SE,FT,MLOps Engineer,139700,USD,139700,US,0,US,M
2023,MI,FT,Research Scientist,212800,USD,212800,US,0,US,L
2023,MI,FT,Research Scientist,124100,USD,124100,US,0,US,L
2023,SE,FT,Marketing Data Scientist,90000,USD,90000,US,50,US,L
2023,SE,FT,Data Architect,198000,USD,198000,US,0,US,M
2023,SE,FT,Data Architect,94000,USD,94000,US,0,US,M
2023,SE,FT,Applied Scientist,219100,USD,219100,US,0,US,M
2023,SE,FT,Applied Scientist,118500,USD,118500,US,0,US,M
2023,SE,FT,Data Engineer,160000,USD,160000,US,100,US,M
2023,SE,FT,Data Engineer,128000,USD,128000,US,100,US,M
2023,EN,FT,Data Engineer,60000,USD,60000,US,100,US,M
2023,EN,FT,Data Engineer,48000,USD,48000,US,100,US,M
2023,EX,FT,Data Engineer,234000,USD,234000,US,0,US,M
2023,EX,FT,Data Engineer,146000,USD,146000,US,0,US,M
2023,SE,FT,Data Scientist,179000,USD,179000,US,0,US,M
2023,SE,FT,Data Scientist,112000,USD,112000,US,0,US,M
2023,MI,FT,Data Analyst,130100,USD,130100,US,0,US,M
2023,MI,FT,Data Analyst,75000,USD,75000,US,0,US,M
2023,MI,FT,Business Intelligence Manager,166500,USD,166500,US,0,US,M
2023,MI,FT,Business Intelligence Manager,104000,USD,104000,US,0,US,M
2023,MI,FT,AI Engineer,166000,USD,166000,US,0,US,M
2023,MI,FT,AI Engineer,73100,USD,73100,US,0,US,M
2023,EN,FT,Research Engineer,98000,USD,98000,US,0,US,M
2023,EN,FT,Research Engineer,73000,USD,73000,US,0,US,M
2023,MI,FT,Machine Learning Engineer,247500,USD,247500,US,0,US,M
2023,MI,FT,Machine Learning Engineer,172200,USD,172200,US,0,US,M
2023,SE,FT,Analytics Engineer,183540,USD,183540,US,0,US,M
2023,SE,FT,Analytics Engineer,132000,USD,132000,US,0,US,M
2023,MI,FT,Research Scientist,240000,USD,240000,US,0,US,M
2023,MI,FT,Research Scientist,133000,USD,133000,US,0,US,M
2023,SE,FT,Data Scientist,273500,USD,273500,US,0,US,M
2023,SE,FT,Data Scientist,182500,USD,182500,US,0,US,M
2023,EN,FT,Data Analyst,75000,GBP,92280,GB,0,GB,M
2023,EN,FT,Data Analyst,55000,GBP,67672,GB,0,GB,M
2023,SE,FT,Research Engineer,240960,USD,240960,US,0,US,M
2023,SE,FT,Research Engineer,176000,USD,176000,US,0,US,M
2023,MI,FT,Research Scientist,150000,USD,150000,US,0,US,M
2023,MI,FT,Research Scientist,130000,USD,130000,US,0,US,M
2023,SE,FT,Data Engineer,150000,USD,150000,US,100,US,M
2023,SE,FT,Data Engineer,130000,USD,130000,US,100,US,M
2023,SE,FT,Data Analyst,100000,GBP,123040,GB,0,GB,M
2023,SE,FT,Data Analyst,75000,GBP,92280,GB,0,GB,M
2023,EN,FT,Research Scientist,162240,USD,162240,US,0,US,M
2023,EN,FT,Research Scientist,47840,USD,47840,US,0,US,M
2023,EN,FT,Data Analyst,162240,USD,162240,US,0,US,M
2023,EN,FT,Data Analyst,47840,USD,47840,US,0,US,M
2023,MI,FT,Data Scientist,296980,USD,296980,US,0,US,M
2023,MI,FT,Data Scientist,123740,USD,123740,US,0,US,M
2023,SE,FT,Machine Learning Engineer,247250,USD,247250,US,0,US,M
2023,SE,FT,Machine Learning Engineer,160000,USD,160000,US,0,US,M
2023,EN,FT,Business Intelligence Analyst,91875,USD,91875,CA,0,CA,M
2023,EN,FT,Business Intelligence Analyst,55125,USD,55125,CA,0,CA,M
2023,SE,FT,Machine Learning Engineer,220000,USD,220000,US,0,US,M
2023,SE,FT,Machine Learning Engineer,146000,USD,146000,US,0,US,M
2023,SE,FT,Data Architect,200000,USD,200000,US,100,US,M
2023,SE,FT,Data Architect,115000,USD,115000,US,100,US,M
2023,SE,FT,Machine Learning Engineer,370000,USD,370000,US,0,US,M
2023,SE,FT,Machine Learning Engineer,220000,USD,220000,US,0,US,M
2023,MI,FT,Machine Learning Engineer,72000,USD,72000,VN,100,VN,M
2023,MI,FT,Machine Learning Engineer,48000,USD,48000,VN,100,VN,M
2023,MI,FT,Business Intelligence Engineer,185000,USD,185000,US,0,US,L
2023,MI,FT,Business Intelligence Engineer,79600,USD,79600,US,0,US,L
2023,SE,FT,Data Scientist,125000,USD,125000,US,0,US,M
2023,SE,FT,Data Scientist,122000,USD,122000,US,0,US,M
2023,SE,FT,Data Scientist,250000,USD,250000,US,0,US,M
2023,SE,FT,Data Scientist,175000,USD,175000,US,0,US,M
2023,SE,FT,Applied Scientist,260000,USD,260000,US,0,US,L
2023,SE,FT,Applied Scientist,136000,USD,136000,US,0,US,L
2023,SE,FT,Data Scientist,235000,USD,235000,US,100,US,M
2023,SE,FT,Data Scientist,175000,USD,175000,US,100,US,M
2023,SE,FT,Machine Learning Engineer,185000,USD,185000,US,100,US,M
2023,SE,FT,Machine Learning Engineer,128000,USD,128000,US,100,US,M
2023,EX,FT,Data Engineer,350000,USD,350000,US,100,US,M
2023,EX,FT,Data Engineer,268000,USD,268000,US,100,US,M
2023,MI,FT,Applied Scientist,222200,USD,222200,US,0,US,L
2023,MI,FT,Applied Scientist,136000,USD,136000,US,0,US,L
2023,SE,FT,Data Architect,180000,USD,180000,US,100,US,M
2023,SE,FT,Data Architect,115000,USD,115000,US,100,US,M
2023,EN,FT,Business Intelligence Analyst,100000,USD,100000,US,0,US,M
2023,EN,FT,Business Intelligence Analyst,80000,USD,80000,US,0,US,M
2023,SE,FT,Data Analyst,234485,USD,234485,US,0,US,M
2023,SE,FT,Data Analyst,112655,USD,112655,US,0,US,M
2023,SE,FT,Data Engineer,234000,USD,234000,US,0,US,M
2023,SE,FT,Data Engineer,146000,USD,146000,US,0,US,M
2023,MI,FT,Data Scientist,199700,USD,199700,US,0,US,M
2023,MI,FT,Data Scientist,70800,USD,70800,US,0,US,M
2023,EN,FT,Research Analyst,179000,USD,179000,US,0,US,M
2023,EN,FT,Research Analyst,112000,USD,112000,US,0,US,M
2023,EN,FT,Data Analyst,99900,USD,99900,US,0,US,M
2023,EN,FT,Data Analyst,83000,USD,83000,US,0,US,M
2023,SE,FT,Data Engineer,158000,USD,158000,US,0,US,M
2023,SE,FT,Data Engineer,90300,USD,90300,US,0,US,M
2023,SE,FT,Machine Learning Engineer,266500,USD,266500,US,0,US,M
2023,SE,FT,Machine Learning Engineer,152000,USD,152000,US,0,US,M
2023,EN,FT,Research Analyst,70000,USD,70000,US,100,US,M
2023,EN,FT,Research Analyst,60000,USD,60000,US,100,US,M
2023,SE,FT,Data Scientist,187200,USD,187200,US,100,US,M
2023,SE,FT,Data Scientist,140400,USD,140400,US,100,US,M
2023,SE,FT,Business Intelligence Engineer,225000,USD,225000,US,0,US,M
2023,SE,FT,Business Intelligence Engineer,156400,USD,156400,US,0,US,M
2023,SE,FT,Data Architect,190900,USD,190900,US,0,US,M
2023,SE,FT,Data Architect,109100,USD,109100,US,0,US,M
2023,SE,FT,Data Engineer,145000,USD,145000,US,0,US,M
2023,SE,FT,Data Engineer,98500,USD,98500,US,0,US,M
2023,EN,FT,Research Scientist,195200,USD,195200,US,0,US,L
2023,EN,FT,Research Scientist,100400,USD,100400,US,0,US,L
2023,MI,FT,Data Analyst,125000,USD,125000,US,100,US,M
2023,MI,FT,Data Analyst,100000,USD,100000,US,100,US,M
2023,EN,FT,Data Analyst,75065,USD,75065,US,100,US,M
2023,EN,FT,Data Analyst,41419,USD,41419,US,100,US,M
2023,MI,FT,Data Engineer,181700,USD,181700,US,0,US,M
2023,MI,FT,Data Engineer,64300,USD,64300,US,0,US,M
2023,SE,FT,Data Scientist,185900,USD,185900,US,0,US,M
2023,SE,FT,Data Scientist,129300,USD,129300,US,0,US,M
2023,EN,FT,Data Analyst,85000,USD,85000,US,100,US,M
2023,EN,FT,Data Analyst,80000,USD,80000,US,100,US,M
2023,SE,FT,Data Scientist,120000,USD,120000,US,100,US,M
2023,SE,FT,Data Scientist,52100,USD,52100,US,100,US,M
2023,SE,FT,AI Scientist,219000,USD,219000,US,0,US,M
2023,SE,FT,AI Scientist,152000,USD,152000,US,0,US,M
2023,SE,FT,Machine Learning Engineer,204500,USD,204500,US,100,US,M
2023,SE,FT,Machine Learning Engineer,142200,USD,142200,US,100,US,M
2023,MI,FT,Data Visualization Specialist,158000,USD,158000,US,0,US,M
2023,MI,FT,Data Visualization Specialist,90300,USD,90300,US,0,US,M
2023,SE,FT,Data Engineer,170000,USD,170000,US,100,US,M
2023,SE,FT,Data Engineer,130000,USD,130000,US,100,US,M
2023,SE,FT,Data Engineer,175000,USD,175000,US,100,US,M
2023,SE,FT,Data Engineer,130000,USD,130000,US,100,US,M
2023,MI,FT,Applied Scientist,222200,USD,222200,US,0,US,L
2023,MI,FT,Applied Scientist,136000,USD,136000,US,0,US,L
2023,SE,FT,Business Intelligence Engineer,225000,USD,225000,US,0,US,M
2023,SE,FT,Business Intelligence Engineer,180000,USD,180000,US,0,US,M
2023,MI,FT,Applied Scientist,260000,USD,260000,US,0,US,L
2023,MI,FT,Applied Scientist,136000,USD,136000,US,0,US,L
2023,SE,FT,Data Engineer,152375,USD,152375,US,0,US,M
2023,SE,FT,Data Engineer,94000,USD,94000,US,0,US,M
2023,SE,FT,Data Analyst,82000,USD,82000,US,0,US,M
2023,SE,FT,Data Analyst,77000,USD,77000,US,0,US,M
2023,SE,FT,Data Engineer,196000,USD,196000,US,100,US,M
2023,SE,FT,Data Engineer,94000,USD,94000,US,100,US,M
2023,SE,FT,Data Scientist,264846,USD,264846,US,0,US,M
2023,SE,FT,Data Scientist,143060,USD,143060,US,0,US,M
2023,EN,FT,Data Analyst,203000,USD,203000,US,0,US,M
2023,EN,FT,Data Analyst,89030,USD,89030,US,0,US,M
2023,SE,FT,Data Scientist,60000,EUR,64781,ES,0,ES,M
2023,SE,FT,Data Scientist,38000,EUR,41027,ES,0,ES,M
2023,EN,FT,Data Analyst,160800,USD,160800,US,0,US,M
2023,EN,FT,Data Analyst,92700,USD,92700,US,0,US,M
2023,SE,FT,Data Analyst,62000,USD,62000,US,0,US,M
2023,SE,FT,Data Analyst,51000,USD,51000,US,0,US,M
2023,EN,FT,Data Analyst,137500,USD,137500,US,0,US,M
2023,EN,FT,Data Analyst,100000,USD,100000,US,0,US,M
2023,MI,FT,Research Engineer,128167,USD,128167,US,0,US,M
2023,MI,FT,Research Engineer,85445,USD,85445,US,0,US,M
2023,SE,FT,Business Intelligence Engineer,60000,GBP,73824,GB,0,GB,M
2023,SE,FT,Business Intelligence Engineer,40000,GBP,49216,GB,0,GB,M
2023,EN,FT,Data Analyst,65000,USD,65000,US,0,US,M
2023,EN,FT,Data Analyst,50000,USD,50000,US,0,US,M
2023,MI,FT,BI Developer,154800,USD,154800,US,0,US,M
2023,MI,FT,BI Developer,76300,USD,76300,US,0,US,M
2023,SE,FT,Research Scientist,240000,USD,240000,US,0,US,M
2023,SE,FT,Research Scientist,200000,USD,200000,US,0,US,M
2023,MI,FT,Data Scientist,45000,GBP,55368,GB,0,GB,M
2023,MI,FT,Data Scientist,40000,GBP,49216,GB,0,GB,M
2023,SE,FT,Data Engineer,110000,USD,110000,US,0,US,M
2023,SE,FT,Data Engineer,70000,USD,70000,US,0,US,M
2023,SE,FT,Machine Learning Engineer,240000,USD,240000,US,0,US,M
2023,SE,FT,Machine Learning Engineer,200000,USD,200000,US,0,US,M
2023,MI,FT,Analytics Engineer,190000,USD,190000,CA,100,CA,M
2023,MI,FT,Analytics Engineer,150000,USD,150000,CA,100,CA,M
2023,EX,FT,Data Engineer,465000,USD,465000,US,0,US,M
2023,EX,FT,Data Engineer,385000,USD,385000,US,0,US,M
2023,MI,FT,Data Engineer,240000,USD,240000,US,0,US,M
2023,MI,FT,Data Engineer,200000,USD,200000,US,0,US,M
2023,SE,FT,Business Intelligence Engineer,116300,USD,116300,US,100,US,M
2023,SE,FT,Business Intelligence Engineer,84600,USD,84600,US,100,US,M
2023,SE,FT,AI Engineer,129700,USD,129700,US,0,US,M
2023,SE,FT,AI Engineer,86500,USD,86500,US,0,US,M
2023,SE,FT,Data Analyst,150000,USD,150000,US,0,US,M
2023,SE,FT,Data Analyst,120000,USD,120000,US,0,US,M
2023,EN,FT,Data Analyst,60000,GBP,73824,GB,0,GB,M
2023,EN,FT,Data Analyst,50000,GBP,61520,GB,0,GB,M
2023,SE,FT,Machine Learning Engineer,225300,USD,225300,US,0,US,M
2023,SE,FT,Machine Learning Engineer,197400,USD,197400,US,0,US,M
2023,SE,FT,Data Scientist,212000,USD,212000,US,0,US,M
2023,SE,FT,Data Scientist,93300,USD,93300,US,0,US,M
2023,SE,FT,Data Analyst,140130,USD,140130,US,0,US,M
2023,SE,FT,Data Analyst,84870,USD,84870,US,0,US,M
2023,MI,FT,Insight Analyst,45000,GBP,55368,GB,0,GB,M
2023,MI,FT,Insight Analyst,25000,GBP,30760,GB,0,GB,M
2023,SE,FT,Data Engineer,266000,USD,266000,US,0,US,M
2023,SE,FT,Data Engineer,152000,USD,152000,US,0,US,M
2023,SE,FT,Data Scientist,224000,USD,224000,US,0,US,M
2023,SE,FT,Data Scientist,165000,USD,165000,US,0,US,M
2023,SE,FT,Machine Learning Engineer,255000,USD,255000,US,0,US,M
2023,SE,FT,Machine Learning Engineer,169000,USD,169000,US,0,US,M
2023,MI,FT,Data Engineer,169000,USD,169000,US,0,US,M
2023,MI,FT,Data Engineer,91000,USD,91000,US,0,US,M
2023,SE,FT,Data Scientist,197500,USD,197500,US,0,US,M
2023,SE,FT,Data Scientist,136500,USD,136500,US,0,US,M
2023,SE,FT,Machine Learning Engineer,248100,USD,248100,US,0,US,M
2023,SE,FT,Machine Learning Engineer,145900,USD,145900,US,0,US,M
2023,SE,FT,Data Analyst,185100,USD,185100,US,0,US,M
2023,SE,FT,Data Analyst,133300,USD,133300,US,0,US,M
2023,MI,FT,Data Analyst,95000,USD,95000,PH,0,PH,M
2023,MI,FT,Data Analyst,70000,USD,70000,PH,0,PH,M
2023,MI,FT,Data Engineer,130000,USD,130000,US,0,US,M
2023,MI,FT,Data Engineer,115000,USD,115000,US,0,US,M
2023,SE,FT,Data Scientist,220000,USD,220000,US,0,US,M
2023,SE,FT,Data Scientist,160000,USD,160000,US,0,US,M
2023,EN,FT,Data Analyst,65000,GBP,79976,GB,0,GB,M
2023,EN,FT,Data Analyst,55000,GBP,67672,GB,0,GB,M
2023,MI,FT,Data DevOps Engineer,88000,EUR,95012,DE,50,DE,L
2023,SE,FT,Data Architect,186000,USD,186000,US,0,US,M
2023,SE,FT,Data Architect,81800,USD,81800,US,0,US,M
2023,SE,FT,Data Scientist,212000,USD,212000,US,0,US,M
2023,SE,FT,Data Scientist,93300,USD,93300,US,0,US,M
2023,SE,FT,Data Scientist,130000,USD,130000,US,100,US,M
2023,SE,FT,Data Scientist,100000,USD,100000,US,100,US,M
2023,MI,FT,Machine Learning Researcher,224400,USD,224400,US,0,US,M
2023,MI,FT,Machine Learning Researcher,138700,USD,138700,US,0,US,M
2023,EX,FT,Data Engineer,210000,USD,210000,US,100,US,M
2023,EX,FT,Data Engineer,168000,USD,168000,US,100,US,M
2023,SE,FT,Machine Learning Engineer,224400,USD,224400,US,0,US,M
2023,SE,FT,Machine Learning Engineer,138700,USD,138700,US,0,US,M
2023,MI,FT,Data Scientist,35000,GBP,43064,GB,0,GB,M
2023,MI,FT,Data Scientist,30000,GBP,36912,GB,0,GB,M
2023,EN,FT,Data Analyst,95000,USD,95000,US,0,US,M
2023,EN,FT,Data Analyst,75000,USD,75000,US,0,US,M
2023,SE,FT,Data Scientist,300000,USD,300000,US,0,US,M
2023,SE,FT,Data Scientist,234000,USD,234000,US,0,US,M
2023,MI,FT,Analytics Engineer,140000,USD,140000,US,0,US,M
2023,MI,FT,Analytics Engineer,120000,USD,120000,US,0,US,M
2023,MI,FT,Machine Learning Engineer,204500,USD,204500,US,0,US,M
2023,MI,FT,Machine Learning Engineer,142200,USD,142200,US,0,US,M
2023,MI,FT,Data Analyst,155000,USD,155000,US,0,US,M
2023,MI,FT,Data Analyst,110000,USD,110000,US,0,US,M
2023,SE,FT,Machine Learning Engineer,266500,USD,266500,US,0,US,M
2023,SE,FT,Machine Learning Engineer,152000,USD,152000,US,0,US,M
2023,MI,FT,Applied Scientist,222200,USD,222200,US,0,US,L
2023,MI,FT,Applied Scientist,136000,USD,136000,US,0,US,L
2023,SE,FT,Machine Learning Engineer,273400,USD,273400,US,0,US,M
2023,SE,FT,Machine Learning Engineer,182200,USD,182200,US,0,US,M
2023,SE,FT,BI Developer,167500,USD,167500,US,0,US,M
2023,SE,FT,BI Developer,106500,USD,106500,US,0,US,M
2023,SE,FT,Data Engineer,185900,USD,185900,US,0,US,M
2023,SE,FT,Data Engineer,129300,USD,129300,US,0,US,M
2023,MI,FT,Business Intelligence Engineer,185000,USD,185000,US,0,US,L
2023,MI,FT,Business Intelligence Engineer,79600,USD,79600,US,0,US,L
2023,SE,FT,Data Engineer,122000,USD,122000,US,0,US,M
2023,SE,FT,Data Engineer,94500,USD,94500,US,0,US,M
2023,SE,FT,Data Engineer,247300,USD,247300,US,0,US,M
2023,SE,FT,Data Engineer,139700,USD,139700,US,0,US,M
2023,SE,FT,Data Analyst,176000,USD,176000,US,0,US,M
2023,SE,FT,Data Analyst,100000,USD,100000,US,0,US,M
2023,SE,FT,Machine Learning Engineer,204500,USD,204500,US,0,US,M
2023,SE,FT,Machine Learning Engineer,142200,USD,142200,US,0,US,M
2023,SE,FT,Research Scientist,247600,USD,247600,US,0,US,L
2023,SE,FT,Research Scientist,127300,USD,127300,US,0,US,L
2023,SE,FT,Data Scientist,223400,USD,223400,US,100,US,M
2023,SE,FT,Data Scientist,186200,USD,186200,US,100,US,M
2023,SE,FT,Data Engineer,167500,USD,167500,US,0,US,M
2023,SE,FT,Data Engineer,106500,USD,106500,US,0,US,M
2023,SE,FT,Data Scientist,185900,USD,185900,US,0,US,M
2023,SE,FT,Data Scientist,129300,USD,129300,US,0,US,M
2023,EN,FT,Research Analyst,72000,USD,72000,US,100,US,M
2023,EN,FT,Research Analyst,64000,USD,64000,US,100,US,M
2023,SE,FT,Analytics Engineer,179820,USD,179820,US,0,US,M
2023,SE,FT,Analytics Engineer,143860,USD,143860,US,0,US,M
2023,SE,FT,Research Scientist,283050,USD,283050,US,0,US,M
2023,SE,FT,Research Scientist,188700,USD,188700,US,0,US,M
2023,MI,FT,Data Engineer,133000,USD,133000,US,0,US,M
2023,MI,FT,Data Engineer,58400,USD,58400,US,0,US,M
2023,SE,FT,Research Engineer,141298,USD,141298,US,0,US,M
2023,SE,FT,Research Engineer,115607,USD,115607,US,0,US,M
2023,EN,FT,Data Analyst,100000,USD,100000,US,0,US,M
2023,EN,FT,Data Analyst,75000,USD,75000,US,0,US,M
2023,SE,FT,Machine Learning Engineer,266500,USD,266500,CA,0,CA,M
2023,SE,FT,Machine Learning Engineer,144400,USD,144400,CA,0,CA,M
2023,SE,FT,Data Engineer,58000,GBP,71363,GB,0,GB,M
2023,SE,FT,Data Engineer,45000,GBP,55368,GB,0,GB,M
2023,SE,FT,Research Scientist,287500,USD,287500,US,0,US,M
2023,SE,FT,Research Scientist,156000,USD,156000,US,0,US,M
2023,MI,FT,Data Analyst,90000,USD,90000,US,100,US,M
2023,MI,FT,Data Analyst,70000,USD,70000,US,100,US,M
2023,SE,FT,Data Engineer,199000,USD,199000,US,0,US,M
2023,SE,FT,Data Engineer,162000,USD,162000,US,0,US,M
2023,MI,FT,Data Engineer,170884,USD,170884,US,100,US,M
2023,MI,FT,Data Engineer,113923,USD,113923,US,100,US,M
2023,MI,FT,Data Engineer,184000,USD,184000,US,0,US,M
2023,MI,FT,Data Engineer,123000,USD,123000,US,0,US,M
2023,SE,FT,Data Scientist,235750,USD,235750,US,0,US,M
2023,SE,FT,Data Scientist,174250,USD,174250,US,0,US,M
2023,MI,FT,Research Scientist,165000,USD,165000,US,100,US,M
2023,MI,FT,Research Scientist,118800,USD,118800,US,100,US,M
2023,SE,FT,Data Engineer,225000,USD,225000,US,100,US,M
2023,SE,FT,Data Engineer,150000,USD,150000,US,100,US,M
2023,MI,FT,Machine Learning Engineer,213900,USD,213900,US,0,US,M
2023,MI,FT,Machine Learning Engineer,116800,USD,116800,US,0,US,M
2023,SE,FT,Data Scientist,220000,USD,220000,US,100,US,M
2023,SE,FT,Data Scientist,150000,USD,150000,US,100,US,M
2023,MI,FT,Data Scientist,150000,USD,150000,US,0,US,M
2023,MI,FT,Data Scientist,100000,USD,100000,US,0,US,M
2023,MI,FT,Machine Learning Engineer,247500,USD,247500,US,0,US,M
2023,MI,FT,Machine Learning Engineer,172200,USD,172200,US,0,US,M
2023,MI,FT,Data Engineer,155000,USD,155000,US,0,US,M
2023,MI,FT,Data Engineer,120000,USD,120000,US,0,US,M
2023,SE,FT,Data Engineer,226700,USD,226700,US,0,US,M
2023,SE,FT,Data Engineer,133300,USD,133300,US,0,US,M
2023,SE,FT,Data Engineer,184000,USD,184000,US,0,US,M
2023,SE,FT,Data Engineer,123000,USD,123000,US,0,US,M
2023,SE,FT,Data Scientist,130000,USD,130000,US,0,US,M
2023,SE,FT,Data Scientist,117000,USD,117000,US,0,US,M
2023,SE,FT,Data Scientist,160000,USD,160000,US,100,US,M
2023,SE,FT,Data Scientist,140000,USD,140000,US,100,US,M
2023,MI,FT,Data Scientist,166000,USD,166000,US,0,US,M
2023,MI,FT,Data Scientist,73000,USD,73000,US,0,US,M
2023,SE,FT,Data Scientist,185900,USD,185900,US,100,US,M
2023,SE,FT,Data Scientist,129300,USD,129300,US,100,US,M
2023,MI,FT,Data Engineer,130000,USD,130000,US,0,US,M
2023,MI,FT,Data Engineer,104000,USD,104000,US,0,US,M
2023,SE,FT,Data Engineer,143000,USD,143000,US,100,US,M
2023,SE,FT,Data Engineer,116000,USD,116000,US,100,US,M
2023,MI,FT,Research Scientist,165000,USD,165000,US,100,US,M
2023,MI,FT,Research Scientist,118800,USD,118800,US,100,US,M
2023,MI,FT,Research Scientist,220000,USD,220000,US,0,US,M
2023,MI,FT,Research Scientist,180000,USD,180000,US,0,US,M
2023,MI,FT,Data Engineer,184000,USD,184000,US,0,US,M
2023,MI,FT,Data Engineer,123000,USD,123000,US,0,US,M
2023,SE,FT,Data Engineer,215000,USD,215000,US,0,US,M
2023,SE,FT,Data Engineer,200000,USD,200000,US,0,US,M
2023,MI,FT,Data Scientist,253000,USD,253000,US,0,US,M
2023,MI,FT,Data Scientist,131000,USD,131000,US,0,US,M
2023,SE,FT,Machine Learning Engineer,220000,USD,220000,US,0,US,M
2023,SE,FT,Machine Learning Engineer,176000,USD,176000,US,0,US,M
2023,EN,FT,Data Quality Analyst,40000,GBP,49216,GB,100,GB,M
2023,EN,FT,Data Quality Analyst,30000,GBP,36912,GB,100,GB,M
2023,SE,FT,Data Scientist,210000,USD,210000,US,0,US,M
2023,SE,FT,Data Scientist,147000,USD,147000,US,0,US,M
2023,MI,FT,Data Product Manager,186000,USD,186000,US,0,US,M
2023,MI,FT,Data Product Manager,161000,USD,161000,US,0,US,M
2023,SE,FT,Machine Learning Engineer,205000,USD,205000,US,0,US,M
2023,SE,FT,Machine Learning Engineer,152000,USD,152000,US,0,US,M
2023,MI,FT,Data Engineer,220000,USD,220000,CA,100,CA,M
2023,MI,FT,Data Engineer,190000,USD,190000,CA,100,CA,M
2023,SE,FT,Machine Learning Engineer,205000,USD,205000,US,0,US,M
2023,SE,FT,Machine Learning Engineer,152000,USD,152000,US,0,US,M
2023,SE,FT,Data Analyst,137000,USD,137000,US,100,US,M
2023,SE,FT,Data Analyst,110000,USD,110000,US,100,US,M
2023,SE,FT,Data Scientist,172000,USD,172000,US,100,US,M
2023,SE,FT,Data Scientist,146000,USD,146000,US,100,US,M
2023,MI,FT,Data Engineer,148000,USD,148000,US,0,US,M
2023,MI,FT,Data Engineer,99000,USD,99000,US,0,US,M
2023,SE,FT,Data Scientist,150000,USD,150000,US,0,US,M
2023,SE,FT,Data Scientist,130000,USD,130000,US,0,US,M
2023,EN,FT,Data Analyst,105000,USD,105000,US,0,US,M
2023,SE,FT,Data Engineer,99000,USD,99000,US,0,US,M
2023,SE,FT,Data Engineer,52500,USD,52500,US,0,US,M
2023,SE,FT,Machine Learning Scientist,180514,USD,180514,US,100,US,M
2023,SE,FT,Machine Learning Scientist,108308,USD,108308,US,100,US,M
2023,SE,FT,Machine Learning Engineer,210000,USD,210000,US,0,US,M
2023,SE,FT,Machine Learning Engineer,147000,USD,147000,US,0,US,M
2023,SE,FT,Data Engineer,290300,USD,290300,US,0,US,M
2023,SE,FT,Data Engineer,196685,USD,196685,US,0,US,M
2023,SE,FT,AI Engineer,220000,USD,220000,US,0,US,M
2023,SE,FT,AI Engineer,176000,USD,176000,US,0,US,M
2023,MI,FT,Machine Learning Engineer,175000,USD,175000,US,0,US,M
2023,MI,FT,Machine Learning Engineer,130000,USD,130000,US,0,US,M
2023,SE,FT,Data Architect,185000,USD,185000,US,0,US,M
2023,SE,FT,Data Architect,150000,USD,150000,US,0,US,M
2023,SE,FT,Data Engineer,145000,USD,145000,US,0,US,M
2023,SE,FT,Data Engineer,115000,USD,115000,US,0,US,M
2023,EN,FT,MLOps Engineer,133000,USD,133000,US,0,US,M
2023,EN,FT,MLOps Engineer,58300,USD,58300,US,0,US,M
2023,SE,FT,Analytics Engineer,115000,USD,115000,US,0,US,M
2023,SE,FT,Analytics Engineer,95000,USD,95000,US,0,US,M
2023,MI,FT,Data Engineer,89600,GBP,110244,GB,0,GB,M
2023,MI,FT,Data Engineer,32000,GBP,39372,GB,0,GB,M
2023,EN,FT,Data Scientist,40000,EUR,43187,ES,0,ES,M
2023,EN,FT,Data Scientist,29000,EUR,31310,ES,0,ES,M
2023,EN,FT,Data Analyst,75000,GBP,92280,GB,0,GB,M
2023,EN,FT,Data Analyst,55000,GBP,67672,GB,0,GB,M
2023,EN,FT,Data Analyst,75000,GBP,92280,GB,0,GB,M
2023,EN,FT,Data Analyst,55000,GBP,67672,GB,0,GB,M
2023,SE,FT,Data Scientist,70000,EUR,75577,IE,50,IE,L
2023,SE,FT,Deep Learning Engineer,409500,CAD,303387,CA,100,CA,M
2023,SE,FT,Deep Learning Engineer,135000,CAD,100017,CA,100,CA,M
2023,SE,FT,Data Engineer,230300,USD,230300,US,0,US,M
2023,SE,FT,Data Engineer,140000,USD,140000,US,0,US,M
2023,SE,FT,Data Engineer,124935,USD,124935,ZA,0,ZA,M
2023,SE,FT,Data Engineer,76050,USD,76050,ZA,0,ZA,M
2023,SE,FT,Data Scientist,224800,USD,224800,US,0,US,M
2023,SE,FT,Data Scientist,131100,USD,131100,US,0,US,M
2023,SE,FT,Data Scientist,258000,USD,258000,US,0,US,M
2023,SE,FT,Data Scientist,171000,USD,171000,US,0,US,M
2023,SE,FT,Data Engineer,196000,USD,196000,US,0,US,M
2023,SE,FT,Data Engineer,121000,USD,121000,US,0,US,M
2023,SE,FT,Data Engineer,195800,USD,195800,US,0,US,M
2023,SE,FT,Data Engineer,171500,USD,171500,US,0,US,M
2023,MI,FT,Data Modeler,166000,USD,166000,US,0,US,M
2023,MI,FT,Data Modeler,73100,USD,73100,US,0,US,M
2023,MI,FT,Data Scientist,220000,USD,220000,US,0,US,M
2023,MI,FT,Data Scientist,160000,USD,160000,US,0,US,M
2023,EN,FT,Data Scientist,85000,USD,85000,US,0,US,M
2023,EN,FT,Data Scientist,65000,USD,65000,US,0,US,M
2023,MI,FT,Machine Learning Engineer,220000,USD,220000,US,0,US,M
2023,MI,FT,Machine Learning Engineer,100000,USD,100000,US,0,US,M
2023,SE,FT,Data Scientist,185000,USD,185000,US,0,US,M
2023,SE,FT,Data Scientist,152000,USD,152000,US,0,US,M
2023,MI,FT,Machine Learning Engineer,220000,USD,220000,US,0,US,M
2023,MI,FT,Machine Learning Engineer,100000,USD,100000,US,0,US,M
2023,SE,FT,Data Scientist,45000,EUR,48585,ES,0,ES,M
2023,SE,FT,Data Scientist,36000,EUR,38868,ES,0,ES,M
2023,MI,FT,Machine Learning Engineer,220000,USD,220000,US,0,US,M
2023,MI,FT,Machine Learning Engineer,100000,USD,100000,US,0,US,M
2023,MI,FT,Machine Learning Engineer,220000,USD,220000,US,0,US,M
2023,MI,FT,Machine Learning Engineer,100000,USD,100000,US,0,US,M
2023,MI,FT,Research Engineer,220000,USD,220000,US,0,US,M
2023,MI,FT,Research Engineer,100000,USD,100000,US,0,US,M
2023,SE,FT,Data Analyst,110000,USD,110000,PL,100,PL,M
2023,SE,FT,Data Analyst,80000,USD,80000,PL,100,PL,M
2023,SE,FT,Data Analyst,30000,GBP,36912,GB,100,GB,S
2023,SE,FT,Data Scientist,150200,USD,150200,US,0,US,M
2023,SE,FT,Data Scientist,71000,USD,71000,US,0,US,M
2023,SE,FT,Data Engineer,167200,USD,167200,US,0,US,M
2023,SE,FT,Data Engineer,121000,USD,121000,US,0,US,M
2023,SE,FT,Data Engineer,133000,USD,133000,US,0,US,M
2023,SE,FT,Data Engineer,58400,USD,58400,US,0,US,M
2023,MI,FT,Data Scientist,135000,USD,135000,US,0,US,M
2023,MI,FT,Data Scientist,110000,USD,110000,US,0,US,M
2023,MI,FT,Data Product Owner,85000,GBP,104584,GB,0,GB,M
2023,MI,FT,Data Product Owner,60000,GBP,73824,GB,0,GB,M
2023,SE,FT,Data Scientist,187415,USD,187415,US,0,US,M
2023,SE,FT,Data Scientist,114080,USD,114080,US,0,US,M
2023,SE,FT,Data Scientist,187415,USD,187415,US,0,US,M
2023,SE,FT,Data Scientist,114080,USD,114080,US,0,US,M
2023,MI,FT,Data Engineer,166000,USD,166000,US,0,US,M
2023,MI,FT,Data Engineer,73100,USD,73100,US,0,US,M
2023,SE,FT,Machine Learning Engineer,306400,USD,306400,CA,0,CA,M
2023,SE,FT,Machine Learning Engineer,168700,USD,168700,CA,0,CA,M
2023,SE,FT,Data Scientist,187415,USD,187415,US,0,US,M
2023,SE,FT,Data Scientist,114080,USD,114080,US,0,US,M
2023,EN,FT,Data Analyst,26800,GBP,32974,GB,0,GB,M
2023,EN,FT,Data Analyst,26800,GBP,32974,GB,0,GB,M
2023,SE,FT,Data Analyst,165000,USD,165000,US,100,US,M
2023,SE,FT,Data Analyst,140000,USD,140000,US,100,US,M
2023,MI,FT,Analytics Engineer,700000,USD,700000,US,100,US,M
2023,MI,FT,Analytics Engineer,150000,USD,150000,US,100,US,M
2023,MI,FT,Data Analyst,167000,USD,167000,US,0,US,M
2023,MI,FT,Data Analyst,121000,USD,121000,US,0,US,M
2023,MI,FT,Business Intelligence Engineer,185000,USD,185000,US,0,US,L
2023,MI,FT,Business Intelligence Engineer,79600,USD,79600,US,0,US,L
2023,SE,FT,Data Scientist,190200,USD,190200,US,0,US,M
2023,SE,FT,Data Scientist,95100,USD,95100,US,0,US,M
2023,EN,FT,Data Analyst,133000,USD,133000,US,0,US,M
2023,EN,FT,Data Analyst,58400,USD,58400,US,0,US,M
2023,MI,FT,Data Engineer,90000,USD,90000,US,100,US,M
2023,MI,FT,Data Engineer,70000,USD,70000,US,100,US,M
2023,MI,FT,Data Scientist,166000,USD,166000,US,0,US,M
2023,MI,FT,Data Scientist,73100,USD,73100,US,0,US,M
2023,SE,FT,Data Engineer,135000,USD,135000,US,0,US,M
2023,SE,FT,Data Engineer,100000,USD,100000,US,0,US,M
2023,SE,FT,Data Engineer,180514,USD,180514,GB,100,GB,M
2023,SE,FT,Data Engineer,108308,USD,108308,GB,100,GB,M
2023,SE,FT,Machine Learning Engineer,294000,USD,294000,US,0,US,M
2023,SE,FT,Machine Learning Engineer,192000,USD,192000,US,0,US,M
2023,SE,FT,Machine Learning Engineer,266000,USD,266000,US,0,US,M
2023,SE,FT,Machine Learning Engineer,167000,USD,167000,US,0,US,M
2023,SE,FT,Machine Learning Engineer,200000,USD,200000,US,100,US,M
2023,SE,FT,Machine Learning Engineer,150000,USD,150000,US,100,US,M
2023,EN,FT,Data Analyst,163800,USD,163800,US,100,US,M
2023,EN,FT,Data Analyst,88200,USD,88200,US,100,US,M
2023,SE,FT,Data Analyst,180400,USD,180400,US,0,US,M
2023,SE,FT,Data Analyst,138800,USD,138800,US,0,US,M
2023,MI,FT,Data Analyst,55000,GBP,67672,GB,0,GB,M
2023,MI,FT,Data Analyst,45000,GBP,55368,GB,0,GB,M
2023,SE,FT,Machine Learning Engineer,319000,USD,319000,US,100,US,M
2023,SE,FT,Machine Learning Engineer,206000,USD,206000,US,100,US,M
2023,SE,FT,Data Scientist,215000,USD,215000,US,0,US,M
2023,SE,FT,Data Scientist,142000,USD,142000,US,0,US,M
2023,SE,FT,Data Scientist,266000,USD,266000,US,0,US,M
2023,SE,FT,Data Scientist,167000,USD,167000,US,0,US,M
2023,SE,FT,Data Analyst,140130,USD,140130,US,0,US,M
2023,SE,FT,Data Analyst,84870,USD,84870,US,0,US,M
2023,MI,FT,Data Engineer,178300,USD,178300,US,0,US,M
2023,MI,FT,Data Engineer,105400,USD,105400,US,0,US,M
2023,MI,FT,Applied Scientist,222200,USD,222200,US,0,US,L
2023,MI,FT,Applied Scientist,136000,USD,136000,US,0,US,L
2023,SE,FT,Machine Learning Engineer,215000,USD,215000,US,0,US,M
2023,SE,FT,Machine Learning Engineer,142000,USD,142000,US,0,US,M
2023,SE,FT,Research Scientist,240000,USD,240000,US,100,US,M
2023,SE,FT,Research Scientist,210000,USD,210000,US,100,US,M
2023,SE,FT,Data Engineer,122000,USD,122000,US,0,US,M
2023,SE,FT,Data Engineer,94500,USD,94500,US,0,US,M
2023,MI,FT,Data Engineer,750000,USD,750000,US,0,US,M
2023,MI,FT,Data Engineer,150000,USD,150000,US,0,US,M
2023,SE,FT,Data Scientist,116000,USD,116000,US,0,US,M
2023,SE,FT,Data Scientist,90000,USD,90000,US,0,US,M
2023,SE,FT,Data Scientist,145000,USD,145000,US,0,US,M
2023,SE,FT,Data Scientist,128000,USD,128000,US,0,US,M
2023,SE,FT,Data Engineer,154000,USD,154000,US,100,US,M
2023,SE,FT,Data Engineer,126000,USD,126000,US,100,US,M
2023,SE,FT,Machine Learning Scientist,240000,USD,240000,US,0,US,M
2023,SE,FT,Machine Learning Scientist,157250,USD,157250,US,0,US,M
2023,EX,FT,Data Engineer,219650,USD,219650,US,100,US,M
2023,EX,FT,Data Engineer,136000,USD,136000,US,100,US,M
2023,SE,FT,Data Scientist,150000,USD,150000,US,0,US,M
2023,MI,FT,Machine Learning Engineer,180000,USD,180000,US,100,US,M
2023,MI,FT,Machine Learning Engineer,125000,USD,125000,US,100,US,M
2023,SE,FT,Data Scientist,247600,USD,247600,US,0,US,L
2023,SE,FT,Data Scientist,127300,USD,127300,US,0,US,L
2023,MI,FT,Data Scientist,60000,USD,60000,US,0,US,M
2023,MI,FT,Data Scientist,55000,USD,55000,US,0,US,M
2023,MI,FT,Data Engineer,250000,USD,250000,US,0,US,M
2023,MI,FT,Data Engineer,125000,USD,125000,US,0,US,M
2023,SE,FT,Machine Learning Engineer,190000,USD,190000,US,100,US,M
2023,SE,FT,Machine Learning Engineer,170000,USD,170000,US,100,US,M
2023,SE,FT,Data Scientist,202600,USD,202600,US,100,US,M
2023,SE,FT,Data Scientist,168800,USD,168800,US,100,US,M
2023,MI,FT,Data Engineer,132000,USD,132000,US,100,US,M
2023,MI,FT,Data Engineer,111000,USD,111000,US,100,US,M
2023,SE,FT,Data Scientist,203000,USD,203000,US,100,US,M
2023,SE,FT,Data Scientist,127000,USD,127000,US,100,US,M
2023,MI,FT,Business Intelligence Analyst,125009,USD,125009,US,100,US,M
2023,MI,FT,Business Intelligence Analyst,83339,USD,83339,US,100,US,M
2023,SE,FT,Data Analyst,112200,USD,112200,US,100,US,M
2023,SE,FT,Data Analyst,91800,USD,91800,US,100,US,M
2023,SE,FT,Machine Learning Engineer,200000,USD,200000,US,0,US,M
2023,SE,FT,Machine Learning Engineer,160000,USD,160000,US,0,US,M
2023,SE,FT,AI Developer,150000,EUR,161952,FR,50,FR,M
2023,SE,FT,Data Architect,185000,USD,185000,US,0,US,M
2023,SE,FT,Data Architect,150000,USD,150000,US,0,US,M
2023,MI,FT,Data Engineer,160000,USD,160000,US,0,US,M
2023,MI,FT,Data Engineer,130000,USD,130000,US,0,US,M
2023,SE,FT,Data Engineer,145000,USD,145000,US,0,US,M
2023,SE,FT,Data Engineer,115000,USD,115000,US,0,US,M
2023,EN,PT,Data Scientist,133000,USD,133000,US,0,US,M
2023,EN,PT,Data Scientist,58300,USD,58300,US,0,US,M
2023,SE,FT,Data Engineer,254000,USD,254000,US,0,US,M
2023,SE,FT,Data Engineer,159000,USD,159000,US,0,US,M
2023,SE,FT,Data Engineer,170000,USD,170000,US,0,US,M
2023,SE,FT,Data Engineer,85000,USD,85000,US,0,US,M
2023,MI,FT,Data Scientist,130500,USD,130500,US,0,US,M
2023,MI,FT,Data Scientist,116000,USD,116000,US,0,US,M
2023,EN,FT,Research Analyst,81400,USD,81400,US,100,US,M
2023,EN,FT,Research Analyst,43500,USD,43500,US,100,US,M
2023,MI,FT,Data Engineer,169000,USD,169000,US,0,US,M
2023,MI,FT,Data Engineer,92000,USD,92000,US,0,US,M
2023,SE,FT,Data Analyst,166000,USD,166000,US,0,US,M
2023,SE,FT,Data Analyst,73100,USD,73100,US,0,US,M
2023,SE,FT,Research Scientist,190000,USD,190000,US,0,US,M
2023,SE,FT,Research Scientist,165000,USD,165000,US,0,US,M
2023,SE,FT,Machine Learning Engineer,305600,USD,305600,US,0,US,M
2023,SE,FT,Machine Learning Engineer,146600,USD,146600,US,0,US,M
2023,SE,FT,Data Analyst,150000,USD,150000,US,0,US,M
2023,SE,FT,Data Analyst,120000,USD,120000,US,0,US,M
2023,SE,FT,Data Engineer,275000,USD,275000,US,0,US,M
2023,SE,FT,Data Engineer,146400,USD,146400,US,0,US,M
2023,SE,FT,Data Scientist,208500,USD,208500,US,0,US,M
2023,SE,FT,Data Scientist,165000,USD,165000,US,0,US,M
2023,SE,FT,Data Scientist,258700,USD,258700,US,0,US,M
2023,SE,FT,Data Scientist,172500,USD,172500,US,0,US,M
2023,MI,FT,Data Engineer,150000,USD,150000,US,0,US,M
2023,MI,FT,Data Engineer,130000,USD,130000,US,0,US,M
2023,SE,FT,Data Engineer,185000,USD,185000,US,100,US,M
2023,SE,FT,Data Engineer,150000,USD,150000,US,100,US,M
2023,SE,FT,Data Analyst,166000,USD,166000,US,0,US,M
2023,SE,FT,Data Analyst,73100,USD,73100,US,0,US,M
2023,SE,FT,Business Intelligence Analyst,198200,USD,198200,US,0,US,M
2023,SE,FT,Business Intelligence Analyst,110200,USD,110200,US,0,US,M
2023,SE,FT,Machine Learning Researcher,166000,USD,166000,US,0,US,M
2023,SE,FT,Machine Learning Researcher,73100,USD,73100,US,0,US,M
2023,SE,FT,Machine Learning Researcher,212000,USD,212000,US,0,US,M
2023,SE,FT,Machine Learning Researcher,93300,USD,93300,US,0,US,M
2023,SE,FT,AI Engineer,212000,USD,212000,US,0,US,M
2023,SE,FT,AI Engineer,93300,USD,93300,US,0,US,M
2023,SE,FT,Data Engineer,166000,USD,166000,US,0,US,M
2023,SE,FT,Data Engineer,73100,USD,73100,US,0,US,M
2023,MI,FT,Data Engineer,167100,USD,167100,US,0,US,M
2023,MI,FT,Data Engineer,111400,USD,111400,US,0,US,M
2023,SE,FT,Data Engineer,133000,USD,133000,US,0,US,M
2023,SE,FT,Data Engineer,58400,USD,58400,US,0,US,M
2023,EN,FT,Data Scientist,166000,USD,166000,US,100,US,M
2023,EN,FT,Data Scientist,73100,USD,73100,US,100,US,M
2023,EX,FT,Data Analyst,170000,USD,170000,US,0,US,M
2023,EX,FT,Data Analyst,145000,USD,145000,US,0,US,M
2023,SE,FT,Data Scientist,212000,USD,212000,US,0,US,M
2023,SE,FT,Data Scientist,93300,USD,93300,US,0,US,M
2023,SE,FT,Data Architect,170000,USD,170000,US,100,US,M
2023,SE,FT,Data Architect,135000,USD,135000,US,100,US,M
2023,SE,FT,Data Engineer,145000,USD,145000,US,0,US,M
2023,SE,FT,Data Engineer,115000,USD,115000,US,0,US,M
2023,SE,FT,Data Engineer,139810,USD,139810,US,0,US,M
2023,SE,FT,Data Engineer,95325,USD,95325,US,0,US,M
2023,SE,FT,Research Scientist,278700,USD,278700,US,0,US,M
2023,SE,FT,Research Scientist,159300,USD,159300,US,0,US,M
2023,SE,FT,Machine Learning Engineer,226700,USD,226700,CA,100,CA,M
2023,SE,FT,Machine Learning Engineer,151100,USD,151100,CA,100,CA,M
2023,SE,FT,Data Engineer,247300,USD,247300,US,100,US,M
2023,SE,FT,Data Engineer,139700,USD,139700,US,100,US,M
2023,SE,FT,Data Scientist,188000,USD,188000,US,100,US,M
2023,SE,FT,Data Scientist,139000,USD,139000,US,100,US,M
2023,SE,FT,Data Scientist,750000,USD,750000,US,0,US,M
2023,SE,FT,Data Scientist,150000,USD,150000,US,0,US,M
2023,SE,FT,Data Engineer,160000,USD,160000,US,0,US,M
2023,SE,FT,Data Engineer,94000,USD,94000,US,0,US,M
2023,MI,FT,Data Manager,127000,USD,127000,US,100,US,M
2023,MI,FT,Data Manager,65000,USD,65000,US,100,US,M
2023,SE,FT,Machine Learning Engineer,276000,USD,276000,US,0,US,M
2023,SE,FT,Machine Learning Engineer,174000,USD,174000,US,0,US,M
2023,SE,FT,Applied Scientist,260000,USD,260000,US,0,US,L
2023,SE,FT,Applied Scientist,136000,USD,136000,US,0,US,L
2023,EX,FT,Analytics Engineer,250000,USD,250000,US,100,US,M
2023,EX,FT,Analytics Engineer,210000,USD,210000,US,100,US,M
2023,SE,FT,Data Scientist,188000,USD,188000,US,100,US,M
2023,SE,FT,Data Scientist,139000,USD,139000,US,100,US,M
2023,SE,FT,Machine Learning Engineer,238000,USD,238000,US,0,US,M
2023,SE,FT,Machine Learning Engineer,176000,USD,176000,US,0,US,M
2023,SE,FT,Machine Learning Engineer,204500,USD,204500,US,0,US,M
2023,SE,FT,Machine Learning Engineer,142200,USD,142200,US,0,US,M
2023,EX,FT,Data Scientist,212000,USD,212000,US,0,US,M
2023,EX,FT,Data Scientist,190000,USD,190000,US,0,US,M
2023,SE,FT,Research Engineer,261500,USD,261500,US,0,US,L
2023,SE,FT,Research Engineer,134500,USD,134500,US,0,US,L
2023,SE,FT,Data Architect,239000,USD,239000,US,0,US,L
2023,SE,FT,Data Architect,122900,USD,122900,US,0,US,L
2023,SE,FT,Analytics Engineer,115000,USD,115000,US,0,US,M
2023,SE,FT,Analytics Engineer,95000,USD,95000,US,0,US,M
2023,SE,FT,Data Scientist,158500,USD,158500,CA,100,CA,M
2023,SE,FT,Data Scientist,115000,USD,115000,CA,100,CA,M
2023,SE,FT,Machine Learning Engineer,331640,USD,331640,US,0,US,M
2023,SE,FT,Machine Learning Engineer,267720,USD,267720,US,0,US,M
2023,SE,FT,Data Engineer,180000,USD,180000,US,0,US,M
2023,SE,FT,Data Engineer,90000,USD,90000,US,0,US,M
2023,MI,FT,Data Analyst,83000,USD,83000,US,100,US,M
2023,MI,FT,Data Analyst,66000,USD,66000,US,100,US,M
2023,SE,FT,Data Scientist,224250,USD,224250,US,0,US,M
2023,SE,FT,Data Scientist,121550,USD,121550,US,0,US,M
2023,MI,FT,Data Scientist,166000,USD,166000,US,0,US,M
2023,MI,FT,Data Scientist,73100,USD,73100,US,0,US,M
2023,SE,FT,Research Engineer,141298,USD,141298,US,0,US,M
2023,SE,FT,Research Engineer,115607,USD,115607,US,0,US,M
2023,MI,FT,Data Engineer,109000,USD,109000,US,100,US,M
2023,MI,FT,Data Engineer,100000,USD,100000,US,100,US,M
2023,SE,FT,Data Scientist,205400,USD,205400,US,0,US,M
2023,SE,FT,Data Scientist,92900,USD,92900,US,0,US,M
2023,EN,FT,Machine Learning Engineer,220000,USD,220000,US,0,US,M
2023,EN,FT,Machine Learning Engineer,130000,USD,130000,US,0,US,M
2023,MI,FT,Data Scientist,160000,USD,160000,US,100,US,M
2023,MI,FT,Data Scientist,110000,USD,110000,US,100,US,M
2023,SE,FT,Data Engineer,230000,USD,230000,US,0,US,M
2023,SE,FT,Data Engineer,100000,USD,100000,US,0,US,M
2023,SE,FT,Business Intelligence Engineer,186030,USD,186030,US,100,US,M
2023,SE,FT,Business Intelligence Engineer,110200,USD,110200,US,100,US,M
2023,MI,FT,Research Engineer,130000,USD,130000,US,100,US,M
2023,MI,FT,Research Engineer,100000,USD,100000,US,100,US,M
2023,MI,FT,Data Scientist,242000,USD,242000,US,0,US,M
2023,MI,FT,Data Scientist,106200,USD,106200,US,0,US,M
2023,EX,FT,Data Scientist,220000,USD,220000,US,100,US,M
2023,EX,FT,Data Scientist,120000,USD,120000,US,100,US,M
2023,SE,FT,Data Scientist,258000,USD,258000,US,0,US,M
2023,SE,FT,Data Scientist,171000,USD,171000,US,0,US,M
2023,EN,FT,Research Analyst,91200,USD,91200,US,0,US,M
2023,EN,FT,Research Analyst,58200,USD,58200,US,0,US,M
2023,SE,FT,Data Scientist,192000,USD,192000,US,100,US,M
2023,SE,FT,Data Scientist,178000,USD,178000,US,100,US,M
2023,SE,FT,Data Engineer,210000,USD,210000,US,100,US,M
2023,SE,FT,Data Engineer,130000,USD,130000,US,100,US,M
2023,EN,FT,Research Engineer,160000,USD,160000,US,0,US,M
2023,EN,FT,Research Engineer,150000,USD,150000,US,0,US,M
2023,SE,FT,Applied Scientist,260000,USD,260000,US,0,US,L
2023,SE,FT,Applied Scientist,136000,USD,136000,US,0,US,L
2023,SE,FT,Data Architect,206000,USD,206000,US,0,US,M
2023,SE,FT,Data Architect,134000,USD,134000,US,0,US,M
2023,SE,FT,Data Scientist,180000,USD,180000,US,100,US,M
2023,SE,FT,Data Scientist,135000,USD,135000,US,100,US,M
2023,SE,FT,Data Scientist,200000,USD,200000,US,0,US,M
2023,SE,FT,Data Scientist,120000,USD,120000,US,0,US,M
2023,SE,FT,Machine Learning Engineer,212000,USD,212000,US,0,US,M
2023,SE,FT,Machine Learning Engineer,93300,USD,93300,US,0,US,M
2023,MI,FT,Data Engineer,106700,USD,106700,US,0,US,M
2023,MI,FT,Data Engineer,57700,USD,57700,US,0,US,M
2023,SE,FT,Machine Learning Engineer,266400,USD,266400,US,0,US,M
2023,SE,FT,Machine Learning Engineer,173300,USD,173300,US,0,US,M
2023,MI,FT,Data Analyst,125000,USD,125000,US,0,US,M
2023,MI,FT,Data Analyst,100000,USD,100000,US,0,US,M
2023,SE,FT,Business Intelligence Engineer,165600,USD,165600,US,0,US,L
2023,SE,FT,Business Intelligence Engineer,65800,USD,65800,US,0,US,L
2023,MI,FT,Data Scientist,210400,USD,210400,US,0,US,M
2023,MI,FT,Data Scientist,170500,USD,170500,US,0,US,M
2023,SE,FT,Data Scientist,212000,USD,212000,US,0,US,M
2023,SE,FT,Data Scientist,93300,USD,93300,US,0,US,M
2023,MI,FT,Data Engineer,170000,USD,170000,US,100,US,M
2023,MI,FT,Data Engineer,160000,USD,160000,US,100,US,M
2023,SE,FT,Data Scientist,185400,USD,185400,US,100,US,M
2023,SE,FT,Data Scientist,81536,USD,81536,US,100,US,M
2023,SE,FT,Data Analyst,193000,USD,193000,US,0,US,M
2023,SE,FT,Data Analyst,158000,USD,158000,US,0,US,M
2023,SE,FT,Data Engineer,170000,USD,170000,US,100,US,M
2023,SE,FT,Data Engineer,100000,USD,100000,US,100,US,M
2023,MI,FT,Applied Scientist,222200,USD,222200,US,0,US,L
2023,MI,FT,Applied Scientist,136000,USD,136000,US,0,US,L
2023,MI,FT,Data Engineer,148000,USD,148000,US,0,US,M
2023,MI,FT,Data Engineer,99000,USD,99000,US,0,US,M
2023,SE,FT,Machine Learning Engineer,204500,USD,204500,US,0,US,M
2023,SE,FT,Machine Learning Engineer,142200,USD,142200,US,0,US,M
2023,MI,FT,Data Analyst,95000,USD,95000,US,100,US,M
2023,MI,FT,Data Analyst,75000,USD,75000,US,100,US,M
2023,MI,FT,Data Analyst,115000,USD,115000,US,0,US,M
2023,MI,FT,Data Analyst,105000,USD,105000,US,0,US,M
2023,SE,FT,Data Engineer,195800,USD,195800,US,0,US,M
2023,SE,FT,Data Engineer,161900,USD,161900,US,0,US,M
2023,MI,FT,Data Analyst,90000,USD,90000,US,100,US,M
2023,MI,FT,Data Analyst,80000,USD,80000,US,100,US,M
2023,SE,FT,Data Analyst,192500,USD,192500,US,100,US,M
2023,SE,FT,Data Analyst,140000,USD,140000,US,100,US,M
2023,MI,FT,Analytics Engineer,100000,USD,100000,US,0,US,M
2023,MI,FT,Analytics Engineer,75000,USD,75000,US,0,US,M
2023,MI,FT,Data Engineer,169000,USD,169000,US,0,US,M
2023,MI,FT,Data Engineer,91000,USD,91000,US,0,US,M
2023,SE,FT,Machine Learning Engineer,216600,USD,216600,CA,0,CA,M
2023,SE,FT,Machine Learning Engineer,144400,USD,144400,CA,0,CA,M
2023,SE,FT,Data Analyst,150000,USD,150000,US,0,US,M
2023,SE,FT,Data Analyst,120000,USD,120000,US,0,US,M
2023,MI,FT,Data Engineer,133000,USD,133000,US,0,US,M
2023,MI,FT,Data Engineer,58400,USD,58400,US,0,US,M
2023,SE,FT,Data Scientist,166000,USD,166000,US,0,US,M
2023,SE,FT,Data Scientist,73100,USD,73100,US,0,US,M
2023,MI,FT,Data Scientist,166000,USD,166000,US,0,US,M
2023,MI,FT,Data Scientist,73100,USD,73100,US,0,US,M
2023,SE,FT,Machine Learning Engineer,336300,USD,336300,US,0,US,M
2023,SE,FT,Machine Learning Engineer,179000,USD,179000,US,0,US,M
2023,SE,FT,Machine Learning Engineer,296400,USD,296400,US,0,US,M
2023,SE,FT,Machine Learning Engineer,159600,USD,159600,US,0,US,M
2023,SE,FT,Data Scientist,212000,USD,212000,US,0,US,M
2023,SE,FT,Data Scientist,93300,USD,93300,US,0,US,M
2023,SE,FT,Machine Learning Engineer,204500,USD,204500,US,0,US,M
2023,SE,FT,Machine Learning Engineer,142200,USD,142200,US,0,US,M
2023,SE,FT,Head of Data,258500,USD,258500,US,100,US,M
2023,SE,FT,Head of Data,226500,USD,226500,US,100,US,M
2023,SE,FT,Research Scientist,247250,USD,247250,US,0,US,M
2023,SE,FT,Research Scientist,118400,USD,118400,US,0,US,M
2023,MI,FT,BI Analyst,160000,USD,160000,US,0,US,M
2023,MI,FT,BI Analyst,140000,USD,140000,US,0,US,M
2023,SE,FT,Machine Learning Engineer,212000,USD,212000,US,0,US,M
2023,SE,FT,Machine Learning Engineer,93400,USD,93400,US,0,US,M
2023,SE,FT,Data Scientist,140000,GBP,172256,GB,100,GB,M
2023,SE,FT,Data Scientist,100000,GBP,123040,GB,100,GB,M
2023,SE,FT,Data Scientist,219000,USD,219000,US,0,US,M
2023,SE,FT,Data Scientist,132000,USD,132000,US,0,US,M
2023,SE,FT,Data Scientist,130500,USD,130500,US,0,US,M
2023,SE,FT,Data Scientist,116000,USD,116000,US,0,US,M
2023,SE,FT,Research Scientist,323300,USD,323300,US,0,US,M
2023,SE,FT,Research Scientist,184700,USD,184700,US,0,US,M
2023,SE,FT,Machine Learning Scientist,250000,USD,250000,US,0,US,M
2023,SE,FT,Machine Learning Scientist,200000,USD,200000,US,0,US,M
2023,MI,FT,Data Scientist,136000,USD,136000,US,0,US,M
2023,MI,FT,Data Scientist,91000,USD,91000,US,0,US,M
2023,SE,FT,Data Scientist,185900,USD,185900,US,0,US,M
2023,SE,FT,Data Scientist,129300,USD,129300,US,0,US,M
2023,SE,FT,Data Analyst,143000,USD,143000,CA,100,CA,M
2023,SE,FT,Data Analyst,78000,USD,78000,CA,100,CA,M
2023,EN,FT,Data Scientist,135000,USD,135000,US,0,US,M
2023,EN,FT,Data Scientist,110000,USD,110000,US,0,US,M
2023,MI,FT,Data Engineer,142000,USD,142000,CA,0,CA,M
2023,MI,FT,Data Engineer,102200,USD,102200,CA,0,CA,M
2023,SE,FT,Data Scientist,137500,USD,137500,US,0,US,M
2023,SE,FT,Data Scientist,81500,USD,81500,US,0,US,M
2023,SE,FT,BI Analyst,202000,USD,202000,US,100,US,M
2023,SE,FT,BI Analyst,147000,USD,147000,US,100,US,M
2023,SE,FT,Data Scientist,140000,USD,140000,US,0,US,M
2023,SE,FT,Data Scientist,125000,USD,125000,US,0,US,M
2023,SE,FT,Data Scientist,170625,USD,170625,US,0,US,M
2023,SE,FT,Data Scientist,127950,USD,127950,US,0,US,M
2023,MI,FT,Data Scientist,100000,GBP,123040,GB,0,GB,M
2023,MI,FT,Data Scientist,70000,GBP,86128,GB,0,GB,M
2023,EN,FT,Data Analyst,85256,USD,85256,US,0,US,M
2023,EN,FT,Data Analyst,71615,USD,71615,US,0,US,M
2023,EN,FT,Data Scientist,100000,USD,100000,US,0,US,L
2023,MI,FT,Research Analyst,100000,USD,100000,US,0,US,S
2023,EX,FT,Data Engineer,185000,USD,185000,US,0,US,M
2023,EX,FT,Data Engineer,125000,USD,125000,US,0,US,M
2023,EN,FT,Data Management Analyst,60000,USD,60000,US,100,US,M
2023,EN,FT,Data Management Analyst,52000,USD,52000,US,100,US,M
2023,SE,FT,Machine Learning Engineer,300000,USD,300000,US,0,US,M
2023,SE,FT,Machine Learning Engineer,260000,USD,260000,US,0,US,M
2023,SE,FT,Data Scientist,225000,USD,225000,US,0,US,M
2023,SE,FT,Data Scientist,170000,USD,170000,US,0,US,M
2023,SE,FT,Business Intelligence Analyst,100000,USD,100000,US,100,US,M
2023,SE,FT,Business Intelligence Analyst,80000,USD,80000,US,100,US,M
2023,SE,FT,Machine Learning Modeler,204500,USD,204500,US,0,US,M
2023,SE,FT,Machine Learning Modeler,142200,USD,142200,US,0,US,M
2023,SE,FT,Data Scientist,135000,USD,135000,US,100,US,M
2023,SE,FT,Data Scientist,100000,USD,100000,US,100,US,M
2023,SE,FT,Data Scientist,297300,USD,297300,US,100,US,M
2023,SE,FT,Data Scientist,198200,USD,198200,US,100,US,M
2023,SE,FT,Machine Learning Engineer,240000,USD,240000,US,100,US,M
2023,SE,FT,Machine Learning Engineer,190000,USD,190000,US,100,US,M
2023,SE,FT,Business Intelligence Engineer,185000,USD,185000,US,0,US,L
2023,SE,FT,Business Intelligence Engineer,79600,USD,79600,US,0,US,L
2023,SE,FT,Applied Scientist,222200,USD,222200,US,0,US,L
2023,SE,FT,Applied Scientist,136000,USD,136000,US,0,US,L
2023,SE,FT,Data Engineer,110000,USD,110000,US,100,US,M
2023,SE,FT,Data Engineer,95000,USD,95000,US,100,US,M
2023,SE,FT,Machine Learning Engineer,324000,USD,324000,US,0,US,M
2023,SE,FT,Machine Learning Engineer,159000,USD,159000,US,0,US,M
2023,SE,FT,Machine Learning Engineer,207700,USD,207700,CA,0,CA,M
2023,SE,FT,Machine Learning Engineer,133700,USD,133700,CA,0,CA,M
2023,MI,FT,Research Analyst,71000,USD,71000,US,100,US,M
2023,MI,FT,Research Analyst,57000,USD,57000,US,100,US,M
2023,SE,FT,Applied Scientist,222200,USD,222200,US,0,US,L
2023,SE,FT,Applied Scientist,136000,USD,136000,US,0,US,L
2023,SE,FT,Machine Learning Engineer,200000,USD,200000,US,100,US,M
2023,SE,FT,Machine Learning Engineer,150000,USD,150000,US,100,US,M
2023,MI,FT,Data Analyst,59000,USD,59000,US,100,US,M
2023,MI,FT,Data Analyst,50000,USD,50000,US,100,US,M
2023,SE,FT,Machine Learning Engineer,234000,USD,234000,US,100,US,M
2023,SE,FT,Machine Learning Engineer,208000,USD,208000,US,100,US,M
2023,SE,FT,Analytics Engineer,187000,USD,187000,US,100,US,M
2023,SE,FT,Analytics Engineer,128000,USD,128000,US,100,US,M
2023,SE,FT,BI Analyst,202000,USD,202000,US,100,US,M
2023,SE,FT,BI Analyst,147000,USD,147000,US,100,US,M
2023,MI,CT,AI Engineer,50000,USD,50000,CZ,100,CA,L
2023,MI,FT,Data Scientist,60000,EUR,64781,ES,100,ES,L
2023,EN,FT,Data Scientist,53000,EUR,57223,NL,50,NL,L
2023,MI,FL,Data Scientist,21000,USD,21000,PK,100,LU,S
2023,MI,FT,Data Analyst,135000,USD,135000,US,0,US,M
2023,MI,FT,Data Analyst,120000,USD,120000,US,0,US,M
2023,MI,FT,Data Architect,150000,USD,150000,US,100,US,M
2023,MI,FT,Data Architect,140000,USD,140000,US,100,US,M
2023,SE,FT,Research Scientist,190000,USD,190000,US,0,US,M
2023,SE,FT,Research Scientist,165000,USD,165000,US,0,US,M
2023,SE,FT,Data Scientist,280000,USD,280000,US,100,US,M
2023,SE,FT,Data Scientist,190000,USD,190000,US,100,US,M
2023,EX,FT,Data Scientist,212000,USD,212000,US,0,US,M
2023,EX,FT,Data Scientist,190000,USD,190000,US,0,US,M
2023,MI,FT,Business Intelligence Engineer,35000,GBP,43064,GB,0,GB,M
2023,MI,FT,Business Intelligence Engineer,35000,GBP,43064,GB,0,GB,M
2023,SE,FT,Machine Learning Engineer,245700,USD,245700,US,0,US,M
2023,SE,FT,Machine Learning Engineer,132300,USD,132300,US,0,US,M
2023,MI,FT,Data Specialist,90000,USD,90000,US,0,US,M
2023,MI,FT,Data Specialist,80000,USD,80000,US,0,US,M
2023,SE,FT,Machine Learning Engineer,212000,USD,212000,US,0,US,M
2023,SE,FT,Machine Learning Engineer,93300,USD,93300,US,0,US,M
2023,MI,FT,Data Scientist,212000,USD,212000,US,0,US,M
2023,MI,FT,Data Scientist,93300,USD,93300,US,0,US,M
2023,SE,FT,Machine Learning Engineer,276000,USD,276000,US,0,US,M
2023,SE,FT,Machine Learning Engineer,174000,USD,174000,US,0,US,M
2023,MI,FT,Data Engineer,133000,USD,133000,US,0,US,M
2023,MI,FT,Data Engineer,58300,USD,58300,US,0,US,M
2023,SE,FT,Data Analyst,145640,USD,145640,US,0,US,M
2023,SE,FT,Data Analyst,84400,USD,84400,US,0,US,M
2023,SE,FT,Data Engineer,300000,USD,300000,US,100,US,M
2023,SE,FT,Data Engineer,195000,USD,195000,US,100,US,M
2023,SE,FT,Data Architect,190000,USD,190000,CA,100,CA,M
2023,SE,FT,Data Architect,107500,USD,107500,CA,100,CA,M
2023,SE,FT,Data Analyst,105000,USD,105000,US,0,US,M
2023,SE,FT,Data Analyst,75000,USD,75000,US,0,US,M
2023,SE,FT,Data Analyst,140000,USD,140000,US,100,US,M
2023,SE,FT,Data Analyst,98000,USD,98000,US,100,US,M
2023,SE,FT,Machine Learning Engineer,204500,USD,204500,US,0,US,M
2023,SE,FT,Machine Learning Engineer,142200,USD,142200,US,0,US,M
2023,SE,FT,Data Scientist,236160,USD,236160,US,100,US,M
2023,SE,FT,Data Scientist,159408,USD,159408,US,100,US,M
2023,SE,FT,Data Analyst,115000,USD,115000,US,100,US,M
2023,SE,FT,Data Analyst,85000,USD,85000,US,100,US,M
2023,SE,FT,Data Product Manager,145000,USD,145000,US,0,US,M
2023,SE,FT,Data Product Manager,120000,USD,120000,US,0,US,M
2023,SE,FT,Data Analyst,120350,USD,120350,US,100,US,M
2023,SE,FT,Data Analyst,74400,USD,74400,US,100,US,M
2023,SE,FT,Data Analyst,158494,USD,158494,US,100,US,M
2023,SE,FT,Data Analyst,88052,USD,88052,US,100,US,M
2023,SE,FT,Analytics Engineer,181500,USD,181500,US,0,US,M
2023,SE,FT,Analytics Engineer,127000,USD,127000,US,0,US,M
2023,MI,FT,Machine Learning Engineer,300000,USD,300000,US,0,US,M
2023,MI,FT,Machine Learning Engineer,260000,USD,260000,US,0,US,M
2023,SE,FT,Data Scientist,258000,USD,258000,US,0,US,M
2023,SE,FT,Data Scientist,171000,USD,171000,US,0,US,M
2023,EN,FT,BI Data Analyst,25000,USD,25000,UA,100,NL,M
2023,SE,FT,Data Scientist,200000,USD,200000,US,0,US,M
2023,SE,FT,Data Scientist,150000,USD,150000,US,0,US,M
2023,SE,FT,Machine Learning Engineer,225300,USD,225300,US,0,US,M
2023,SE,FT,Machine Learning Engineer,197400,USD,197400,US,0,US,M
2023,SE,FT,Data Engineer,205500,USD,205500,US,0,US,M
2023,SE,FT,Data Engineer,128500,USD,128500,US,0,US,M
2023,SE,FT,Data Architect,191600,USD,191600,US,0,US,M
2023,SE,FT,Data Architect,125600,USD,125600,US,0,US,M
2023,SE,FT,Machine Learning Engineer,245700,USD,245700,US,0,US,M
2023,SE,FT,Machine Learning Engineer,132300,USD,132300,US,0,US,M
2023,MI,FT,Data Scientist,130410,USD,130410,US,0,US,M
2023,MI,FT,Data Scientist,92000,USD,92000,US,0,US,M
2023,SE,FT,Data Scientist,183900,USD,183900,US,0,US,M
2023,SE,FT,Data Scientist,108800,USD,108800,US,0,US,M
2023,SE,FT,Machine Learning Engineer,275000,USD,275000,US,0,US,M
2023,SE,FT,Machine Learning Engineer,121200,USD,121200,US,0,US,M
2023,MI,FT,Data Scientist,166000,USD,166000,US,0,US,M
2023,MI,FT,Data Scientist,73100,USD,73100,US,0,US,M
2023,SE,FT,Data Scientist,231250,USD,231250,US,0,US,M
2023,SE,FT,Data Scientist,111000,USD,111000,US,0,US,M
2023,SE,FT,Data Engineer,300000,USD,300000,US,0,US,M
2023,SE,FT,Data Engineer,130000,USD,130000,US,0,US,M
2023,MI,FT,Data Engineer,210500,USD,210500,US,0,US,M
2023,MI,FT,Data Engineer,105300,USD,105300,US,0,US,M
2023,MI,FT,Data Engineer,158400,USD,158400,US,0,US,M
2023,MI,FT,Data Engineer,85800,USD,85800,US,0,US,M
2023,SE,FT,Machine Learning Engineer,305600,USD,305600,US,0,US,M
2023,SE,FT,Machine Learning Engineer,146600,USD,146600,US,0,US,M
2023,SE,FT,Data Analyst,180400,USD,180400,US,0,US,M
2023,SE,FT,Data Analyst,138800,USD,138800,US,0,US,M
2023,SE,FT,Data Scientist,258700,USD,258700,US,0,US,M
2023,SE,FT,Data Scientist,172500,USD,172500,US,0,US,M
2023,SE,FT,Data Scientist,156100,USD,156100,CA,0,CA,M
2023,SE,FT,Data Scientist,100400,USD,100400,CA,0,CA,M
2023,SE,FT,Data Analyst,134200,USD,134200,US,0,US,M
2023,SE,FT,Data Analyst,103200,USD,103200,US,0,US,M
2023,MI,FT,Data Analyst,105000,USD,105000,US,0,US,M
2023,MI,FT,Data Analyst,85000,USD,85000,US,0,US,M
2023,SE,FT,Data Scientist,220000,USD,220000,US,0,US,M
2023,SE,FT,Data Scientist,160000,USD,160000,US,0,US,M
2023,SE,FT,Data Analyst,110000,USD,110000,US,100,US,M
2023,SE,FT,Data Analyst,95000,USD,95000,US,100,US,M
2023,MI,FT,Data Analyst,95400,USD,95400,US,100,US,M
2023,MI,FT,Data Analyst,57800,USD,57800,US,100,US,M
2023,MI,FT,Data Scientist,110000,USD,110000,US,0,US,M
2023,MI,FT,Data Scientist,86000,USD,86000,US,0,US,M
2023,EX,FT,Data Analyst,125000,USD,125000,US,0,US,M
2023,EX,FT,Data Analyst,87500,USD,87500,US,0,US,M
2023,SE,FT,Business Intelligence Engineer,185000,USD,185000,US,0,US,L
2023,SE,FT,Business Intelligence Engineer,79600,USD,79600,US,0,US,L
2023,SE,FT,Machine Learning Engineer,275000,USD,275000,US,0,US,M
2023,SE,FT,Machine Learning Engineer,170000,USD,170000,US,0,US,M
2023,SE,FT,Data Engineer,133200,USD,133200,US,100,US,M
2023,SE,FT,Data Engineer,84000,USD,84000,US,100,US,M
2023,SE,FT,Data Analyst,171000,USD,171000,US,0,US,M
2023,SE,FT,Data Analyst,93000,USD,93000,US,0,US,M
2023,SE,FT,Analytics Engineer,216450,USD,216450,US,0,US,M
2023,SE,FT,Analytics Engineer,123750,USD,123750,US,0,US,M
2023,SE,FT,Research Scientist,212800,USD,212800,US,0,US,L
2023,SE,FT,Research Scientist,124100,USD,124100,US,0,US,L
2023,MI,FT,Data Scientist,205000,USD,205000,US,100,US,M
2023,MI,FT,Data Scientist,166000,USD,166000,US,100,US,M
2023,SE,FT,Data Scientist,231650,USD,231650,US,0,US,M
2023,SE,FT,Data Scientist,189100,USD,189100,US,0,US,M
2023,SE,FT,Data Engineer,160000,USD,160000,CA,100,CA,M
2023,SE,FT,Data Engineer,120000,USD,120000,CA,100,CA,M
2023,SE,FT,Data Scientist,156100,USD,156100,CA,0,CA,M
2023,SE,FT,Data Scientist,100400,USD,100400,CA,0,CA,M
2023,SE,FT,Data Engineer,266875,USD,266875,US,0,US,M
2023,SE,FT,Data Engineer,128250,USD,128250,US,0,US,M
2023,MI,FT,Data Engineer,158600,USD,158600,US,100,US,M
2023,MI,FT,Data Engineer,115300,USD,115300,US,100,US,M
2023,SE,FT,Data Engineer,225300,USD,225300,US,0,US,M
2023,SE,FT,Data Engineer,197400,USD,197400,US,0,US,M
2023,EN,FT,Data Analyst,109900,USD,109900,US,0,US,M
2023,EN,FT,Data Analyst,61200,USD,61200,US,0,US,M
2023,SE,FT,Data Integration Engineer,161000,USD,161000,US,100,US,M
2023,SE,FT,Data Integration Engineer,75000,USD,75000,US,100,US,M
2023,MI,FT,Data Analyst,166000,USD,166000,US,0,US,M
2023,MI,FT,Data Analyst,73100,USD,73100,US,0,US,M
2023,MI,FT,Data Scientist,138510,USD,138510,US,0,US,M
2023,MI,FT,Data Scientist,95490,USD,95490,US,0,US,M
2023,MI,FT,Data Analyst,150000,USD,150000,US,100,US,M
2023,MI,FT,Data Analyst,110000,USD,110000,US,100,US,M
2023,SE,FT,Data Scientist,232200,USD,232200,US,0,US,M
2023,SE,FT,Data Scientist,133300,USD,133300,US,0,US,M
2023,SE,FT,Machine Learning Engineer,112800,EUR,121788,LT,0,LT,M
2023,SE,FT,Machine Learning Engineer,73200,EUR,79032,LT,0,LT,M
2023,SE,FT,Analytics Engineer,178250,USD,178250,US,0,US,M
2023,SE,FT,Analytics Engineer,110500,USD,110500,US,0,US,M
2023,SE,FT,AI Engineer,190000,USD,190000,US,0,US,M
2023,SE,FT,AI Engineer,160000,USD,160000,US,0,US,M
2023,SE,FT,Applied Scientist,216000,USD,216000,US,100,US,M
2023,SE,FT,Applied Scientist,184000,USD,184000,US,100,US,M
2023,SE,FT,Data Scientist,166000,USD,166000,CA,100,CA,M
2023,SE,FT,Data Scientist,104000,USD,104000,CA,100,CA,M
2023,SE,FT,Business Intelligence Engineer,185000,USD,185000,US,0,US,L
2023,SE,FT,Business Intelligence Engineer,79600,USD,79600,US,0,US,L
2023,SE,FT,Machine Learning Engineer,230000,USD,230000,US,0,US,M
2023,SE,FT,Machine Learning Engineer,196000,USD,196000,US,0,US,M
2023,SE,FT,Data Engineer,184000,USD,184000,US,0,US,M
2023,SE,FT,Data Engineer,123000,USD,123000,US,0,US,M
2023,MI,FT,Business Intelligence Engineer,165600,USD,165600,US,0,US,L
2023,MI,FT,Business Intelligence Engineer,65800,USD,65800,US,0,US,L
2023,SE,FT,Data Engineer,186000,USD,186000,US,0,US,M
2023,SE,FT,Data Engineer,81800,USD,81800,US,0,US,M
2023,SE,FT,Data Analyst,135000,USD,135000,US,0,US,M
2023,SE,FT,Data Analyst,82500,USD,82500,US,0,US,M
2023,SE,FT,Data Engineer,247250,USD,247250,US,0,US,M
2023,SE,FT,Data Engineer,160000,USD,160000,US,0,US,M
2023,SE,FT,Machine Learning Scientist,169000,USD,169000,US,0,US,M
2023,SE,FT,Machine Learning Scientist,105500,USD,105500,US,0,US,M
2023,SE,FT,Data Scientist,195800,USD,195800,US,0,US,M
2023,SE,FT,Data Scientist,161900,USD,161900,US,0,US,M
2023,SE,FT,Business Intelligence Engineer,108500,USD,108500,US,100,US,M
2023,SE,FT,Business Intelligence Engineer,78800,USD,78800,US,100,US,M
2023,SE,FT,Research Scientist,225000,USD,225000,US,0,US,M
2023,SE,FT,Research Scientist,166000,USD,166000,US,0,US,M
2023,SE,FT,BI Developer,167500,USD,167500,US,0,US,M
2023,SE,FT,BI Developer,106500,USD,106500,US,0,US,M
2023,MI,FT,Business Intelligence Manager,160000,USD,160000,US,100,US,M
2023,MI,FT,Business Intelligence Manager,110000,USD,110000,US,100,US,M
2023,SE,FT,Data Analyst,120000,USD,120000,CA,0,CA,M
2023,SE,FT,Data Analyst,105000,USD,105000,CA,0,CA,M
2023,MI,FT,Data Analyst,110000,USD,110000,US,100,US,M
2023,MI,FT,Data Analyst,87500,USD,87500,US,100,US,M
2023,MI,FT,Data Scientist,60000,USD,60000,US,0,US,M
2023,MI,FT,Data Scientist,55000,USD,55000,US,0,US,M
2023,SE,FT,Data Engineer,145000,USD,145000,US,0,US,M
2023,SE,FT,Data Engineer,115000,USD,115000,US,0,US,M
2023,SE,FT,Research Scientist,225000,USD,225000,US,0,US,M
2023,SE,FT,Research Scientist,166000,USD,166000,US,0,US,M
2023,EX,FT,Data Engineer,135000,USD,135000,US,0,US,M
2023,EX,FT,Data Engineer,100000,USD,100000,US,0,US,M
2023,MI,FT,Machine Learning Engineer,105000,USD,105000,PT,100,PT,M
2023,MI,FT,Machine Learning Engineer,95000,USD,95000,PT,100,PT,M
2023,SE,FT,Analytics Engineer,289800,USD,289800,US,0,US,M
2023,SE,FT,Analytics Engineer,214200,USD,214200,US,0,US,M
2023,MI,FT,Data Engineer,167500,USD,167500,US,0,US,M
2023,MI,FT,Data Engineer,106500,USD,106500,US,0,US,M
2023,SE,FT,Data Scientist,220000,USD,220000,US,0,US,M
2023,SE,FT,Data Scientist,146000,USD,146000,US,0,US,M
2023,SE,FT,Data Engineer,128000,USD,128000,US,0,US,M
2023,SE,FT,Data Engineer,81500,USD,81500,US,0,US,M
2023,SE,FT,Data Architect,206000,USD,206000,US,0,US,M
2023,SE,FT,Data Architect,134000,USD,134000,US,0,US,M
2023,SE,FT,Research Scientist,370000,USD,370000,US,0,US,M
2023,SE,FT,Research Scientist,200000,USD,200000,US,0,US,M
2023,SE,FT,Analytics Engineer,175000,USD,175000,US,100,US,M
2023,SE,FT,Analytics Engineer,160000,USD,160000,US,100,US,M
2023,EN,FT,Data Integration Specialist,240000,USD,240000,US,100,US,M
2023,EN,FT,Data Integration Specialist,100000,USD,100000,US,100,US,M
2023,SE,FT,Data Scientist,180000,USD,180000,US,0,US,M
2023,SE,FT,Data Scientist,160000,USD,160000,US,0,US,M
2023,SE,FT,Business Intelligence Engineer,143000,USD,143000,CA,0,CA,M
2023,SE,FT,Business Intelligence Engineer,127000,USD,127000,CA,0,CA,M
2023,MI,FT,Applied Scientist,249300,USD,249300,US,0,US,L
2023,MI,FT,Applied Scientist,149300,USD,149300,US,0,US,L
2023,SE,FT,Applied Scientist,222200,USD,222200,US,0,US,L
2023,SE,FT,Applied Scientist,136000,USD,136000,US,0,US,L
2023,SE,FT,Data Engineer,190000,USD,190000,US,100,US,M
2023,SE,FT,Data Engineer,160000,USD,160000,US,100,US,M
2023,SE,FT,Research Scientist,248100,USD,248100,US,0,US,M
2023,SE,FT,Research Scientist,145900,USD,145900,US,0,US,M
2023,SE,FT,Data Scientist,170200,USD,170200,US,0,US,M
2023,SE,FT,Data Scientist,83900,USD,83900,US,0,US,M
2023,MI,FT,Analytics Engineer,100000,USD,100000,US,0,US,M
2023,MI,FT,Analytics Engineer,75000,USD,75000,US,0,US,M
2023,SE,FT,Data Scientist,166000,USD,166000,GB,0,GB,M
2023,SE,FT,Data Scientist,90000,USD,90000,GB,0,GB,M
2023,SE,FT,Data Scientist,160000,USD,160000,US,0,US,M
2023,SE,FT,Data Scientist,94100,USD,94100,US,0,US,M
2023,SE,FT,Machine Learning Engineer,226600,USD,226600,US,0,US,M
2023,SE,FT,Machine Learning Engineer,140100,USD,140100,US,0,US,M
2023,SE,FT,Data Scientist,247600,USD,247600,US,0,US,L
2023,SE,FT,Data Scientist,127300,USD,127300,US,0,US,L
2023,SE,FT,Applied Scientist,222200,USD,222200,US,0,US,L
2023,SE,FT,Applied Scientist,136000,USD,136000,US,0,US,L
2023,SE,FT,Applied Scientist,260000,USD,260000,US,0,US,L
2023,SE,FT,Applied Scientist,136000,USD,136000,US,0,US,L
2023,SE,FT,Applied Scientist,222200,USD,222200,US,0,US,L
2023,SE,FT,Applied Scientist,136000,USD,136000,US,0,US,L
2023,SE,FT,Data Analyst,156000,USD,156000,US,0,US,M
2023,SE,FT,Data Analyst,124000,USD,124000,US,0,US,M
2023,SE,FT,Data Engineer,200000,USD,200000,US,0,US,M
2023,SE,FT,Data Engineer,132600,USD,132600,US,0,US,M
2023,SE,FT,Research Engineer,308000,USD,308000,US,0,US,M
2023,SE,FT,Research Engineer,190400,USD,190400,US,0,US,M
2023,SE,FT,Data Architect,155000,USD,155000,US,0,US,M
2023,SE,FT,Data Architect,136000,USD,136000,US,0,US,M
2023,SE,FT,Data Engineer,160000,USD,160000,US,100,US,M
2023,SE,FT,Data Engineer,75000,USD,75000,US,100,US,M
2023,SE,FT,Machine Learning Engineer,214500,USD,214500,US,0,US,M
2023,SE,FT,Machine Learning Engineer,132600,USD,132600,US,0,US,M
2023,MI,FT,Data Analyst,111000,USD,111000,US,0,US,M
2023,MI,FT,Data Analyst,104000,USD,104000,US,0,US,M
2023,SE,FT,Applied Scientist,260000,USD,260000,US,0,US,L
2023,SE,FT,Applied Scientist,136000,USD,136000,US,0,US,L
2023,MI,FT,Data Engineer,85000,USD,85000,US,0,US,M
2023,MI,FT,Data Engineer,75000,USD,75000,US,0,US,M
2023,SE,FT,Data Scientist,180250,USD,180250,US,100,US,M
2023,SE,FT,Data Scientist,118000,USD,118000,US,100,US,M
2023,SE,FT,Data Scientist,212800,USD,212800,US,0,US,L
2023,SE,FT,Data Scientist,111600,USD,111600,US,0,US,L
2023,SE,FT,Data Analyst,157500,USD,157500,US,100,US,M
2023,SE,FT,Data Analyst,132500,USD,132500,US,100,US,M
2023,MI,FT,Data Analyst,85000,USD,85000,US,0,US,M
2023,MI,FT,Data Analyst,75000,USD,75000,US,0,US,M
2023,SE,FT,Data Analyst,93918,USD,93918,US,0,US,M
2023,SE,FT,Data Analyst,51962,USD,51962,US,0,US,M
2023,SE,FT,Business Intelligence Analyst,171000,USD,171000,US,100,US,M
2023,SE,FT,Business Intelligence Analyst,152000,USD,152000,US,100,US,M
2023,SE,FT,Machine Learning Engineer,223600,USD,223600,US,0,US,L
2023,SE,FT,Machine Learning Engineer,115000,USD,115000,US,0,US,L
2023,SE,FT,Data Engineer,166000,USD,166000,US,0,US,M
2023,SE,FT,Data Engineer,73100,USD,73100,US,0,US,M
2023,MI,FT,Business Intelligence Developer,140000,USD,140000,US,100,US,M
2023,MI,FT,Business Intelligence Developer,110000,USD,110000,US,100,US,M
2023,MI,FT,Data Scientist,130900,USD,130900,US,0,US,M
2023,MI,FT,Data Scientist,72700,USD,72700,US,0,US,M
2023,SE,FT,Machine Learning Engineer,333500,USD,333500,US,0,US,M
2023,SE,FT,Machine Learning Engineer,144000,USD,144000,US,0,US,M
2023,SE,FT,Business Intelligence Engineer,180000,USD,180000,US,100,US,M
2023,SE,FT,Business Intelligence Engineer,118200,USD,118200,US,100,US,M
2023,SE,FT,Data Architect,354200,USD,354200,US,100,US,M
2023,SE,FT,Data Architect,221800,USD,221800,US,100,US,M
2023,SE,FT,Data Analyst,166000,USD,166000,US,0,US,M
2023,SE,FT,Data Analyst,73000,USD,73000,US,0,US,M
2023,SE,FT,Data Engineer,156600,USD,156600,US,100,US,M
2023,SE,FT,Data Engineer,137200,USD,137200,US,100,US,M
2023,MI,FT,Data Analyst,149000,USD,149000,US,0,US,M
2023,MI,FT,Data Analyst,65300,USD,65300,US,0,US,M
2023,MI,FT,Data Engineer,187000,USD,187000,US,100,US,M
2023,MI,FT,Data Engineer,180000,USD,180000,US,100,US,M
2023,SE,FT,Data Analyst,119636,USD,119636,US,0,US,M
2023,SE,FT,Data Analyst,70374,USD,70374,US,0,US,M
2023,SE,FT,Data Analyst,105000,USD,105000,US,100,US,M
2023,SE,FT,Data Analyst,67000,USD,67000,US,100,US,M
2023,SE,FT,Data Analyst,102000,USD,102000,US,100,US,M
2023,SE,FT,Data Analyst,94770,USD,94770,US,100,US,M
2023,SE,FT,Data Architect,186000,USD,186000,US,0,US,M
2023,SE,FT,Data Architect,81800,USD,81800,US,0,US,M
2023,EN,FT,Data Scientist,133000,USD,133000,US,0,US,M
2023,EN,FT,Data Scientist,58400,USD,58400,US,0,US,M
2023,SE,FT,Analytics Engineer,169900,USD,169900,US,100,US,M
2023,SE,FT,Analytics Engineer,164100,USD,164100,US,100,US,M
2023,SE,FT,Data Scientist,305600,USD,305600,US,0,US,M
2023,SE,FT,Data Scientist,172500,USD,172500,US,0,US,M
2023,SE,FT,Data Analyst,105000,USD,105000,US,100,US,M
2023,SE,FT,Data Analyst,75000,USD,75000,US,100,US,M
2023,EN,FT,Analytics Engineer,34800,EUR,37573,NL,100,NL,M
2022,EN,FT,AI Research Engineer,30000,GBP,36940,GB,100,GB,L
2023,SE,FT,Machine Learning Engineer,180240,USD,180240,US,0,US,M
2023,SE,FT,Machine Learning Engineer,120160,USD,120160,US,0,US,M
2023,MI,FT,Data Scientist,212000,USD,212000,US,0,US,M
2023,MI,FT,Data Scientist,93400,USD,93400,US,0,US,M
2023,SE,FT,Machine Learning Engineer,275000,USD,275000,US,0,US,M
2023,SE,FT,Machine Learning Engineer,170000,USD,170000,US,0,US,M
2023,SE,FT,Data Scientist,119000,USD,119000,US,0,US,M
2023,SE,FT,Data Scientist,71400,USD,71400,US,0,US,M
2023,MI,FT,Data Analyst,115950,USD,115950,US,0,US,M
2023,MI,FT,Data Analyst,69570,USD,69570,US,0,US,M
2023,SE,FT,Data Scientist,225100,USD,225100,US,100,US,M
2023,SE,FT,Data Scientist,140900,USD,140900,US,100,US,M
2023,SE,FT,Data Scientist,116000,USD,116000,US,0,US,M
2023,SE,FT,Data Scientist,90000,USD,90000,US,0,US,M
2023,SE,FT,Data Scientist,212000,USD,212000,US,0,US,M
2023,SE,FT,Data Scientist,93300,USD,93300,US,0,US,M
2023,MI,FT,Machine Learning Engineer,179000,USD,179000,US,0,US,M
2023,MI,FT,Machine Learning Engineer,144000,USD,144000,US,0,US,M
2023,EN,FT,Research Scientist,250800,USD,250800,US,0,US,M
2023,EN,FT,Research Scientist,167200,USD,167200,US,0,US,M
2023,MI,FT,Research Scientist,144000,USD,144000,US,0,US,M
2023,MI,FT,Research Scientist,76000,USD,76000,US,0,US,M
2023,EX,FT,Data Lead,230000,USD,230000,US,0,US,M
2023,EX,FT,Data Lead,180000,USD,180000,US,0,US,M
2023,EN,FT,Data Scientist,156450,USD,156450,US,100,US,M
2023,EN,FT,Data Scientist,119200,USD,119200,US,100,US,M
2023,SE,FT,Research Scientist,150000,USD,150000,US,100,US,M
2023,SE,FT,Research Scientist,130000,USD,130000,US,100,US,M
2023,EX,FT,Head of Data,247500,USD,247500,US,0,US,M
2023,EX,FT,Head of Data,172200,USD,172200,US,0,US,M
2023,MI,FT,Machine Learning Engineer,155000,USD,155000,US,0,US,M
2023,MI,FT,Machine Learning Engineer,125000,USD,125000,US,0,US,M
2023,SE,FT,Data Engineer,175000,USD,175000,US,100,US,M
2023,SE,FT,Data Engineer,97500,USD,97500,US,100,US,M
2023,EX,FT,Research Scientist,220000,USD,220000,US,0,US,M
2023,EX,FT,Research Scientist,185000,USD,185000,US,0,US,M
2023,SE,FT,Data Analyst,100000,USD,100000,US,0,US,M
2023,SE,FT,Data Analyst,75000,USD,75000,US,0,US,M
2023,SE,FT,Research Scientist,303050,USD,303050,US,0,US,M
2023,SE,FT,Research Scientist,202350,USD,202350,US,0,US,M
2023,EN,FT,AI Engineer,20000,EUR,21593,PT,50,PT,L
2023,SE,FT,Data Scientist,201650,USD,201650,US,0,US,M
2023,SE,FT,Data Scientist,124600,USD,124600,US,0,US,M
2023,SE,FT,Business Intelligence Analyst,198200,USD,198200,US,0,US,M
2023,SE,FT,Business Intelligence Analyst,110200,USD,110200,US,0,US,M
2023,SE,FT,Data Scientist,212000,USD,212000,US,0,US,M
2023,SE,FT,Data Scientist,93400,USD,93400,US,0,US,M
2023,SE,FT,Data Analyst,145000,USD,145000,US,0,US,M
2023,SE,FT,Data Analyst,110000,USD,110000,US,0,US,M
2023,MI,FT,Business Intelligence Engineer,89500,USD,89500,US,100,US,M
2023,MI,FT,Business Intelligence Engineer,65000,USD,65000,US,100,US,M
2023,SE,FT,Machine Learning Engineer,328400,USD,328400,US,100,US,M
2023,SE,FT,Machine Learning Engineer,205600,USD,205600,US,100,US,M
2023,SE,FT,Data Scientist,184800,USD,184800,US,0,US,M
2023,SE,FT,Data Scientist,161900,USD,161900,US,0,US,M
2023,EN,FT,Data Engineer,85000,USD,85000,US,100,US,M
2023,EN,FT,Data Engineer,61800,USD,61800,US,100,US,M
2023,MI,FT,Data Engineer,57500,GBP,70748,GB,0,GB,M
2023,MI,FT,Data Engineer,54500,GBP,67056,GB,0,GB,M
2023,EN,FT,Data Analyst,116000,USD,116000,US,0,US,M
2023,EN,FT,Data Analyst,72500,USD,72500,US,0,US,M
2023,SE,FT,Machine Learning Engineer,215000,USD,215000,US,100,US,M
2023,SE,FT,Machine Learning Engineer,169850,USD,169850,US,100,US,M
2023,SE,FT,Business Intelligence Engineer,225000,USD,225000,US,0,US,M
2023,SE,FT,Business Intelligence Engineer,180000,USD,180000,US,0,US,M
2023,SE,FT,Data Scientist,147400,USD,147400,US,0,US,M
2023,SE,FT,Data Scientist,107682,USD,107682,US,0,US,M
2023,MI,FT,Data Scientist,225300,USD,225300,US,0,US,M
2023,MI,FT,Data Scientist,197400,USD,197400,US,0,US,M
2023,SE,FT,Analytics Engineer,160000,USD,160000,US,0,US,M
2023,SE,FT,Analytics Engineer,136000,USD,136000,US,0,US,M
2023,SE,FT,Machine Learning Engineer,204600,USD,204600,US,0,US,M
2023,SE,FT,Machine Learning Engineer,126500,USD,126500,US,0,US,M
2023,SE,FT,Data Architect,210000,USD,210000,US,100,US,M
2023,SE,FT,Data Architect,115000,USD,115000,US,100,US,M
2023,EN,FT,Data Analyst,86500,USD,86500,US,0,US,L
2023,EN,FT,Data Analyst,40400,USD,40400,US,0,US,L
2023,SE,FT,Applied Scientist,260000,USD,260000,US,0,US,L
2023,SE,FT,Applied Scientist,136000,USD,136000,US,0,US,L
2023,SE,FT,Data Scientist,329700,USD,329700,US,0,US,M
2023,SE,FT,Data Scientist,192351,USD,192351,US,0,US,M
2023,SE,FT,Data Engineer,280000,USD,280000,US,0,US,M
2023,SE,FT,Data Engineer,160000,USD,160000,US,0,US,M
2023,MI,FT,Business Intelligence Analyst,106700,USD,106700,US,0,US,M
2023,MI,FT,Business Intelligence Analyst,97000,USD,97000,US,0,US,M
2023,SE,FT,Data Analyst,175000,USD,175000,US,100,US,M
2023,SE,FT,Data Analyst,150000,USD,150000,US,100,US,M
2023,SE,FT,Data Product Manager,145000,USD,145000,US,0,US,M
2023,SE,FT,Data Product Manager,120000,USD,120000,US,0,US,M
2023,EN,FT,Data Engineer,88000,USD,88000,US,0,US,M
2023,EN,FT,Data Engineer,60000,USD,60000,US,0,US,M
2023,SE,FT,Data Management Specialist,123000,USD,123000,US,0,US,M
2023,SE,FT,Data Management Specialist,93593,USD,93593,US,0,US,M
2023,SE,FT,Machine Learning Engineer,276000,USD,276000,US,0,US,M
2023,SE,FT,Machine Learning Engineer,174000,USD,174000,US,0,US,M
2023,SE,FT,Data Scientist,185900,USD,185900,US,0,US,M
2023,SE,FT,Data Scientist,129300,USD,129300,US,0,US,M
2023,SE,FT,Machine Learning Engineer,222405,USD,222405,US,0,US,M
2023,SE,FT,Machine Learning Engineer,172800,USD,172800,US,0,US,M
2023,SE,FT,Data Analyst,120350,USD,120350,US,100,US,M
2023,SE,FT,Data Analyst,74400,USD,74400,US,100,US,M
2023,SE,FT,Data Engineer,205600,USD,205600,US,0,US,L
2023,SE,FT,Data Engineer,105700,USD,105700,US,0,US,L
2023,SE,FT,Machine Learning Engineer,263500,USD,263500,US,100,US,M
2023,SE,FT,Machine Learning Engineer,189360,USD,189360,US,100,US,M
2023,SE,FT,Machine Learning Engineer,192000,USD,192000,CA,0,CA,M
2023,SE,FT,Machine Learning Engineer,124000,USD,124000,CA,0,CA,M
2023,SE,FT,AI Developer,230000,USD,230000,US,0,US,M
2023,SE,FT,AI Developer,124000,USD,124000,US,0,US,M
2023,SE,FT,Data Engineer,148500,USD,148500,CA,0,CA,M
2023,SE,FT,Data Engineer,82500,USD,82500,CA,0,CA,M
2023,SE,FT,Data Engineer,184800,USD,184800,US,0,US,M
2023,SE,FT,Data Engineer,161900,USD,161900,US,0,US,M
2023,SE,FT,Data Architect,310000,USD,310000,US,100,US,M
2023,SE,FT,Data Architect,206000,USD,206000,US,100,US,M
2023,SE,FT,AI Engineer,372000,USD,372000,US,0,US,M
2023,SE,FT,AI Engineer,223000,USD,223000,US,0,US,M
2023,SE,FT,Data Scientist,140000,GBP,172256,GB,0,GB,M
2023,SE,FT,Data Scientist,100000,GBP,123040,GB,0,GB,M
2023,MI,FT,Data Analyst,95000,USD,95000,US,100,US,M
2023,MI,FT,Data Analyst,80000,USD,80000,US,100,US,M
2023,MI,FT,Data Scientist,131000,USD,131000,US,100,US,M
2023,MI,FT,Data Scientist,110000,USD,110000,US,100,US,M
2023,MI,FT,Data Engineer,148500,USD,148500,CA,0,CA,M
2023,MI,FT,Data Engineer,82500,USD,82500,CA,0,CA,M
2023,MI,FT,Data Engineer,133000,USD,133000,US,0,US,M
2023,MI,FT,Data Engineer,58400,USD,58400,US,0,US,M
2023,SE,FT,Data Manager,233500,USD,233500,US,0,US,M
2023,SE,FT,Data Manager,146000,USD,146000,US,0,US,M
2023,SE,FT,Data Engineer,300000,USD,300000,US,0,US,M
2023,SE,FT,Data Engineer,130000,USD,130000,US,0,US,M
2023,SE,FT,Data Scientist,280889,USD,280889,US,0,US,M
2023,SE,FT,Data Scientist,187259,USD,187259,US,0,US,M
2023,SE,FT,AI Architect,305100,USD,305100,US,100,US,M
2023,SE,FT,AI Architect,146900,USD,146900,US,100,US,M
2023,EN,FT,Business Intelligence Analyst,78800,USD,78800,US,0,US,M
2023,EN,FT,Business Intelligence Analyst,44100,USD,44100,US,0,US,M
2023,MI,FT,MLOps Engineer,166000,USD,166000,US,0,US,M
2023,MI,FT,MLOps Engineer,73100,USD,73100,US,0,US,M
2023,SE,FT,Data Scientist,150000,USD,150000,US,100,US,M
2023,SE,FT,Data Scientist,80000,USD,80000,US,100,US,M
2023,SE,FT,Analytics Engineer,150000,USD,150000,US,100,US,M
2023,SE,FT,Analytics Engineer,80000,USD,80000,US,100,US,M
2023,SE,FT,Data Scientist,170000,USD,170000,US,0,US,M
2023,SE,FT,Data Scientist,120000,USD,120000,US,0,US,M
2023,SE,FT,Data Engineer,110000,USD,110000,US,0,US,M
2023,SE,FT,Data Engineer,90000,USD,90000,US,0,US,M
2023,SE,FT,Business Intelligence Engineer,202800,USD,202800,US,0,US,L
2023,SE,FT,Business Intelligence Engineer,104300,USD,104300,US,0,US,L
2023,EX,FT,Data Scientist,272400,USD,272400,US,0,US,L
2023,EX,FT,Data Scientist,140100,USD,140100,US,0,US,L
2023,MI,FT,Data Engineer,154000,USD,154000,US,0,US,M
2023,MI,FT,Data Engineer,103000,USD,103000,US,0,US,M
2023,SE,FT,Machine Learning Engineer,223600,USD,223600,US,0,US,L
2023,SE,FT,Machine Learning Engineer,115000,USD,115000,US,0,US,L
2023,MI,FT,Business Intelligence Analyst,80750,USD,80750,CA,0,CA,M
2023,MI,FT,Business Intelligence Analyst,48450,USD,48450,CA,0,CA,M
2023,EN,FT,BI Developer,85600,USD,85600,US,0,US,M
2023,EN,FT,BI Developer,57000,USD,57000,US,0,US,M
2023,SE,FT,Data Engineer,190400,USD,190400,US,0,US,M
2023,SE,FT,Data Engineer,112000,USD,112000,US,0,US,M
2023,SE,FT,Data Strategist,119636,USD,119636,US,100,US,M
2023,SE,FT,Data Strategist,70374,USD,70374,US,100,US,M
2023,SE,FT,Data Engineer,304750,USD,304750,US,0,US,M
2023,SE,FT,Data Engineer,160000,USD,160000,US,0,US,M
2023,MI,FT,Data Analyst,98873,USD,98873,US,0,US,M
2023,MI,FT,Data Analyst,58161,USD,58161,US,0,US,M
2023,SE,FT,Analytics Engineer,138000,USD,138000,US,0,US,M
2023,SE,FT,Analytics Engineer,85500,USD,85500,US,0,US,M
2023,SE,FT,Data Scientist,307100,USD,307100,US,0,US,M
2023,SE,FT,Data Scientist,216800,USD,216800,US,0,US,M
2023,SE,FT,Data Scientist,153600,USD,153600,US,0,US,M
2023,SE,FT,Data Scientist,106800,USD,106800,US,0,US,M
2023,MI,FT,Data Analyst,250000,USD,250000,US,0,US,M
2023,MI,FT,Data Analyst,125000,USD,125000,US,0,US,M
2023,SE,FT,Machine Learning Engineer,280000,USD,280000,US,0,US,M
2023,SE,FT,Machine Learning Engineer,180000,USD,180000,US,0,US,M
2023,EX,FT,Data Engineer,160000,USD,160000,US,0,US,M
2023,EX,FT,Data Engineer,130000,USD,130000,US,0,US,M
2023,SE,FT,Data Scientist,180000,USD,180000,US,0,US,M
2023,SE,FT,Data Scientist,162000,USD,162000,US,0,US,M
2023,SE,FT,Business Intelligence Engineer,185000,USD,185000,US,0,US,L
2023,SE,FT,Business Intelligence Engineer,79600,USD,79600,US,0,US,L
2023,SE,FT,Data Analyst,164640,USD,164640,US,0,US,M
2023,SE,FT,Data Analyst,131712,USD,131712,US,0,US,M
2023,MI,FT,Data Analyst,74800,USD,74800,US,0,US,M
2023,MI,FT,Data Analyst,63600,USD,63600,US,0,US,M
2023,MI,FT,Data Scientist,138510,USD,138510,US,0,US,M
2023,MI,FT,Data Scientist,95490,USD,95490,US,0,US,M
2023,MI,FT,Machine Learning Engineer,75000,GBP,92280,GB,100,GB,M
2023,MI,FT,Machine Learning Engineer,55000,GBP,67672,GB,100,GB,M
2023,SE,FT,Data Engineer,280000,USD,280000,US,0,US,M
2023,SE,FT,Data Engineer,160000,USD,160000,US,0,US,M
2023,SE,FT,Machine Learning Engineer,170000,USD,170000,US,0,US,M
2023,SE,FT,Machine Learning Engineer,140000,USD,140000,US,0,US,M
2023,SE,FT,Data Scientist,137500,USD,137500,US,0,US,M
2023,SE,FT,Data Scientist,81500,USD,81500,US,0,US,M
2023,SE,FT,Data Engineer,253792,USD,253792,US,0,US,M
2023,SE,FT,Data Engineer,158620,USD,158620,US,0,US,M
2023,SE,FT,Business Intelligence Specialist,259900,USD,259900,US,0,US,M
2023,SE,FT,Business Intelligence Specialist,139200,USD,139200,US,0,US,M
2023,SE,FT,Machine Learning Infrastructure Engineer,96000,GBP,118118,GB,100,GB,M
2023,SE,FT,Machine Learning Infrastructure Engineer,65000,GBP,79976,GB,100,GB,M
2023,SE,FT,Research Scientist,293000,USD,293000,US,0,US,M
2023,SE,FT,Research Scientist,185000,USD,185000,US,0,US,M
2023,SE,FT,Data Engineer,180000,USD,180000,US,0,US,M
2023,SE,FT,Data Engineer,90000,USD,90000,US,0,US,M
2023,SE,FT,Data Scientist,165000,USD,165000,US,0,US,M
2023,SE,FT,Data Scientist,115500,USD,115500,US,0,US,M
2023,SE,FT,Data Engineer,110000,USD,110000,US,0,US,M
2023,SE,FT,Data Engineer,70000,USD,70000,US,0,US,M
2023,MI,FT,Research Analyst,142000,USD,142000,US,0,US,M
2023,MI,FT,Research Analyst,102000,USD,102000,US,0,US,M
2023,SE,FT,Data Quality Engineer,141600,USD,141600,US,0,US,M
2023,SE,FT,Data Quality Engineer,121400,USD,121400,US,0,US,M
2023,SE,FT,Data Engineer,240000,USD,240000,US,0,US,M
2023,SE,FT,Data Engineer,170000,USD,170000,US,0,US,M
2023,SE,FT,Applied Scientist,222200,USD,222200,US,0,US,L
2023,SE,FT,Applied Scientist,136000,USD,136000,US,0,US,L
2023,MI,FT,Data Analyst,55000,USD,55000,US,0,US,M
2023,MI,FT,Data Analyst,49000,USD,49000,US,0,US,M
2023,SE,FT,Data Engineer,135000,USD,135000,US,100,US,M
2023,SE,FT,Data Engineer,110000,USD,110000,US,100,US,M
2023,SE,FT,Data Engineer,200000,USD,200000,US,100,US,M
2023,SE,FT,Data Engineer,180000,USD,180000,US,100,US,M
2023,EX,FT,Data Scientist,200000,GBP,246080,GB,100,GB,M
2023,EX,FT,Data Scientist,150000,GBP,184560,GB,100,GB,M
2023,SE,FT,Data Scientist,168000,USD,168000,US,100,US,M
2023,SE,FT,Data Scientist,130000,USD,130000,US,100,US,M
2023,EN,FT,Data Scientist,105000,USD,105000,US,0,US,M
2023,EN,FT,Data Scientist,70000,USD,70000,US,0,US,M
2023,SE,FT,Data Analyst,105000,USD,105000,US,100,US,M
2023,SE,FT,Data Analyst,100000,USD,100000,US,100,US,M
2023,SE,FT,Data Engineer,243000,USD,243000,CA,0,CA,M
2023,SE,FT,Data Engineer,152000,USD,152000,CA,0,CA,M
2023,SE,FT,BI Developer,167500,USD,167500,US,0,US,M
2023,SE,FT,BI Developer,106500,USD,106500,US,0,US,M
2023,SE,FT,Business Data Analyst,65000,GBP,79976,ES,100,GI,L
2023,SE,FT,Business Intelligence Analyst,115600,USD,115600,US,0,US,M
2023,SE,FT,Business Intelligence Analyst,79700,USD,79700,US,0,US,M
2023,EN,FT,Applied Scientist,281700,USD,281700,US,0,US,M
2023,EN,FT,Applied Scientist,141100,USD,141100,US,0,US,M
2023,SE,FT,Data Specialist,173100,USD,173100,US,0,US,M
2023,SE,FT,Data Specialist,86900,USD,86900,US,0,US,M
2023,MI,FT,Machine Learning Engineer,258700,USD,258700,US,0,US,M
2023,MI,FT,Machine Learning Engineer,133800,USD,133800,US,0,US,M
2023,MI,FT,Data Analyst,120000,USD,120000,US,0,US,M
2023,MI,FT,Data Analyst,85000,USD,85000,US,0,US,M
2023,MI,FT,Machine Learning Engineer,225300,USD,225300,US,0,US,M
2023,MI,FT,Machine Learning Engineer,197400,USD,197400,US,0,US,M
2023,SE,FT,Data Analyst,157000,USD,157000,US,100,US,M
2023,SE,FT,Data Analyst,125000,USD,125000,US,100,US,M
2023,SE,FT,Data Scientist,208000,USD,208000,US,0,US,M
2023,SE,FT,Data Scientist,134000,USD,134000,US,0,US,M
2023,MI,FT,Data Engineer,140000,USD,140000,US,0,US,M
2023,MI,FT,Data Engineer,65000,USD,65000,US,0,US,M
2023,SE,FT,Data Scientist,258700,USD,258700,US,0,US,M
2023,SE,FT,Data Scientist,160000,USD,160000,US,0,US,M
2023,SE,FT,Data Scientist,258700,USD,258700,US,0,US,M
2023,SE,FT,Data Scientist,188200,USD,188200,US,0,US,M
2023,MI,FT,Data Engineer,40000,GBP,49216,GB,0,GB,M
2023,MI,FT,Data Engineer,40000,GBP,49216,GB,0,GB,M
2023,MI,FT,Data Engineer,110000,USD,110000,US,0,US,M
2023,MI,FT,Data Engineer,73400,USD,73400,US,0,US,M
2023,SE,FT,Data Engineer,183414,USD,183414,US,0,US,M
2023,SE,FT,Data Engineer,183414,USD,183414,US,0,US,M
2023,SE,FT,Data Engineer,130000,USD,130000,US,0,US,M
2023,SE,FT,Data Engineer,97200,USD,97200,US,0,US,M
2023,SE,FT,Machine Learning Engineer,299000,USD,299000,US,0,US,M
2023,SE,FT,Machine Learning Engineer,187000,USD,187000,US,0,US,M
2023,SE,FT,Machine Learning Engineer,204500,USD,204500,US,0,US,M
2023,SE,FT,Machine Learning Engineer,66000,USD,66000,US,0,US,M
2023,SE,FT,Machine Learning Engineer,190000,USD,190000,US,100,US,M
2023,SE,FT,Machine Learning Engineer,140000,USD,140000,US,100,US,M
2023,MI,FT,Data Engineer,170200,USD,170200,US,0,US,M
2023,MI,FT,Data Engineer,83900,USD,83900,US,0,US,M
2023,SE,FT,Data Engineer,130000,USD,130000,US,100,US,M
2023,SE,FT,Data Engineer,101570,USD,101570,US,100,US,M
2023,SE,FT,Data Analyst,177000,USD,177000,US,100,US,M
2023,SE,FT,Data Analyst,118000,USD,118000,US,100,US,M
2023,SE,FT,Machine Learning Engineer,234500,USD,234500,US,0,US,M
2023,SE,FT,Machine Learning Engineer,127000,USD,127000,US,0,US,M
2023,SE,FT,Machine Learning Engineer,170000,AUD,114979,AU,100,AU,L
2023,SE,FT,Data Scientist,287500,USD,287500,US,0,US,M
2023,SE,FT,Data Scientist,168000,USD,168000,US,0,US,M
2023,SE,FT,Data Engineer,155000,USD,155000,US,0,US,M
2023,SE,FT,Data Engineer,140000,USD,140000,US,0,US,M
2023,EX,FT,Data Lead,230000,USD,230000,US,0,US,M
2023,EX,FT,Data Lead,180000,USD,180000,US,0,US,M
2023,SE,FT,Data Scientist,153000,USD,153000,US,0,US,M
2023,SE,FT,Data Scientist,136000,USD,136000,US,0,US,M
2023,SE,FT,Data Analyst,93918,USD,93918,US,0,US,M
2023,SE,FT,Data Analyst,51962,USD,51962,US,0,US,M
2023,SE,FT,Machine Learning Engineer,254000,USD,254000,US,0,US,M
2023,SE,FT,Machine Learning Engineer,200000,USD,200000,US,0,US,M
2023,SE,FT,Data Engineer,214500,USD,214500,US,0,US,M
2023,SE,FT,Data Engineer,134500,USD,134500,US,0,US,M
2023,SE,FT,Data Scientist,136000,USD,136000,US,100,US,M
2023,SE,FT,Data Scientist,104000,USD,104000,US,100,US,M
2023,MI,FT,Data Analyst,110000,USD,110000,US,100,US,M
2023,MI,FT,Data Analyst,90000,USD,90000,US,100,US,M
2023,SE,FT,Data Engineer,145000,USD,145000,US,0,US,M
2023,SE,FT,Data Engineer,115000,USD,115000,US,0,US,M
2023,MI,FT,Data Scientist,143000,USD,143000,US,100,US,M
2023,MI,FT,Data Scientist,117000,USD,117000,US,100,US,M
2023,SE,FT,Applied Scientist,216000,USD,216000,US,100,US,M
2023,SE,FT,Applied Scientist,184000,USD,184000,US,100,US,M
2023,SE,FT,Machine Learning Engineer,324000,USD,324000,US,0,US,M
2023,SE,FT,Machine Learning Engineer,159000,USD,159000,US,0,US,M
2023,SE,FT,Data Scientist,130000,USD,130000,US,100,US,M
2023,SE,FT,Data Scientist,110000,USD,110000,US,100,US,M
2023,MI,FT,Data Scientist,60000,GBP,73824,GB,0,GB,M
2023,MI,FT,Data Scientist,45000,GBP,55368,GB,0,GB,M
2023,SE,FT,Research Engineer,370000,USD,370000,US,0,US,M
2023,SE,FT,Research Engineer,200000,USD,200000,US,0,US,M
2023,SE,FT,Data Scientist,275300,USD,275300,US,100,US,M
2023,SE,FT,Data Scientist,183500,USD,183500,US,100,US,M
2023,SE,FT,Applied Scientist,230000,USD,230000,US,100,US,M
2023,SE,FT,Applied Scientist,196000,USD,196000,US,100,US,M
2023,SE,FT,Machine Learning Engineer,253000,USD,253000,US,100,US,M
2023,SE,FT,Machine Learning Engineer,172040,USD,172040,US,100,US,M
2023,SE,FT,Data Engineer,234000,USD,234000,US,100,US,M
2023,SE,FT,Data Engineer,178000,USD,178000,US,100,US,M
2023,SE,FT,Data Scientist,164000,USD,164000,US,100,US,M
2023,SE,FT,Data Scientist,130000,USD,130000,US,100,US,M
2023,MI,FT,Business Intelligence Specialist,109238,USD,109238,US,0,US,M
2023,MI,FT,Business Intelligence Specialist,68274,USD,68274,US,0,US,M
2023,MI,FT,Data Engineer,53000,EUR,57223,FR,100,FR,M
2023,MI,FT,Data Engineer,48000,EUR,51824,FR,100,FR,M
2023,EN,FT,Data Analyst,80800,USD,80800,US,0,US,M
2023,EN,FT,Data Analyst,53800,USD,53800,US,0,US,M
2023,SE,FT,Data Engineer,258900,USD,258900,US,100,US,M
2023,SE,FT,Data Engineer,176080,USD,176080,US,100,US,M
2023,MI,FT,Data Engineer,57500,GBP,70748,GB,0,GB,M
2023,MI,FT,Data Engineer,54500,GBP,67056,GB,0,GB,M
2023,MI,FT,Business Intelligence Analyst,120000,USD,120000,US,100,US,M
2023,MI,FT,Business Intelligence Analyst,110000,USD,110000,US,100,US,M
2023,SE,FT,Machine Learning Engineer,309000,USD,309000,US,0,US,M
2023,SE,FT,Machine Learning Engineer,142000,USD,142000,US,0,US,M
2023,SE,FT,Data Scientist,201650,USD,201650,US,0,US,M
2023,SE,FT,Data Scientist,124600,USD,124600,US,0,US,M
2023,MI,FT,Data Quality Analyst,65000,USD,65000,US,100,US,M
2023,MI,FT,Data Quality Analyst,60000,USD,60000,US,100,US,M
2023,SE,FT,Data Engineer,132100,USD,132100,US,0,US,M
2023,SE,FT,Data Engineer,68400,USD,68400,US,0,US,M
2023,SE,FT,Data Analyst,145000,USD,145000,US,0,US,M
2023,SE,FT,Data Analyst,110000,USD,110000,US,0,US,M
2023,SE,FT,Business Intelligence Engineer,160000,USD,160000,US,100,US,M
2023,SE,FT,Business Intelligence Engineer,140000,USD,140000,US,100,US,M
2023,MI,FT,Data Analyst,87500,USD,87500,US,100,US,M
2023,MI,FT,Data Analyst,62500,USD,62500,US,100,US,M
2023,SE,FT,Data Analyst,142000,USD,142000,US,0,US,M
2023,SE,FT,Data Analyst,128000,USD,128000,US,0,US,M
2023,SE,FT,Data Engineer,160000,USD,160000,US,0,US,M
2023,SE,FT,Data Engineer,130000,USD,130000,US,0,US,M
2023,SE,FT,Data Scientist,155000,USD,155000,US,0,US,M
2023,SE,FT,Data Scientist,139500,USD,139500,US,0,US,M
2023,SE,FT,Business Intelligence Engineer,202800,USD,202800,US,0,US,L
2023,SE,FT,Business Intelligence Engineer,104300,USD,104300,US,0,US,L
2023,SE,FT,Machine Learning Engineer,221000,USD,221000,US,0,US,M
2023,SE,FT,Machine Learning Engineer,129000,USD,129000,US,0,US,M
2023,SE,FT,Data Engineer,259000,USD,259000,US,0,US,M
2023,SE,FT,Data Engineer,138750,USD,138750,US,0,US,M
2023,SE,FT,Data Scientist,120000,USD,120000,US,0,US,M
2023,SE,FT,Data Scientist,100000,USD,100000,US,0,US,M
2023,SE,FT,Research Engineer,155000,USD,155000,US,0,US,M
2023,SE,FT,Research Engineer,130000,USD,130000,US,0,US,M
2023,SE,FT,Data Engineer,247300,USD,247300,US,0,US,M
2023,SE,FT,Data Engineer,139700,USD,139700,US,0,US,M
2023,SE,FT,Applied Scientist,215000,USD,215000,US,0,US,M
2023,SE,FT,Applied Scientist,182750,USD,182750,US,0,US,M
2023,SE,FT,Research Scientist,248100,USD,248100,US,0,US,M
2023,SE,FT,Research Scientist,145900,USD,145900,US,0,US,M
2023,SE,FT,Data Scientist,207000,USD,207000,US,100,US,M
2023,SE,FT,Data Scientist,141000,USD,141000,US,100,US,M
2023,MI,FT,Data Scientist,90000,USD,90000,US,0,US,M
2023,MI,FT,Data Scientist,55000,USD,55000,US,0,US,M
2023,SE,FT,Data Engineer,247300,USD,247300,US,0,US,M
2023,SE,FT,Data Engineer,139700,USD,139700,US,0,US,M
2023,EN,FT,Machine Learning Engineer,36000,USD,36000,UG,100,US,M
2023,MI,FT,Research Engineer,300000,USD,300000,US,0,US,M
2023,MI,FT,Research Engineer,100000,USD,100000,US,0,US,M
2023,MI,FT,Research Engineer,300000,USD,300000,US,0,US,M
2023,MI,FT,Research Engineer,100000,USD,100000,US,0,US,M
2023,MI,FT,Data Analyst,116700,USD,116700,US,0,US,M
2023,MI,FT,Data Analyst,93400,USD,93400,US,0,US,M
2023,EN,FT,Data Analyst,80000,USD,80000,US,0,US,M
2023,EN,FT,Data Analyst,50000,USD,50000,US,0,US,M
2023,MI,FT,Applied Scientist,179000,USD,179000,US,0,US,M
2023,MI,FT,Applied Scientist,176490,USD,176490,US,0,US,M
2023,SE,FT,Data Scientist,195000,USD,195000,US,0,US,M
2023,SE,FT,Data Scientist,143750,USD,143750,US,0,US,M
2023,MI,FT,Data Scientist,180000,USD,180000,US,0,US,M
2023,MI,FT,Data Scientist,162000,USD,162000,US,0,US,M
2023,SE,FT,Data Scientist,199000,USD,199000,US,0,US,M
2023,SE,FT,Data Scientist,196760,USD,196760,US,0,US,M
2023,SE,FT,Machine Learning Engineer,90000,USD,90000,CO,0,CO,M
2023,SE,FT,Machine Learning Engineer,70000,USD,70000,CO,0,CO,M
2023,SE,FT,Machine Learning Engineer,324000,USD,324000,US,0,US,M
2023,SE,FT,Machine Learning Engineer,159000,USD,159000,US,0,US,M
2023,SE,FT,Data Engineer,222000,USD,222000,US,0,US,M
2023,SE,FT,Data Engineer,159000,USD,159000,US,0,US,M
2023,SE,FT,Data Analyst,175000,USD,175000,US,100,US,M
2023,SE,FT,Data Analyst,150000,USD,150000,US,100,US,M
2023,EN,FT,AI Developer,50000,USD,50000,UA,100,UA,M
2023,SE,FT,Machine Learning Engineer,65000,EUR,70179,IT,100,US,L
2023,MI,FT,BI Developer,110000,USD,110000,US,0,US,M
2023,MI,FT,BI Developer,75000,USD,75000,US,0,US,M
2023,MI,FT,Data Analyst,43000,EUR,46426,SI,0,SI,M
2023,MI,FT,Data Analyst,36000,EUR,38868,SI,0,SI,M
2023,SE,FT,Machine Learning Engineer,220000,USD,220000,US,0,US,M
2023,SE,FT,Machine Learning Engineer,80000,USD,80000,US,0,US,M
2023,MI,FT,Data Engineer,167500,USD,167500,US,0,US,M
2023,MI,FT,Data Engineer,106500,USD,106500,US,0,US,M
2023,MI,FT,Research Scientist,150000,USD,150000,US,0,US,M
2023,MI,FT,Research Scientist,130000,USD,130000,US,0,US,M
2023,SE,FT,Data Engineer,150000,USD,150000,US,100,US,M
2023,SE,FT,Data Engineer,130000,USD,130000,US,100,US,M
2023,SE,FT,Data Analyst,126500,USD,126500,US,100,US,M
2023,SE,FT,Data Analyst,78000,USD,78000,US,100,US,M
2023,EN,FT,AI Programmer,4950806,INR,60207,IN,0,IN,S
2023,SE,FT,Data Scientist,185900,USD,185900,US,0,US,M
2023,SE,FT,Data Scientist,129300,USD,129300,US,0,US,M
2023,EX,FT,Data Lead,250000,USD,250000,US,0,US,M
2023,EX,FT,Data Lead,222000,USD,222000,US,0,US,M
2023,SE,FT,Data Product Manager,145000,USD,145000,US,0,US,M
2023,SE,FT,Data Product Manager,120000,USD,120000,US,0,US,M
2023,SE,FT,Data Analyst,150000,USD,150000,US,100,US,M
2023,SE,FT,Data Analyst,120000,USD,120000,US,100,US,M
2023,MI,FT,Decision Scientist,204500,USD,204500,US,0,US,M
2023,MI,FT,Decision Scientist,142200,USD,142200,US,0,US,M
2023,SE,FT,Data Scientist,297000,USD,297000,US,0,US,M
2023,SE,FT,Data Scientist,138000,USD,138000,US,0,US,M
2023,MI,FT,Data Analyst,147600,USD,147600,US,0,US,M
2023,MI,FT,Data Analyst,106300,USD,106300,US,0,US,M
2023,SE,FT,Data Engineer,247300,USD,247300,US,0,US,M
2023,SE,FT,Data Engineer,139700,USD,139700,US,0,US,M
2023,SE,FT,Data Analyst,83376,GBP,102586,GB,0,GB,M
2023,SE,FT,Data Analyst,65004,GBP,79981,GB,0,GB,M
2023,SE,FT,Data Scientist,131250,USD,131250,US,0,US,M
2023,SE,FT,Data Scientist,128100,USD,128100,US,0,US,M
2023,SE,FT,Data Scientist,116000,USD,116000,US,0,US,M
2023,SE,FT,Data Scientist,90000,USD,90000,US,0,US,M
2023,EX,FT,Data Engineer,174500,USD,174500,US,100,US,M
2023,EX,FT,Data Engineer,113000,USD,113000,US,100,US,M
2023,EN,FT,Financial Data Analyst,56500,USD,56500,US,50,US,L
2023,SE,FT,AI Engineer,36000,EUR,38868,RO,0,RO,M
2023,SE,FT,Data Scientist,227000,USD,227000,US,100,US,M
2023,SE,FT,Data Scientist,185000,USD,185000,US,100,US,M
2023,MI,FT,Machine Learning Engineer,230000,USD,230000,US,0,US,M
2023,MI,FT,Machine Learning Engineer,160000,USD,160000,US,0,US,M
2023,SE,FT,Data Engineer,185000,USD,185000,US,100,US,M
2023,SE,FT,Data Engineer,150000,USD,150000,US,100,US,M
2023,SE,FT,Data Engineer,138300,USD,138300,US,0,US,M
2023,SE,FT,Data Engineer,110700,USD,110700,US,0,US,M
2023,SE,FT,Business Intelligence Engineer,185000,USD,185000,US,0,US,L
2023,SE,FT,Business Intelligence Engineer,79600,USD,79600,US,0,US,L
2023,SE,FT,Data Scientist,208500,USD,208500,US,0,US,M
2023,SE,FT,Data Scientist,165000,USD,165000,US,0,US,M
2023,SE,FT,Data Analyst,100000,USD,100000,US,0,US,M
2023,SE,FT,Data Analyst,75000,USD,75000,US,0,US,M
2023,SE,FT,Data Architect,185000,USD,185000,US,0,US,M
2023,SE,FT,Data Architect,150000,USD,150000,US,0,US,M
2023,SE,FT,Data Scientist,45000,EUR,48585,ES,0,ES,M
2023,SE,FT,Data Scientist,36000,EUR,38868,ES,0,ES,M
2023,SE,FT,Data Scientist,137500,USD,137500,US,0,US,M
2023,SE,FT,Data Scientist,81500,USD,81500,US,0,US,M
2023,SE,FT,Business Intelligence Analyst,130000,USD,130000,US,0,US,M
2023,SE,FT,Business Intelligence Analyst,80000,USD,80000,US,0,US,M
2023,SE,FT,Applied Scientist,230000,USD,230000,US,100,US,M
2023,SE,FT,Applied Scientist,196000,USD,196000,US,100,US,M
2023,SE,FT,Business Intelligence Engineer,202800,USD,202800,US,0,US,L
2023,SE,FT,Business Intelligence Engineer,104300,USD,104300,US,0,US,L
2023,SE,FT,Applied Scientist,216000,USD,216000,US,100,US,M
2023,SE,FT,Applied Scientist,184000,USD,184000,US,100,US,M
2023,SE,FT,Data Engineer,212175,USD,212175,US,100,US,M
2023,SE,FT,Data Engineer,156000,USD,156000,US,100,US,M
2023,SE,FT,Data Engineer,184000,USD,184000,US,0,US,M
2023,SE,FT,Data Engineer,123000,USD,123000,US,0,US,M
2023,MI,FT,Data Analyst,111151,USD,111151,US,100,US,M
2023,MI,FT,Data Analyst,66691,USD,66691,US,100,US,M
2023,SE,FT,Data Scientist,190000,USD,190000,US,0,US,M
2023,SE,FT,Data Scientist,138700,USD,138700,US,0,US,M
2023,SE,FT,Data Analyst,95040,USD,95040,US,100,US,M
2023,SE,FT,Data Analyst,59400,USD,59400,US,100,US,M
2023,SE,FT,Machine Learning Engineer,197802,USD,197802,US,100,US,M
2023,SE,FT,Machine Learning Engineer,156453,USD,156453,US,100,US,M
2023,SE,FT,Data Scientist,308000,USD,308000,US,0,US,M
2023,SE,FT,Data Scientist,144000,USD,144000,US,0,US,M
2023,SE,FT,Data Quality Analyst,172000,USD,172000,US,0,US,M
2023,SE,FT,Data Quality Analyst,140000,USD,140000,US,0,US,M
2023,MI,FT,Data Engineer,73000,GBP,89819,GB,0,GB,M
2023,MI,FT,Data Engineer,59000,GBP,72593,GB,0,GB,M
2023,SE,FT,Data Architect,185000,USD,185000,US,0,US,M
2023,SE,FT,Data Architect,150000,USD,150000,US,0,US,M
2023,MI,FT,Data Engineer,154000,USD,154000,US,0,US,M
2023,MI,FT,Data Engineer,103000,USD,103000,US,0,US,M
2023,SE,FT,Data Engineer,180000,USD,180000,US,100,US,M
2023,SE,FT,Data Engineer,122400,USD,122400,US,100,US,M
2023,MI,FT,Research Analyst,80000,USD,80000,US,0,US,M
2023,MI,FT,Research Analyst,70000,USD,70000,US,0,US,M
2023,SE,FT,Data Analyst,120000,USD,120000,US,0,US,M
2023,SE,FT,Data Analyst,90000,USD,90000,US,0,US,M
2023,SE,FT,Data Engineer,227500,USD,227500,US,100,US,M
2023,SE,FT,Data Engineer,147500,USD,147500,US,100,US,M
2023,MI,FT,Machine Learning Engineer,150000,USD,150000,US,100,US,M
2023,MI,FT,Machine Learning Engineer,50000,USD,50000,US,100,US,M
2023,MI,FT,Data Engineer,60000,GBP,73824,GB,0,GB,M
2023,MI,FT,Data Engineer,45000,GBP,55368,GB,0,GB,M
2023,SE,FT,Data Scientist,220000,USD,220000,US,100,US,M
2023,SE,FT,Data Scientist,180000,USD,180000,US,100,US,M
2023,SE,FT,Machine Learning Engineer,331640,USD,331640,US,0,US,M
2023,SE,FT,Machine Learning Engineer,267720,USD,267720,US,0,US,M
2023,MI,FT,Data Engineer,190000,USD,190000,US,100,US,M
2023,MI,FT,Data Engineer,130000,USD,130000,US,100,US,M
2023,SE,FT,Data Engineer,160000,USD,160000,US,0,US,M
2023,SE,FT,Data Engineer,130000,USD,130000,US,0,US,M
2023,MI,FT,Data Engineer,150000,USD,150000,US,100,US,M
2023,MI,FT,Data Engineer,50000,USD,50000,US,100,US,M
2023,MI,FT,Analytics Engineer,172200,USD,172200,US,100,US,M
2023,MI,FT,Analytics Engineer,131200,USD,131200,US,100,US,M
2023,SE,FT,Data Strategy Manager,250000,USD,250000,US,100,US,M
2023,SE,FT,Data Strategy Manager,100000,USD,100000,US,100,US,M
2023,SE,FT,Data Engineer,178000,USD,178000,US,100,US,M
2023,SE,FT,Data Engineer,165000,USD,165000,US,100,US,M
2023,SE,FT,Business Intelligence Engineer,202800,USD,202800,US,0,US,L
2023,SE,FT,Business Intelligence Engineer,104300,USD,104300,US,0,US,L
2023,SE,FT,Data Analyst,155000,USD,155000,US,0,US,M
2023,SE,FT,Data Analyst,120000,USD,120000,US,0,US,M
2023,SE,FT,Data Analyst,280000,USD,280000,US,0,US,M
2023,SE,FT,Data Analyst,200000,USD,200000,US,0,US,M
2023,SE,FT,Data Engineer,184000,USD,184000,US,0,US,M
2023,SE,FT,Data Engineer,123000,USD,123000,US,0,US,M
2023,SE,FT,Business Intelligence Engineer,202800,USD,202800,US,0,US,L
2023,SE,FT,Business Intelligence Engineer,104300,USD,104300,US,0,US,L
2023,MI,FT,Data Manager,60000,GBP,73824,GB,0,GB,M
2023,MI,FT,Data Manager,55000,GBP,67672,GB,0,GB,M
2023,SE,FT,Data Scientist,290000,USD,290000,US,0,US,M
2023,SE,FT,Data Scientist,173200,USD,173200,US,0,US,M
2023,SE,FT,Data Scientist,235000,USD,235000,US,100,US,M
2023,SE,FT,Data Scientist,204000,USD,204000,US,100,US,M
2023,SE,FT,Machine Learning Scientist,300000,USD,300000,US,0,US,M
2023,SE,FT,Machine Learning Scientist,222000,USD,222000,US,0,US,M
2023,SE,FT,Analytics Engineer,160000,USD,160000,US,0,US,M
2023,SE,FT,Analytics Engineer,136000,USD,136000,US,0,US,M
2023,SE,FT,Data Architect,206000,USD,206000,US,0,US,M
2023,SE,FT,Data Architect,134000,USD,134000,US,0,US,M
2023,SE,FT,Data Scientist,155000,USD,155000,CA,0,CA,M
2023,SE,FT,Data Scientist,105000,USD,105000,CA,0,CA,M
2023,SE,FT,Machine Learning Engineer,287500,USD,287500,US,0,US,M
2023,SE,FT,Machine Learning Engineer,212500,USD,212500,US,0,US,M
2023,SE,FT,Machine Learning Engineer,190027,USD,190027,US,0,US,M
2023,SE,FT,Machine Learning Engineer,152022,USD,152022,US,0,US,M
2023,EN,FT,Data Scientist,18000,EUR,19434,GR,100,GR,L
2023,MI,FT,Data Engineer,130000,USD,130000,US,100,US,M
2023,MI,FT,Data Engineer,100000,USD,100000,US,100,US,M
2023,MI,FT,Data Engineer,250000,USD,250000,US,0,US,M
2023,MI,FT,Data Engineer,125000,USD,125000,US,0,US,M
2023,MI,FT,Data Engineer,131000,USD,131000,CO,0,CO,M
2023,MI,FT,Data Engineer,88000,USD,88000,CO,0,CO,M
2023,EN,FT,Data Analyst,80000,USD,80000,US,0,US,M
2023,EN,FT,Data Analyst,50000,USD,50000,US,0,US,M
2023,SE,FT,Machine Learning Engineer,198000,USD,198000,US,100,US,M
2023,SE,FT,Machine Learning Engineer,132000,USD,132000,US,100,US,M
2023,SE,FT,Business Intelligence Engineer,125000,USD,125000,US,100,US,M
2023,SE,FT,Business Intelligence Engineer,115000,USD,115000,US,100,US,M
2023,SE,FT,Data Engineer,184000,USD,184000,US,0,US,M
2023,SE,FT,Data Engineer,123000,USD,123000,US,0,US,M
2023,SE,FT,Data Manager,145000,USD,145000,US,0,US,M
2023,SE,FT,Data Manager,130000,USD,130000,US,0,US,M
2023,SE,FT,Machine Learning Engineer,170700,USD,170700,US,0,US,M
2023,SE,FT,Machine Learning Engineer,113900,USD,113900,US,0,US,M
2023,SE,FT,Data Engineer,184000,USD,184000,US,0,US,M
2023,SE,FT,Data Engineer,123000,USD,123000,US,0,US,M
2023,SE,FT,Machine Learning Engineer,280000,USD,280000,US,0,US,M
2023,SE,FT,Machine Learning Engineer,200000,USD,200000,US,0,US,M
2023,SE,FT,Data Engineer,185000,USD,185000,US,0,US,L
2023,SE,FT,Data Engineer,81000,USD,81000,US,0,US,L
2023,SE,FT,Machine Learning Engineer,220000,USD,220000,US,0,US,M
2023,SE,FT,Machine Learning Engineer,80000,USD,80000,US,0,US,M
2023,SE,FT,Data Scientist,185000,USD,185000,US,0,US,M
2023,SE,FT,Data Scientist,123000,USD,123000,US,0,US,M
2023,EX,FT,Data Manager,80000,USD,80000,US,0,US,M
2023,EX,FT,Data Manager,75000,USD,75000,US,0,US,M
2023,MI,FT,Research Scientist,150000,USD,150000,US,0,US,M
2023,MI,FT,Research Scientist,130000,USD,130000,US,0,US,M
2023,MI,FT,Data Analyst,53000,USD,53000,US,100,US,M
2023,MI,FT,Data Analyst,48000,USD,48000,US,100,US,M
2023,MI,FT,Analytics Engineer,300000,GBP,369120,GB,0,GB,M
2023,MI,FT,Analytics Engineer,60000,GBP,73824,GB,0,GB,M
2023,MI,FT,Data Scientist,150000,USD,150000,US,0,US,M
2023,MI,FT,Data Scientist,125000,USD,125000,US,0,US,M
2023,SE,FT,Data Scientist,150000,USD,150000,US,100,US,M
2023,SE,FT,Data Scientist,130000,USD,130000,US,100,US,M
2023,MI,FT,Data Engineer,57500,GBP,70748,GB,0,GB,M
2023,MI,FT,Data Engineer,54500,GBP,67056,GB,0,GB,M
2023,SE,FT,Data Engineer,190000,USD,190000,US,0,US,M
2023,SE,FT,Data Engineer,170000,USD,170000,US,0,US,M
2023,SE,FT,Data Analyst,125000,USD,125000,US,100,US,M
2023,SE,FT,Data Analyst,115000,USD,115000,US,100,US,M
2023,SE,FT,Data Engineer,130000,USD,130000,US,100,US,M
2023,SE,FT,Data Engineer,101570,USD,101570,US,100,US,M
2023,MI,FT,Data Engineer,150000,USD,150000,US,100,US,M
2023,MI,FT,Data Engineer,115000,USD,115000,US,100,US,M
2023,SE,FT,Data Engineer,184000,USD,184000,US,0,US,M
2023,SE,FT,Data Engineer,123000,USD,123000,US,0,US,M
2023,SE,FT,Computer Vision Engineer,194000,USD,194000,US,0,US,M
2023,SE,FT,Computer Vision Engineer,175000,USD,175000,US,0,US,M
2023,SE,FT,Data Analyst,185000,USD,185000,US,0,US,M
2023,SE,FT,Data Analyst,160000,USD,160000,US,0,US,M
2023,SE,FT,Data Engineer,185000,USD,185000,US,0,US,M
2023,SE,FT,Data Engineer,50000,USD,50000,US,0,US,M
2023,EX,FT,Data Manager,80000,USD,80000,US,0,US,M
2023,EX,FT,Data Manager,70000,USD,70000,US,0,US,M
2023,SE,FT,Machine Learning Engineer,254000,USD,254000,US,0,US,M
2023,SE,FT,Machine Learning Engineer,200000,USD,200000,US,0,US,M
2023,EN,FT,Data Engineer,130916,USD,130916,US,0,US,M
2023,EN,FT,Data Engineer,120000,USD,120000,US,0,US,M
2023,SE,FT,Data Scientist,160000,USD,160000,US,100,US,M
2023,SE,FT,Data Scientist,130000,USD,130000,US,100,US,M
2023,SE,FT,Applied Scientist,218213,USD,218213,US,100,US,M
2023,SE,FT,Applied Scientist,178538,USD,178538,US,100,US,M
2023,MI,FT,Applied Scientist,222200,USD,222200,US,0,US,L
2023,MI,FT,Applied Scientist,136000,USD,136000,US,0,US,L
2023,SE,FT,Data Scientist,316000,USD,316000,US,0,US,M
2023,SE,FT,Data Scientist,202000,USD,202000,US,0,US,M
2023,MI,FT,Applied Scientist,222200,USD,222200,US,0,US,L
2023,MI,FT,Applied Scientist,136000,USD,136000,US,0,US,L
2023,SE,FT,Data Scientist,189750,USD,189750,US,100,US,M
2023,SE,FT,Data Scientist,119213,USD,119213,US,100,US,M
2023,SE,FT,Analytics Engineer,162000,USD,162000,US,0,US,M
2023,SE,FT,Analytics Engineer,130000,USD,130000,US,0,US,M
2023,SE,FT,Data Visualization Specialist,170200,USD,170200,US,0,US,M
2023,SE,FT,Data Visualization Specialist,83900,USD,83900,US,0,US,M
2023,SE,FT,Business Intelligence Engineer,202800,USD,202800,US,0,US,L
2023,SE,FT,Business Intelligence Engineer,104300,USD,104300,US,0,US,L
2023,SE,FT,Machine Learning Engineer,250944,USD,250944,US,100,US,M
2023,SE,FT,Machine Learning Engineer,205318,USD,205318,US,100,US,M
2023,SE,FT,Data Engineer,155000,USD,155000,US,0,US,M
2023,SE,FT,Data Engineer,125000,USD,125000,US,0,US,M
2023,SE,FT,Data Scientist,135000,USD,135000,US,0,US,M
2023,SE,FT,Data Scientist,114000,USD,114000,US,0,US,M
2023,SE,FT,Data Scientist,218213,USD,218213,US,100,US,M
2023,SE,FT,Data Scientist,178538,USD,178538,US,100,US,M
2023,SE,FT,Research Scientist,240000,USD,240000,US,0,US,M
2023,SE,FT,Research Scientist,163200,USD,163200,US,0,US,M
2023,SE,FT,Machine Learning Engineer,258800,USD,258800,US,0,US,M
2023,SE,FT,Machine Learning Engineer,199200,USD,199200,US,0,US,M
2023,SE,FT,Data Scientist,215625,USD,215625,US,100,US,M
2023,SE,FT,Data Scientist,159375,USD,159375,US,100,US,M
2023,MI,FT,Machine Learning Engineer,155000,USD,155000,US,0,US,M
2023,MI,FT,Machine Learning Engineer,125000,USD,125000,US,0,US,M
2023,SE,FT,Data Engineer,170000,USD,170000,US,100,US,M
2023,SE,FT,Data Engineer,100000,USD,100000,US,100,US,M
2023,SE,FT,Machine Learning Engineer,234000,USD,234000,US,100,US,M
2023,SE,FT,Machine Learning Engineer,208000,USD,208000,US,100,US,M
2023,SE,FT,Research Engineer,203000,USD,203000,US,0,US,M
2023,SE,FT,Research Engineer,133000,USD,133000,US,0,US,M
2023,SE,FT,Data Scientist,272400,USD,272400,US,0,US,L
2023,SE,FT,Data Scientist,140100,USD,140100,US,0,US,L
2023,SE,FT,Data Engineer,282000,USD,282000,US,0,US,M
2023,SE,FT,Data Engineer,208000,USD,208000,US,0,US,M
2023,SE,FT,Data Analyst,93919,USD,93919,US,100,US,M
2023,SE,FT,Data Analyst,51962,USD,51962,US,100,US,M
2023,SE,FT,Data Scientist,211000,USD,211000,US,100,US,M
2023,SE,FT,Data Scientist,185000,USD,185000,US,100,US,M
2023,SE,FT,BI Analyst,118800,USD,118800,US,100,US,M
2023,SE,FT,BI Analyst,75000,USD,75000,US,100,US,M
2023,SE,FT,Machine Learning Engineer,159350,USD,159350,US,0,US,M
2023,SE,FT,Machine Learning Engineer,130100,USD,130100,US,0,US,M
2023,SE,FT,Data Scientist,262000,USD,262000,US,100,US,M
2023,SE,FT,Data Scientist,245000,USD,245000,US,100,US,M
2023,SE,FT,Data Scientist,190000,USD,190000,US,100,US,M
2023,SE,FT,Data Scientist,150000,USD,150000,US,100,US,M
2023,SE,FT,Analytics Engineer,205218,USD,205218,US,0,US,M
2023,SE,FT,Analytics Engineer,136743,USD,136743,US,0,US,M
2023,SE,FT,Research Analyst,185000,USD,185000,US,0,US,L
2023,SE,FT,Research Analyst,94600,USD,94600,US,0,US,L
2023,SE,FT,Research Analyst,160000,USD,160000,US,0,US,M
2023,SE,FT,Research Analyst,107000,USD,107000,US,0,US,M
2023,SE,FT,Machine Learning Engineer,264400,USD,264400,US,100,US,M
2023,SE,FT,Machine Learning Engineer,176300,USD,176300,US,100,US,M
2023,SE,FT,Research Analyst,160000,USD,160000,US,0,US,M
2023,SE,FT,Research Analyst,107000,USD,107000,US,0,US,M
2023,SE,FT,Research Scientist,275000,USD,275000,US,0,US,M
2023,SE,FT,Research Scientist,175000,USD,175000,US,0,US,M
2023,EN,FT,Machine Learning Engineer,76000,USD,76000,US,0,US,L
2023,MI,FT,Insight Analyst,50000,EUR,53984,PT,100,PT,M
2023,MI,FT,Insight Analyst,40000,EUR,43187,PT,100,PT,M
2023,EN,FT,Data Analyst,80800,USD,80800,US,0,US,M
2023,EN,FT,Data Analyst,53800,USD,53800,US,0,US,M
2023,MI,FT,Business Intelligence Analyst,150000,USD,150000,US,0,US,M
2023,MI,FT,Business Intelligence Analyst,125000,USD,125000,US,0,US,M
2023,SE,FT,Data Scientist,210000,USD,210000,US,100,US,M
2023,SE,FT,Data Scientist,180000,USD,180000,US,100,US,M
2023,SE,FT,Data Engineer,210000,USD,210000,US,0,US,M
2023,SE,FT,Data Engineer,155000,USD,155000,US,0,US,M
2023,SE,FT,Data Scientist,169500,USD,169500,US,100,US,M
2023,SE,FT,Data Scientist,138000,USD,138000,US,100,US,M
2023,SE,FT,Data Engineer,226700,USD,226700,US,0,US,M
2023,SE,FT,Data Engineer,133300,USD,133300,US,0,US,M
2023,SE,FT,Research Scientist,278700,USD,278700,US,0,US,M
2023,SE,FT,Research Scientist,159300,USD,159300,US,0,US,M
2023,MI,FT,AI Engineer,180000,USD,180000,US,0,US,M
2023,MI,FT,AI Engineer,120000,USD,120000,US,0,US,M
2023,SE,FT,Business Intelligence Engineer,125000,USD,125000,US,100,US,M
2023,SE,FT,Business Intelligence Engineer,115000,USD,115000,US,100,US,M
2023,SE,FT,Data Scientist,297300,USD,297300,US,100,US,M
2023,SE,FT,Data Scientist,198200,USD,198200,US,100,US,M
2023,SE,FT,Data Scientist,204500,USD,204500,US,0,US,M
2023,SE,FT,Data Scientist,138900,USD,138900,US,0,US,M
2023,SE,FT,Data Manager,110400,USD,110400,US,0,US,M
2023,SE,FT,Data Manager,68000,USD,68000,US,0,US,M
2023,MI,FT,Data Scientist,260600,USD,260600,US,0,US,M
2023,MI,FT,Data Scientist,170500,USD,170500,US,0,US,M
2023,EN,FT,Data Integration Specialist,63750,USD,63750,US,100,US,M
2023,EN,FT,Data Integration Specialist,46400,USD,46400,US,100,US,M
2023,SE,FT,Data Scientist,214872,USD,214872,US,100,US,M
2023,SE,FT,Data Scientist,186846,USD,186846,US,100,US,M
2023,MI,FT,Data Analyst,95000,USD,95000,US,0,US,M
2023,MI,FT,Data Analyst,70600,USD,70600,US,0,US,M
2023,MI,FT,Data Analyst,149500,USD,149500,US,100,US,M
2023,MI,FT,Data Analyst,127075,USD,127075,US,100,US,M
2023,SE,FT,Data Engineer,162000,USD,162000,US,100,US,M
2023,SE,FT,Data Engineer,111000,USD,111000,US,100,US,M
2023,SE,FT,Machine Learning Scientist,280000,USD,280000,US,100,US,M
2023,SE,FT,Machine Learning Scientist,182750,USD,182750,US,100,US,M
2023,SE,FT,Research Scientist,212800,USD,212800,US,0,US,L
2023,SE,FT,Research Scientist,124100,USD,124100,US,0,US,L
2023,SE,FT,Research Engineer,196000,USD,196000,US,0,US,M
2023,SE,FT,Research Engineer,142600,USD,142600,US,0,US,M
2023,SE,FT,Business Intelligence Engineer,185000,USD,185000,US,0,US,L
2023,SE,FT,Business Intelligence Engineer,79600,USD,79600,US,0,US,L
2023,SE,FT,Data Architect,193000,USD,193000,US,100,US,M
2023,SE,FT,Data Architect,110000,USD,110000,US,100,US,M
2023,SE,FT,Data Scientist,245000,USD,245000,US,0,US,M
2023,SE,FT,Data Scientist,185000,USD,185000,US,0,US,M
2023,MI,FT,Data Engineer,154000,USD,154000,US,0,US,M
2023,MI,FT,Data Engineer,103000,USD,103000,US,0,US,M
2023,SE,FT,Data Analyst,80000,USD,80000,US,0,US,M
2023,SE,FT,Data Analyst,70000,USD,70000,US,0,US,M
2023,EX,FT,Data Engineer,250000,USD,250000,US,0,US,M
2023,EX,FT,Data Engineer,225000,USD,225000,US,0,US,M
2023,SE,FT,Data Analyst,90000,USD,90000,US,0,US,M
2023,SE,FT,Data Analyst,80000,USD,80000,US,0,US,M
2023,MI,FT,Data Analyst,50000,GBP,61520,GB,0,GB,M
2023,MI,FT,Data Analyst,40000,GBP,49216,GB,0,GB,M
2023,SE,FT,Data Engineer,205000,USD,205000,US,0,US,M
2023,SE,FT,Data Engineer,167500,USD,167500,US,0,US,M
2023,SE,FT,Data Scientist,202600,USD,202600,US,100,US,M
2023,SE,FT,Data Scientist,168800,USD,168800,US,100,US,M
2023,SE,FT,Data Scientist,164000,USD,164000,US,100,US,M
2023,SE,FT,Data Scientist,130000,USD,130000,US,100,US,M
2023,SE,FT,Machine Learning Engineer,240000,USD,240000,UA,100,UA,M
2023,SE,FT,Machine Learning Engineer,220000,USD,220000,UA,100,UA,M
2023,SE,FT,Data Scientist,168000,USD,168000,US,100,US,M
2023,SE,FT,Data Scientist,130000,USD,130000,US,100,US,M
2023,SE,FT,Data Engineer,185900,USD,185900,US,0,US,M
2023,SE,FT,Data Engineer,129300,USD,129300,US,0,US,M
2023,SE,FT,Machine Learning Engineer,297300,USD,297300,US,100,US,M
2023,SE,FT,Machine Learning Engineer,198200,USD,198200,US,100,US,M
2023,SE,FT,Machine Learning Engineer,190000,USD,190000,US,100,US,M
2023,SE,FT,Machine Learning Engineer,156000,USD,156000,US,100,US,M
2023,SE,FT,Machine Learning Engineer,205000,USD,205000,US,0,US,M
2023,SE,FT,Machine Learning Engineer,152000,USD,152000,US,0,US,M
2023,SE,FT,Data Scientist,196500,USD,196500,US,0,US,M
2023,SE,FT,Data Scientist,97300,USD,97300,US,0,US,M
2023,SE,FT,Machine Learning Engineer,260000,USD,260000,US,0,US,M
2023,SE,FT,Machine Learning Engineer,192000,USD,192000,US,0,US,M
2023,SE,FT,Applied Scientist,216000,USD,216000,US,100,US,M
2023,SE,FT,Applied Scientist,184000,USD,184000,US,100,US,M
2023,SE,FT,Machine Learning Engineer,192000,USD,192000,US,100,US,M
2023,SE,FT,Machine Learning Engineer,164000,USD,164000,US,100,US,M
2023,SE,FT,Machine Learning Engineer,227700,USD,227700,US,100,US,M
2023,SE,FT,Machine Learning Engineer,154836,USD,154836,US,100,US,M
2023,SE,FT,Data Scientist,160000,USD,160000,US,100,US,M
2023,SE,FT,Data Scientist,140000,USD,140000,US,100,US,M
2023,SE,FT,Data Scientist,168000,USD,168000,US,100,US,M
2023,SE,FT,Data Scientist,130000,USD,130000,US,100,US,M
2023,MI,FT,Machine Learning Engineer,285000,USD,285000,US,0,US,L
2023,MI,FT,Machine Learning Engineer,190000,USD,190000,US,0,US,L
2023,MI,FT,Research Scientist,405000,USD,405000,US,0,US,L
2023,MI,FT,Research Scientist,270000,USD,270000,US,0,US,L
2023,MI,FT,Data Engineer,214300,USD,214300,US,0,US,M
2023,MI,FT,Data Engineer,108500,USD,108500,US,0,US,M
2023,MI,FT,Data Scientist,145000,USD,145000,US,100,US,M
2023,MI,FT,Data Scientist,115000,USD,115000,US,100,US,M
2023,MI,FT,Data Scientist,130000,USD,130000,US,100,US,M
2023,MI,FT,Data Scientist,113000,USD,113000,US,100,US,M
2023,SE,FT,Data Scientist,194500,USD,194500,US,0,US,M
2023,SE,FT,Data Scientist,110250,USD,110250,US,0,US,M
2023,SE,FT,Data Scientist,295000,USD,295000,US,0,US,M
2023,SE,FT,Data Scientist,177300,USD,177300,US,0,US,M
2023,MI,FT,Data Analyst,45000,GBP,55368,GB,100,GB,M
2023,MI,FT,Data Analyst,36000,GBP,44294,GB,100,GB,M
2023,SE,FT,Data Scientist,136000,USD,136000,US,100,US,M
2023,SE,FT,Data Scientist,104000,USD,104000,US,100,US,M
2023,MI,FT,Applied Scientist,222200,USD,222200,US,0,US,L
2023,MI,FT,Applied Scientist,136000,USD,136000,US,0,US,L
2023,SE,FT,Applied Scientist,192000,USD,192000,US,100,US,M
2023,SE,FT,Applied Scientist,164000,USD,164000,US,100,US,M
2023,EN,FT,Data Engineer,220000,USD,220000,US,0,US,M
2023,EN,FT,Data Engineer,187000,USD,187000,US,0,US,M
2023,EX,FT,Data Scientist,353200,USD,353200,US,0,US,M
2023,EX,FT,Data Scientist,249300,USD,249300,US,0,US,M
2023,SE,FT,Data Analyst,85000,USD,85000,US,0,US,M
2023,SE,FT,Data Analyst,79000,USD,79000,US,0,US,M
2023,SE,FT,Machine Learning Engineer,214500,USD,214500,US,0,US,M
2023,SE,FT,Machine Learning Engineer,132600,USD,132600,US,0,US,M
2023,SE,FT,Data Engineer,131000,USD,131000,US,0,US,M
2023,SE,FT,Data Engineer,130000,USD,130000,US,0,US,M
2023,SE,FT,Data Scientist,153600,USD,153600,US,0,US,M
2023,SE,FT,Data Scientist,106800,USD,106800,US,0,US,M
2023,SE,FT,Applied Scientist,220000,USD,220000,US,100,US,M
2023,SE,FT,Applied Scientist,163000,USD,163000,US,100,US,M
2023,SE,FT,Data Scientist,168000,USD,168000,US,100,US,M
2023,SE,FT,Data Scientist,130000,USD,130000,US,100,US,M
2023,SE,FT,Data Scientist,107400,USD,107400,US,0,US,M
2023,SE,FT,Data Scientist,101500,USD,101500,US,0,US,M
2023,EX,FT,Data Manager,80000,USD,80000,US,0,US,M
2023,EX,FT,Data Manager,70000,USD,70000,US,0,US,M
2023,MI,FT,Data Engineer,75000,EUR,80976,FR,50,FR,M
2023,MI,FT,Research Scientist,300000,USD,300000,US,0,US,M
2023,MI,FT,Research Scientist,100000,USD,100000,US,0,US,M
2023,SE,FT,Data Architect,175000,USD,175000,US,100,US,M
2023,SE,FT,Data Architect,135000,USD,135000,US,100,US,M
2023,SE,FT,Data Scientist,164000,USD,164000,US,0,US,M
2023,SE,FT,Data Scientist,130000,USD,130000,US,0,US,M
2023,SE,FT,Data Scientist,300000,USD,300000,US,0,US,M
2023,SE,FT,Data Scientist,211000,USD,211000,US,0,US,M
2023,SE,FT,Machine Learning Engineer,276000,USD,276000,US,0,US,M
2023,SE,FT,Machine Learning Engineer,184000,USD,184000,US,0,US,M
2023,MI,FT,Data Analyst,115000,USD,115000,US,100,US,M
2023,MI,FT,Data Analyst,110000,USD,110000,US,100,US,M
2023,SE,FT,Data Engineer,139810,USD,139810,US,0,US,M
2023,SE,FT,Data Engineer,95325,USD,95325,US,0,US,M
2023,SE,FT,Data Analyst,167000,USD,167000,US,0,US,M
2023,SE,FT,Data Analyst,150000,USD,150000,US,0,US,M
2023,SE,FT,Data Engineer,144000,USD,144000,US,0,US,M
2023,SE,FT,Data Engineer,96000,USD,96000,US,0,US,M
2023,SE,FT,Data Engineer,140000,USD,140000,US,0,US,M
2023,SE,FT,Data Engineer,125000,USD,125000,US,0,US,M
2023,SE,FT,Analytics Engineer,145000,USD,145000,US,100,US,M
2023,SE,FT,Analytics Engineer,116000,USD,116000,US,100,US,M
2023,SE,FT,Data Scientist,161000,USD,161000,US,0,US,M
2023,SE,FT,Data Scientist,116300,USD,116300,US,0,US,M
2023,SE,FT,Data Analyst,140000,USD,140000,US,0,US,M
2023,SE,FT,Data Analyst,125000,USD,125000,US,0,US,M
2023,SE,FT,Data Architect,175564,USD,175564,US,100,US,M
2023,SE,FT,Data Architect,144854,USD,144854,US,100,US,M
2023,SE,FT,Machine Learning Engineer,225000,USD,225000,US,0,US,M
2023,SE,FT,Machine Learning Engineer,166000,USD,166000,US,0,US,M
2023,SE,FT,Analytics Engineer,190000,USD,190000,US,0,US,M
2023,SE,FT,Analytics Engineer,150000,USD,150000,US,0,US,M
2023,SE,FT,Machine Learning Engineer,225000,USD,225000,US,0,US,M
2023,SE,FT,Machine Learning Engineer,166000,USD,166000,US,0,US,M
2023,SE,FT,Data Scientist,151300,USD,151300,US,100,US,M
2023,SE,FT,Data Scientist,126100,USD,126100,US,100,US,M
2023,SE,FT,Research Engineer,190000,USD,190000,US,0,US,M
2023,SE,FT,Research Engineer,152000,USD,152000,US,0,US,M
2023,SE,FT,Data Scientist,202600,USD,202600,US,100,US,M
2023,SE,FT,Data Scientist,168800,USD,168800,US,100,US,M
2023,SE,FT,Machine Learning Engineer,190000,USD,190000,US,0,US,M
2023,SE,FT,Machine Learning Engineer,150000,USD,150000,US,0,US,M
2023,EX,FT,Data Analyst,180000,USD,180000,US,100,US,M
2023,EX,FT,Data Analyst,125000,USD,125000,US,100,US,M
2023,SE,FT,Business Intelligence Analyst,113000,USD,113000,US,0,US,M
2023,SE,FT,Business Intelligence Analyst,90400,USD,90400,US,0,US,M
2023,SE,FT,Business Intelligence Engineer,204300,USD,204300,US,0,US,M
2023,SE,FT,Business Intelligence Engineer,139000,USD,139000,US,0,US,M
2023,SE,FT,Data Engineer,282000,USD,282000,US,0,US,M
2023,SE,FT,Data Engineer,208000,USD,208000,US,0,US,M
2023,SE,FT,Data Engineer,185000,USD,185000,US,0,US,M
2023,SE,FT,Data Engineer,124000,USD,124000,US,0,US,M
2023,SE,FT,Research Scientist,240000,USD,240000,US,0,US,M
2023,SE,FT,Research Scientist,157000,USD,157000,US,0,US,M
2023,SE,FT,Machine Learning Engineer,212800,USD,212800,US,0,US,L
2023,SE,FT,Machine Learning Engineer,111600,USD,111600,US,0,US,L
2023,SE,FT,Data Architect,183000,USD,183000,US,0,US,M
2023,SE,FT,Data Architect,147000,USD,147000,US,0,US,M
2023,SE,FT,Data Engineer,169000,USD,169000,US,0,US,M
2023,SE,FT,Data Engineer,91000,USD,91000,US,0,US,M
2023,SE,FT,Data Architect,210000,USD,210000,US,0,US,M
2023,SE,FT,Data Architect,160000,USD,160000,US,0,US,M
2023,MI,FT,Data Analyst,70900,USD,70900,US,0,US,M
2023,MI,FT,Data Analyst,49000,USD,49000,US,0,US,M
2023,SE,FT,Data Architect,193000,USD,193000,US,0,US,M
2023,SE,FT,Data Architect,128000,USD,128000,US,0,US,M
2023,SE,FT,Data Scientist,168000,USD,168000,US,0,US,M
2023,SE,FT,Data Scientist,130000,USD,130000,US,0,US,M
2023,MI,FT,Data Engineer,154000,USD,154000,US,0,US,M
2023,MI,FT,Data Engineer,103000,USD,103000,US,0,US,M
2023,SE,FT,Data Analyst,93918,USD,93918,US,0,US,M
2023,SE,FT,Data Analyst,51962,USD,51962,US,0,US,M
2023,SE,FT,Data Scientist,180000,USD,180000,US,0,US,M
2023,SE,FT,Data Scientist,160000,USD,160000,US,0,US,M
2023,SE,FT,Data Scientist,140000,USD,140000,US,0,US,M
2023,SE,FT,Data Scientist,140000,USD,140000,US,0,US,M
2023,MI,FT,Data Engineer,275000,USD,275000,CA,0,CA,M
2023,MI,FT,Data Engineer,243000,USD,243000,CA,0,CA,M
2023,SE,FT,Data Scientist,215000,USD,215000,US,0,US,M
2023,SE,FT,Data Scientist,160000,USD,160000,US,0,US,M
2023,EX,FT,Data Engineer,174500,USD,174500,US,0,US,M
2023,EX,FT,Data Engineer,113000,USD,113000,US,0,US,M
2023,SE,FT,Data Analyst,125000,USD,125000,US,100,US,M
2023,SE,FT,Data Analyst,80000,USD,80000,US,100,US,M
2023,SE,FT,Data Engineer,145000,USD,145000,US,100,US,M
2023,SE,FT,Data Engineer,115000,USD,115000,US,100,US,M
2023,SE,FT,Machine Learning Engineer,260000,USD,260000,US,0,US,M
2023,SE,FT,Machine Learning Engineer,160000,USD,160000,US,0,US,M
2023,SE,FT,Data Scientist,202000,USD,202000,US,100,US,M
2023,SE,FT,Data Scientist,140000,USD,140000,US,100,US,M
2023,MI,FT,Data Scientist,130000,CAD,96313,CA,100,CA,S
2023,SE,FT,Machine Learning Engineer,250000,USD,250000,US,0,US,M
2023,SE,FT,Machine Learning Engineer,140000,USD,140000,US,0,US,M
2023,MI,FT,Data Analyst,45000,EUR,48585,PT,100,PT,M
2023,MI,FT,Data Analyst,40000,EUR,43187,PT,100,PT,M
2023,SE,FT,Data Scientist,204000,USD,204000,US,100,US,M
2023,SE,FT,Data Scientist,127500,USD,127500,US,100,US,M
2023,SE,FT,Data Analyst,145500,USD,145500,US,0,US,M
2023,SE,FT,Data Analyst,108000,USD,108000,US,0,US,M
2023,SE,FT,Data Engineer,206000,USD,206000,US,100,US,M
2023,SE,FT,Data Engineer,175100,USD,175100,US,100,US,M
2023,SE,FT,Data Analyst,122500,USD,122500,US,100,US,M
2023,SE,FT,Data Analyst,82500,USD,82500,US,100,US,M
2023,SE,FT,Data Manager,110400,USD,110400,US,0,US,M
2023,SE,FT,Data Manager,68000,USD,68000,US,0,US,M
2023,SE,FT,Data Scientist,190000,USD,190000,US,100,US,M
2023,SE,FT,Data Scientist,160000,USD,160000,US,100,US,M
2023,SE,FT,Data Analyst,95000,USD,95000,US,0,US,M
2023,SE,FT,Data Analyst,75000,USD,75000,US,0,US,M
2023,SE,FT,Data Scientist,136000,USD,136000,US,100,US,M
2023,SE,FT,Data Scientist,104000,USD,104000,US,100,US,M
2023,MI,FT,Data Analyst,130000,USD,130000,US,0,US,M
2023,MI,FT,Data Analyst,105000,USD,105000,US,0,US,M
2023,MI,FT,Data Engineer,154000,USD,154000,US,0,US,M
2023,MI,FT,Data Engineer,103000,USD,103000,US,0,US,M
2023,MI,FT,Data Scientist,217000,USD,217000,US,0,US,M
2023,MI,FT,Data Scientist,192000,USD,192000,US,0,US,M
2023,SE,FT,Data Engineer,170000,USD,170000,US,0,US,M
2023,SE,FT,Data Engineer,100000,USD,100000,US,0,US,M
2023,SE,FT,Data Specialist,90000,USD,90000,US,0,US,M
2023,SE,FT,Data Specialist,60000,USD,60000,US,0,US,M
2023,SE,FT,AI Engineer,350000,USD,350000,US,0,US,M
2023,SE,FT,AI Engineer,168000,USD,168000,US,0,US,M
2023,SE,FT,Data Scientist,234900,USD,234900,US,0,US,M
2023,SE,FT,Data Scientist,113500,USD,113500,US,0,US,M
2023,SE,FT,Data Engineer,385000,USD,385000,US,0,US,M
2023,SE,FT,Data Engineer,245000,USD,245000,US,0,US,M
2023,SE,FT,Data Engineer,255000,USD,255000,US,0,US,M
2023,SE,FT,Data Engineer,255000,USD,255000,US,0,US,M
2023,SE,FT,Data Visualization Engineer,170200,USD,170200,US,0,US,M
2023,SE,FT,Data Visualization Engineer,83900,USD,83900,US,0,US,M
2023,SE,FT,Data Scientist,170200,USD,170200,US,0,US,M
2023,SE,FT,Data Scientist,83900,USD,83900,US,0,US,M
2023,SE,FT,Data Engineer,202500,USD,202500,US,0,US,M
2023,SE,FT,Data Engineer,177500,USD,177500,US,0,US,M
2023,SE,FT,Data Scientist,308000,USD,308000,US,0,US,M
2023,SE,FT,Data Scientist,144000,USD,144000,US,0,US,M
2023,SE,FT,Data Engineer,130000,USD,130000,US,100,US,M
2023,SE,FT,Data Engineer,101570,USD,101570,US,100,US,M
2023,SE,FT,Data Engineer,300000,USD,300000,US,0,US,M
2023,SE,FT,Data Engineer,150000,USD,150000,US,0,US,M
2023,SE,FT,Applied Scientist,222200,USD,222200,US,0,US,L
2023,SE,FT,Applied Scientist,136000,USD,136000,US,0,US,L
2023,SE,FT,Data Manager,145000,USD,145000,US,0,US,M
2023,SE,FT,Data Manager,130000,USD,130000,US,0,US,M
2023,SE,FT,Data Modeler,155000,USD,155000,US,100,US,L
2023,SE,FT,Data Modeler,130000,USD,130000,US,100,US,L
2023,SE,FT,Data Scientist,240000,USD,240000,US,100,US,M
2023,SE,FT,Data Scientist,180000,USD,180000,US,100,US,M
2023,SE,FT,AI Engineer,170200,USD,170200,US,0,US,M
2023,SE,FT,AI Engineer,83900,USD,83900,US,0,US,M
2023,SE,FT,Data Scientist,210000,USD,210000,US,0,US,M
2023,SE,FT,Data Scientist,165000,USD,165000,US,0,US,M
2023,SE,FT,Research Scientist,300000,USD,300000,US,0,US,M
2023,SE,FT,Research Scientist,150000,USD,150000,US,0,US,M
2023,SE,FT,Machine Learning Engineer,300000,USD,300000,US,0,US,M
2023,SE,FT,Machine Learning Engineer,150000,USD,150000,US,0,US,M
2023,SE,FT,Data Scientist,212800,USD,212800,US,0,US,L
2023,SE,FT,Data Scientist,111600,USD,111600,US,0,US,L
2023,SE,FT,Data Engineer,213600,USD,213600,US,0,US,M
2023,SE,FT,Data Engineer,103200,USD,103200,US,0,US,M
2023,SE,FT,Data Scientist,230000,USD,230000,CA,100,CA,M
2023,SE,FT,Data Scientist,153000,USD,153000,CA,100,CA,M
2023,SE,FT,Research Engineer,308000,USD,308000,US,0,US,M
2023,SE,FT,Research Engineer,190400,USD,190400,US,0,US,M
2023,SE,FT,Data Scientist,204000,USD,204000,US,100,US,M
2023,SE,FT,Data Scientist,127500,USD,127500,US,100,US,M
2023,MI,FT,Data Scientist,250000,USD,250000,US,0,US,M
2023,MI,FT,Data Scientist,125000,USD,125000,US,0,US,M
2023,SE,FT,Research Engineer,385000,USD,385000,US,0,US,M
2023,SE,FT,Research Engineer,310000,USD,310000,US,0,US,M
2023,SE,FT,Data Analyst,120000,USD,120000,US,100,US,M
2023,SE,FT,Data Analyst,88000,USD,88000,US,100,US,M
2023,SE,FT,Machine Learning Engineer,158000,USD,158000,US,100,US,M
2023,SE,FT,Machine Learning Engineer,108000,USD,108000,US,100,US,M
2023,SE,FT,Data Engineer,385000,USD,385000,US,0,US,M
2023,SE,FT,Data Engineer,310000,USD,310000,US,0,US,M
2023,SE,FT,Data Engineer,247300,USD,247300,US,0,US,M
2023,SE,FT,Data Engineer,139700,USD,139700,US,0,US,M
2023,SE,FT,Data Scientist,240000,USD,240000,US,100,US,M
2023,SE,FT,Data Scientist,180000,USD,180000,US,100,US,M
2023,SE,FT,Data Engineer,130000,USD,130000,US,100,US,M
2023,SE,FT,Data Engineer,101570,USD,101570,US,100,US,M
2023,SE,FT,Data Scientist,210000,USD,210000,US,0,US,M
2023,SE,FT,Data Scientist,165000,USD,165000,US,0,US,M
2023,SE,FT,AI Engineer,170200,USD,170200,US,0,US,M
2023,SE,FT,AI Engineer,83900,USD,83900,US,0,US,M
2023,SE,FT,Applied Scientist,222200,USD,222200,US,0,US,L
2023,SE,FT,Applied Scientist,136000,USD,136000,US,0,US,L
2023,MI,FT,Data Engineer,169000,USD,169000,US,0,US,M
2023,MI,FT,Data Engineer,91000,USD,91000,US,0,US,M
2023,EN,FT,Data Scientist,135000,USD,135000,US,0,US,M
2023,EN,FT,Data Scientist,110000,USD,110000,US,0,US,M
2023,SE,FT,Data Engineer,105000,GBP,129192,GB,0,GB,M
2023,SE,FT,Data Engineer,80000,GBP,98432,GB,0,GB,M
2023,MI,FT,AI Engineer,300000,GBP,369120,GB,0,GB,M
2023,MI,FT,AI Engineer,33063,GBP,40680,GB,0,GB,M
2023,SE,FT,Research Scientist,150000,USD,150000,US,100,US,M
2023,SE,FT,Research Scientist,130000,USD,130000,US,100,US,M
2023,SE,FT,Data Engineer,128000,USD,128000,US,0,US,M
2023,SE,FT,Data Engineer,81500,USD,81500,US,0,US,M
2023,SE,FT,Data Architect,306000,USD,306000,US,100,US,M
2023,SE,FT,Data Architect,204000,USD,204000,US,100,US,M
2023,SE,FT,Data Scientist,185900,USD,185900,US,0,US,M
2023,SE,FT,Data Scientist,129300,USD,129300,US,0,US,M
2023,SE,FT,Machine Learning Engineer,204500,USD,204500,US,0,US,M
2023,SE,FT,Machine Learning Engineer,142200,USD,142200,US,0,US,M
2023,MI,FT,Machine Learning Engineer,70000,EUR,75577,NL,0,NL,M
2023,EN,FT,Data Engineer,18000,USD,18000,IN,50,IN,M
2023,MI,FT,Data Analyst,300000,GBP,369120,GB,0,GB,M
2023,MI,FT,Data Analyst,50000,GBP,61520,GB,0,GB,M
2023,EX,FT,Head of Data,270000,USD,270000,US,100,US,M
2023,EX,FT,Head of Data,200000,USD,200000,US,100,US,M
2023,MI,FT,Data Scientist,204500,USD,204500,US,0,US,M
2023,MI,FT,Data Scientist,142200,USD,142200,US,0,US,M
2023,MI,FT,Data Analyst,75000,GBP,92280,GB,0,GB,M
2023,MI,FT,Data Analyst,55000,GBP,67672,GB,0,GB,M
2023,SE,FT,Data Engineer,188600,USD,188600,US,0,US,M
2023,SE,FT,Data Engineer,111550,USD,111550,US,0,US,M
2023,SE,FT,Machine Learning Engineer,230000,USD,230000,US,0,US,M
2023,SE,FT,Machine Learning Engineer,160000,USD,160000,US,0,US,M
2023,SE,FT,Data Engineer,247300,USD,247300,US,0,US,M
2023,SE,FT,Data Engineer,139700,USD,139700,US,0,US,M
2023,SE,FT,AI Engineer,360000,USD,360000,US,0,US,M
2023,SE,FT,AI Engineer,240000,USD,240000,US,0,US,M
2023,SE,FT,ETL Developer,129100,USD,129100,US,0,US,M
2023,SE,FT,ETL Developer,111400,USD,111400,US,0,US,M
2023,SE,FT,Data Analyst,135000,USD,135000,US,100,US,M
2023,SE,FT,Data Analyst,110000,USD,110000,US,100,US,M
2023,SE,FT,Machine Learning Engineer,214500,USD,214500,US,0,US,M
2023,SE,FT,Machine Learning Engineer,132600,USD,132600,US,0,US,M
2023,SE,FT,Data Analyst,120000,USD,120000,US,0,US,M
2023,SE,FT,Data Analyst,100000,USD,100000,US,0,US,M
2023,SE,FT,Machine Learning Engineer,242921,USD,242921,US,0,US,M
2023,SE,FT,Machine Learning Engineer,170045,USD,170045,US,0,US,M
2023,SE,FT,Data Engineer,225000,USD,225000,US,100,US,M
2023,SE,FT,Data Engineer,175000,USD,175000,US,100,US,M
2023,MI,FT,Data Scientist,180000,USD,180000,US,0,US,M
2023,MI,FT,Data Scientist,162000,USD,162000,US,0,US,M
2023,SE,FT,Data Architect,175000,USD,175000,US,0,US,M
2023,SE,FT,Data Architect,90000,USD,90000,US,0,US,M
2023,EN,FT,Data Scientist,156450,USD,156450,US,0,US,M
2023,EN,FT,Data Scientist,119200,USD,119200,US,0,US,M
2023,SE,FT,Data Scientist,245000,USD,245000,US,0,US,M
2023,SE,FT,Data Scientist,185000,USD,185000,US,0,US,M
2023,SE,FT,Machine Learning Engineer,214500,USD,214500,US,0,US,M
2023,SE,FT,Machine Learning Engineer,132600,USD,132600,US,0,US,M
2023,MI,FT,Data Scientist,154800,USD,154800,US,0,US,M
2023,MI,FT,Data Scientist,76300,USD,76300,US,0,US,M
2023,SE,FT,Data Scientist,178600,USD,178600,US,0,US,M
2023,SE,FT,Data Scientist,88600,USD,88600,US,0,US,M
2023,SE,FT,Research Scientist,248100,USD,248100,US,0,US,M
2023,SE,FT,Research Scientist,145900,USD,145900,US,0,US,M
2023,SE,FT,Data Analyst,93919,USD,93919,US,100,US,M
2023,SE,FT,Data Analyst,51962,USD,51962,US,100,US,M
2023,SE,FT,Data Scientist,207345,USD,207345,US,100,US,M
2023,SE,FT,Data Scientist,180300,USD,180300,US,100,US,M
2023,SE,FT,Machine Learning Engineer,200000,USD,200000,US,0,US,M
2023,SE,FT,Machine Learning Engineer,140000,USD,140000,US,0,US,M
2023,SE,FT,Analytics Engineer,205000,USD,205000,US,0,US,M
2023,SE,FT,Analytics Engineer,167500,USD,167500,US,0,US,M
2023,SE,FT,Data Analyst,140000,USD,140000,US,100,US,M
2023,SE,FT,Data Analyst,110000,USD,110000,US,100,US,M
2023,SE,FT,Data Scientist,228045,USD,228045,US,100,US,M
2023,SE,FT,Data Scientist,198300,USD,198300,US,100,US,M
2023,SE,FT,Data Engineer,150000,USD,150000,US,100,US,M
2023,SE,FT,Data Engineer,140000,USD,140000,US,100,US,M
2023,SE,FT,Data Analyst,100000,USD,100000,US,0,US,M
2023,SE,FT,Data Analyst,75000,USD,75000,US,0,US,M
2023,SE,FT,Data Scientist,45000,EUR,48585,ES,0,ES,M
2023,SE,FT,Data Scientist,36000,EUR,38868,ES,0,ES,M
2023,MI,FT,BI Developer,100000,USD,100000,US,0,US,M
2023,MI,FT,BI Developer,75000,USD,75000,US,0,US,M
2023,MI,FT,Data Scientist,72360,EUR,78125,LV,0,LV,M
2023,MI,FT,Data Scientist,37440,EUR,40423,LV,0,LV,M
2023,SE,FT,Data Modeler,140000,USD,140000,US,0,US,M
2023,SE,FT,Data Modeler,100000,USD,100000,US,0,US,M
2023,MI,FT,Data Analytics Manager,125000,USD,125000,US,0,US,M
2023,MI,FT,Data Analytics Manager,120000,USD,120000,US,0,US,M
2023,SE,FT,Business Intelligence Analyst,127000,USD,127000,US,0,US,M
2023,SE,FT,Business Intelligence Analyst,99000,USD,99000,US,0,US,M
2023,MI,FT,Data Engineer,130000,USD,130000,US,100,US,M
2023,MI,FT,Data Engineer,120000,USD,120000,US,100,US,M
2023,SE,FT,Business Intelligence Analyst,194500,USD,194500,US,100,US,M
2023,SE,FT,Business Intelligence Analyst,132320,USD,132320,US,100,US,M
2023,SE,FT,Data Engineer,135000,USD,135000,US,0,US,M
2023,SE,FT,Data Engineer,90000,USD,90000,US,0,US,M
2023,SE,FT,Data Analyst,223602,USD,223602,US,0,US,M
2023,SE,FT,Data Analyst,143520,USD,143520,US,0,US,M
2023,SE,FT,Machine Learning Scientist,180000,USD,180000,US,0,US,M
2023,SE,FT,Machine Learning Scientist,140000,USD,140000,US,0,US,M
2023,MI,FT,Data Scientist,180000,USD,180000,US,0,US,M
2023,MI,FT,Data Scientist,162000,USD,162000,US,0,US,M
2023,SE,FT,Data Engineer,99000,GBP,121809,GB,100,GB,M
2023,SE,FT,Data Engineer,68000,GBP,83667,GB,100,GB,M
2023,SE,FT,Data Analyst,120350,USD,120350,US,100,US,M
2023,SE,FT,Data Analyst,74400,USD,74400,US,100,US,M
2023,SE,FT,Data Scientist,185000,USD,185000,US,0,US,M
2023,SE,FT,Data Scientist,123000,USD,123000,US,0,US,M
2023,MI,FT,Data Engineer,140000,USD,140000,US,100,US,M
2023,MI,FT,Data Engineer,90000,USD,90000,US,100,US,M
2023,SE,FT,Machine Learning Engineer,214500,USD,214500,US,0,US,M
2023,SE,FT,Machine Learning Engineer,132600,USD,132600,US,0,US,M
2023,SE,FT,Data Engineer,154000,USD,154000,US,0,US,M
2023,SE,FT,Data Engineer,103000,USD,103000,US,0,US,M
2023,SE,FT,Data Analyst,90000,USD,90000,US,100,US,M
2023,SE,FT,Data Analyst,80000,USD,80000,US,100,US,M
2023,EX,FT,Data Manager,140000,USD,140000,US,0,US,M
2023,EX,FT,Data Manager,100000,USD,100000,US,0,US,M
2023,SE,FT,Data Engineer,170000,USD,170000,US,0,US,M
2023,SE,FT,Data Engineer,100000,USD,100000,US,0,US,M
2023,MI,FT,Data Analyst,115000,USD,115000,US,0,US,M
2023,MI,FT,Data Analyst,105000,USD,105000,US,0,US,M
2023,SE,FT,Data Scientist,296100,USD,296100,US,0,US,M
2023,SE,FT,Data Scientist,144500,USD,144500,US,0,US,M
2023,EN,FT,Data Engineer,220000,USD,220000,US,0,US,M
2023,EN,FT,Data Engineer,187000,USD,187000,US,0,US,M
2023,SE,FT,Data Analyst,118600,USD,118600,US,0,US,M
2023,SE,FT,Data Analyst,96800,USD,96800,US,0,US,M
2023,EN,FT,Data Scientist,100000,USD,100000,US,100,US,M
2023,MI,FT,Machine Learning Engineer,45000,EUR,48585,IT,100,GB,M
2023,MI,FT,Data Analyst,142000,USD,142000,US,0,US,M
2023,MI,FT,Data Analyst,128000,USD,128000,US,0,US,M
2023,SE,FT,ETL Developer,99500,USD,99500,US,0,US,M
2023,SE,FT,ETL Developer,53300,USD,53300,US,0,US,M
2023,SE,FT,Data Engineer,210000,USD,210000,US,0,US,M
2023,SE,FT,Data Engineer,165000,USD,165000,US,0,US,M
2023,SE,FT,Research Scientist,172000,USD,172000,US,0,US,M
2023,SE,FT,Research Scientist,125000,USD,125000,US,0,US,M
2023,SE,FT,Data Engineer,250000,USD,250000,US,0,US,M
2023,SE,FT,Data Engineer,190000,USD,190000,US,0,US,M
2023,SE,FT,Research Engineer,245000,USD,245000,US,0,US,M
2023,SE,FT,Research Engineer,245000,USD,245000,US,0,US,M
2023,SE,FT,Data Architect,234900,USD,234900,US,0,US,M
2023,SE,FT,Data Architect,68400,USD,68400,US,0,US,M
2023,SE,FT,Data Scientist,155000,USD,155000,US,0,US,M
2023,SE,FT,Data Scientist,139000,USD,139000,US,0,US,M
2023,SE,FT,Data Analyst,142000,USD,142000,US,0,US,M
2023,SE,FT,Data Analyst,128000,USD,128000,US,0,US,M
2023,SE,FT,Research Engineer,172000,USD,172000,US,0,US,M
2023,SE,FT,Research Engineer,125000,USD,125000,US,0,US,M
2023,SE,FT,Data Engineer,128000,USD,128000,US,0,US,M
2023,SE,FT,Data Engineer,81500,USD,81500,US,0,US,M
2023,MI,FT,Data Engineer,167500,USD,167500,US,0,US,M
2023,MI,FT,Data Engineer,106500,USD,106500,US,0,US,M
2023,MI,FT,Data Engineer,150000,USD,150000,US,100,US,M
2023,MI,FT,Data Engineer,100000,USD,100000,US,100,US,M
2023,SE,FT,Data Analyst,139600,USD,139600,US,0,US,M
2023,SE,FT,Data Analyst,85700,USD,85700,US,0,US,M
2020,EN,FT,Azure Data Engineer,100000,USD,100000,MU,0,MU,S
2023,SE,FT,Data Engineer,143000,USD,143000,US,0,US,M
2023,SE,FT,Data Engineer,95000,USD,95000,US,0,US,M
2023,SE,FT,Data Manager,145000,USD,145000,US,0,US,M
2023,SE,FT,Data Manager,130000,USD,130000,US,0,US,M
2023,SE,FT,Machine Learning Engineer,330000,USD,330000,US,100,US,M
2023,SE,FT,Machine Learning Engineer,188000,USD,188000,US,100,US,M
2023,SE,FT,Data Scientist,238000,USD,238000,CA,100,CA,M
2023,SE,FT,Data Scientist,156000,USD,156000,CA,100,CA,M
2023,SE,FT,Data Analyst,145000,USD,145000,US,100,US,M
2023,SE,FT,Data Analyst,106000,USD,106000,US,100,US,M
2023,SE,FT,Decision Scientist,140000,GBP,172256,GB,100,GB,M
2023,SE,FT,Decision Scientist,100000,GBP,123040,GB,100,GB,M
2023,SE,FT,Machine Learning Engineer,297300,USD,297300,US,100,US,M
2023,SE,FT,Machine Learning Engineer,198200,USD,198200,US,100,US,M
2023,SE,FT,Data Engineer,269100,USD,269100,US,0,US,M
2023,SE,FT,Data Engineer,131300,USD,131300,US,0,US,M
2023,SE,FT,Machine Learning Infrastructure Engineer,220000,USD,220000,US,100,US,M
2023,SE,FT,Machine Learning Infrastructure Engineer,150000,USD,150000,US,100,US,M
2023,SE,FT,Data Engineer,60000,GBP,73824,GB,0,GB,M
2023,SE,FT,Data Engineer,50000,GBP,61520,GB,0,GB,M
2023,MI,FT,Research Scientist,252990,USD,252990,US,100,US,M
2023,MI,FT,Research Scientist,162170,USD,162170,US,100,US,M
2023,SE,FT,Machine Learning Infrastructure Engineer,260000,USD,260000,US,100,US,M
2023,SE,FT,Machine Learning Infrastructure Engineer,235000,USD,235000,US,100,US,M
2023,MI,FT,Machine Learning Engineer,204500,USD,204500,US,0,US,M
2023,MI,FT,Machine Learning Engineer,142200,USD,142200,US,0,US,M
2023,SE,FT,Data Analytics Manager,190000,USD,190000,US,0,US,M
2023,SE,FT,Data Analytics Manager,145000,USD,145000,US,0,US,M
2023,SE,FT,Data Scientist,212800,USD,212800,US,100,US,M
2023,SE,FT,Data Scientist,111600,USD,111600,US,100,US,M
2023,SE,FT,Data Analyst,175000,USD,175000,US,100,US,M
2023,SE,FT,Data Analyst,130000,USD,130000,US,100,US,M
2023,SE,FT,Business Intelligence Analyst,194521,USD,194521,US,0,US,M
2023,SE,FT,Business Intelligence Analyst,176838,USD,176838,US,0,US,M
2023,EX,FT,Analytics Engineer,200000,USD,200000,US,0,US,M
2023,EX,FT,Analytics Engineer,170000,USD,170000,US,0,US,M
2023,SE,FT,Data Scientist,191765,USD,191765,US,0,US,M
2023,SE,FT,Data Scientist,134236,USD,134236,US,0,US,M
2023,SE,FT,Data Scientist,238000,USD,238000,CA,100,CA,M
2023,SE,FT,Data Scientist,156000,USD,156000,CA,100,CA,M
2023,SE,FT,Data Scientist,198800,USD,198800,US,0,US,M
2023,SE,FT,Data Scientist,90700,USD,90700,US,0,US,M
2023,MI,FT,BI Developer,154800,USD,154800,US,0,US,M
2023,MI,FT,BI Developer,76300,USD,76300,US,0,US,M
2023,MI,FT,Data Lead,130000,USD,130000,US,100,US,M
2023,MI,FT,Data Lead,115000,USD,115000,US,100,US,M
2023,SE,FT,Data Analyst,110000,USD,110000,US,0,US,M
2023,SE,FT,Data Analyst,70000,USD,70000,US,0,US,M
2023,MI,FT,Data Analyst,39000,EUR,42107,DE,50,DE,M
2023,MI,FT,Machine Learning Engineer,300000,USD,300000,US,0,US,M
2023,MI,FT,Machine Learning Engineer,200000,USD,200000,US,0,US,M
2023,SE,FT,Data Architect,155000,USD,155000,US,100,US,M
2023,SE,FT,Data Architect,135000,USD,135000,US,100,US,M
2023,MI,FT,Data Manager,115500,USD,115500,US,0,US,M
2023,MI,FT,Data Manager,73500,USD,73500,US,0,US,M
2023,SE,FT,Data Scientist,179000,USD,179000,US,0,US,M
2023,SE,FT,Data Scientist,109000,USD,109000,US,0,US,M
2023,SE,FT,Data Scientist,180000,USD,180000,US,0,US,M
2023,SE,FT,Data Scientist,140000,USD,140000,US,0,US,M
2023,SE,FT,Machine Learning Infrastructure Engineer,221000,USD,221000,US,0,US,M
2023,SE,FT,Machine Learning Infrastructure Engineer,180000,USD,180000,US,0,US,M
2023,SE,FT,Applied Scientist,222200,USD,222200,US,0,US,L
2023,SE,FT,Applied Scientist,136000,USD,136000,US,0,US,L
2023,SE,FT,Machine Learning Engineer,275000,USD,275000,US,0,US,M
2023,SE,FT,Machine Learning Engineer,170000,USD,170000,US,0,US,M
2023,SE,FT,Data Scientist,233300,USD,233300,US,0,US,M
2023,SE,FT,Data Scientist,155500,USD,155500,US,0,US,M
2023,MI,FT,Applied Scientist,222200,USD,222200,US,0,US,L
2023,MI,FT,Applied Scientist,136000,USD,136000,US,0,US,L
2023,SE,FT,Data Architect,193000,USD,193000,US,100,US,M
2023,SE,FT,Data Architect,110000,USD,110000,US,100,US,M
2023,SE,FT,Research Engineer,306000,USD,306000,US,0,US,M
2023,SE,FT,Research Engineer,180000,USD,180000,US,0,US,M
2023,SE,FT,Applied Scientist,212800,USD,212800,US,0,US,L
2023,SE,FT,Applied Scientist,115100,USD,115100,US,0,US,L
2023,SE,FT,Machine Learning Engineer,238000,USD,238000,US,0,US,M
2023,SE,FT,Machine Learning Engineer,176000,USD,176000,US,0,US,M
2023,SE,FT,Data Analyst,117500,USD,117500,US,100,US,M
2023,SE,FT,Data Analyst,86720,USD,86720,US,100,US,M
2023,MI,FT,Data Analyst,167000,USD,167000,US,0,US,M
2023,MI,FT,Data Analyst,150000,USD,150000,US,0,US,M
2023,EX,FT,Data Analyst,90000,USD,90000,US,100,US,M
2023,EX,FT,Data Analyst,70000,USD,70000,US,100,US,M
2023,SE,FT,Data Scientist,212800,USD,212800,US,100,US,L
2023,SE,FT,Data Scientist,111600,USD,111600,US,100,US,L
2023,SE,FT,Data Architect,306000,USD,306000,US,100,US,M
2023,SE,FT,Data Architect,204000,USD,204000,US,100,US,M
2023,SE,FT,BI Developer,135000,USD,135000,US,100,US,M
2023,SE,FT,BI Developer,110000,USD,110000,US,100,US,M
2023,SE,FT,Data Scientist,165000,USD,165000,US,0,US,M
2023,SE,FT,Data Scientist,116300,USD,116300,US,0,US,M
2023,SE,FT,Machine Learning Engineer,200000,USD,200000,US,100,US,M
2023,SE,FT,Machine Learning Engineer,175000,USD,175000,US,100,US,M
2023,SE,FT,Business Intelligence Engineer,185000,USD,185000,US,0,US,L
2023,SE,FT,Business Intelligence Engineer,79600,USD,79600,US,0,US,L
2023,SE,FT,Machine Learning Scientist,180514,USD,180514,US,100,US,M
2023,SE,FT,Machine Learning Scientist,108308,USD,108308,US,100,US,M
2023,SE,FT,Machine Learning Engineer,200000,USD,200000,US,100,US,M
2023,SE,FT,Machine Learning Engineer,150000,USD,150000,US,100,US,M
2023,SE,FT,Machine Learning Engineer,208450,USD,208450,US,0,US,M
2023,SE,FT,Machine Learning Engineer,151600,USD,151600,US,0,US,M
2023,SE,FT,Data Scientist,324000,USD,324000,US,0,US,M
2023,SE,FT,Data Scientist,159000,USD,159000,US,0,US,M
2023,MI,FT,Data Scientist,155000,USD,155000,US,100,US,M
2023,MI,FT,Data Scientist,135000,USD,135000,US,100,US,M
2023,SE,FT,Data Engineer,223250,USD,223250,US,0,US,M
2023,SE,FT,Data Engineer,156275,USD,156275,US,0,US,M
2023,SE,FT,Data Engineer,220000,USD,220000,US,0,US,M
2023,SE,FT,Data Engineer,160000,USD,160000,US,0,US,M
2023,SE,FT,Data Scientist,168000,USD,168000,US,100,US,M
2023,SE,FT,Data Scientist,130000,USD,130000,US,100,US,M
2023,SE,FT,Analytics Engineer,245000,USD,245000,US,100,US,M
2023,SE,FT,Analytics Engineer,185000,USD,185000,US,100,US,M
2023,SE,FT,Data Scientist,164000,USD,164000,US,100,US,M
2023,SE,FT,Data Scientist,130000,USD,130000,US,100,US,M
2023,MI,FT,Data Analyst,67500,USD,67500,US,0,US,M
2023,MI,FT,Data Analyst,46500,USD,46500,US,0,US,M
2023,SE,FT,Machine Learning Engineer,270000,USD,270000,US,100,US,M
2023,SE,FT,Machine Learning Engineer,232200,USD,232200,US,100,US,M
2023,MI,FT,Data Engineer,40000,EUR,43187,PL,100,PL,L
2023,MI,FT,Data Analyst,105000,USD,105000,US,0,US,M
2023,MI,FT,Data Analyst,78000,USD,78000,US,0,US,M
2023,MI,FT,Data Manager,115500,USD,115500,US,0,US,M
2023,MI,FT,Data Manager,73500,USD,73500,US,0,US,M
2023,SE,FT,Machine Learning Engineer,370000,USD,370000,US,0,US,M
2023,SE,FT,Machine Learning Engineer,220000,USD,220000,US,0,US,M
2023,SE,FT,Data Engineer,155000,USD,155000,US,0,US,M
2023,SE,FT,Data Engineer,130000,USD,130000,US,0,US,M
2023,SE,FT,Machine Learning Engineer,178200,USD,178200,US,100,US,M
2023,SE,FT,Machine Learning Engineer,115000,USD,115000,US,100,US,M
2023,MI,FT,Data Analyst,250000,USD,250000,US,0,US,M
2023,MI,FT,Data Analyst,125000,USD,125000,US,0,US,M
2023,MI,FT,Data Scientist,204000,USD,204000,US,0,US,M
2023,MI,FT,Data Scientist,150000,USD,150000,US,0,US,M
2023,SE,FT,Data Analyst,110000,USD,110000,US,100,US,M
2023,SE,FT,Data Analyst,95000,USD,95000,US,100,US,M
2023,MI,FT,Data Engineer,143000,USD,143000,US,0,US,M
2023,MI,FT,Data Engineer,95000,USD,95000,US,0,US,M
2023,MI,FT,Data Engineer,250000,USD,250000,US,0,US,M
2023,MI,FT,Data Engineer,125000,USD,125000,US,0,US,M
2023,SE,FT,Machine Learning Engineer,280000,USD,280000,US,0,US,M
2023,SE,FT,Machine Learning Engineer,240000,USD,240000,US,0,US,M
2023,SE,FT,Data Manager,110400,USD,110400,US,0,US,M
2023,SE,FT,Data Manager,68000,USD,68000,US,0,US,M
2023,SE,FT,Applied Scientist,216000,USD,216000,US,100,US,M
2023,SE,FT,Applied Scientist,184000,USD,184000,US,100,US,M
2023,SE,FT,Machine Learning Engineer,192000,USD,192000,US,100,US,M
2023,SE,FT,Machine Learning Engineer,164000,USD,164000,US,100,US,M
2023,SE,FT,Data Scientist,220000,USD,220000,US,0,US,M
2023,SE,FT,Data Scientist,160000,USD,160000,US,0,US,M
2023,SE,FT,Data Scientist,225000,USD,225000,US,0,US,M
2023,SE,FT,Data Scientist,156400,USD,156400,US,0,US,M
2023,SE,FT,Data Scientist,297300,USD,297300,US,100,US,M
2023,SE,FT,Data Scientist,198200,USD,198200,US,100,US,M
2023,SE,FT,Applied Scientist,192000,USD,192000,US,100,US,M
2023,SE,FT,Applied Scientist,164000,USD,164000,US,100,US,M
2023,SE,FT,Data Analyst,168000,USD,168000,CA,0,CA,M
2023,SE,FT,Data Analyst,112000,USD,112000,CA,0,CA,M
2023,SE,FT,Machine Learning Engineer,204500,USD,204500,US,0,US,M
2023,SE,FT,Machine Learning Engineer,142200,USD,142200,US,0,US,M
2023,SE,FT,Data Scientist,253430,USD,253430,US,0,US,M
2023,SE,FT,Data Scientist,212780,USD,212780,US,0,US,M
2023,SE,FT,Research Engineer,190000,USD,190000,US,0,US,M
2023,SE,FT,Research Engineer,152000,USD,152000,US,0,US,M
2023,SE,FT,Machine Learning Engineer,265800,USD,265800,US,100,US,M
2023,SE,FT,Machine Learning Engineer,165500,USD,165500,US,100,US,M
2023,SE,FT,Data Engineer,193000,USD,193000,US,100,US,M
2023,SE,FT,Data Engineer,134000,USD,134000,US,100,US,M
2023,SE,FT,AI Engineer,180000,USD,180000,US,100,US,M
2023,SE,FT,AI Engineer,150000,USD,150000,US,100,US,M
2023,MI,FT,Data Developer,120681,USD,120681,US,100,US,M
2023,MI,FT,Data Developer,72409,USD,72409,US,100,US,M
2023,SE,FT,Machine Learning Engineer,180000,USD,180000,US,100,US,M
2023,SE,FT,Machine Learning Engineer,139750,USD,139750,US,100,US,M
2023,MI,FT,Applied Scientist,222200,USD,222200,US,0,US,L
2023,MI,FT,Applied Scientist,136000,USD,136000,US,0,US,L
2023,SE,FT,Data Engineer,254000,USD,254000,US,100,US,M
2023,SE,FT,Data Engineer,200000,USD,200000,US,100,US,M
2023,SE,FT,AI Developer,260000,USD,260000,US,0,US,M
2023,SE,FT,AI Developer,192000,USD,192000,US,0,US,M
2023,SE,FT,Data Scientist,272290,USD,272290,US,100,US,M
2023,SE,FT,Data Scientist,169374,USD,169374,US,100,US,M
2023,SE,FT,Principal Data Scientist,195000,USD,195000,US,100,US,L
2023,SE,FT,Data Scientist,204500,USD,204500,US,0,US,M
2023,SE,FT,Data Scientist,142200,USD,142200,US,0,US,M
2023,MI,FT,Business Data Analyst,17000,USD,17000,AM,100,RU,L
2023,SE,FT,Data Engineer,181500,USD,181500,US,0,US,M
2023,SE,FT,Data Engineer,112200,USD,112200,US,0,US,M
2023,SE,FT,Machine Learning Engineer,204500,USD,204500,US,0,US,M
2023,SE,FT,Machine Learning Engineer,142200,USD,142200,US,0,US,M
2023,SE,FT,Data Scientist,180000,USD,180000,US,0,US,M
2023,SE,FT,Data Scientist,162000,USD,162000,US,0,US,M
2023,MI,FT,Machine Learning Researcher,150000,USD,150000,US,100,US,M
2023,MI,FT,Machine Learning Researcher,100000,USD,100000,US,100,US,M
2023,SE,FT,Machine Learning Engineer,250500,USD,250500,US,0,US,M
2023,SE,FT,Machine Learning Engineer,166600,USD,166600,US,0,US,M
2023,EX,FT,Head of Data,247500,USD,247500,US,0,US,M
2023,EX,FT,Head of Data,172200,USD,172200,US,0,US,M
2023,SE,FT,Machine Learning Engineer,247500,USD,247500,US,0,US,M
2023,SE,FT,Machine Learning Engineer,172200,USD,172200,US,0,US,M
2023,SE,FT,Data Scientist,223290,USD,223290,US,0,US,M
2023,SE,FT,Data Scientist,131310,USD,131310,US,0,US,M
2020,EN,CT,Staff Data Analyst,60000,CAD,44753,CA,50,CA,L
2023,EN,FT,AI Engineer,35000,USD,35000,HR,100,DE,M
2023,SE,FT,AI Developer,50000,EUR,53984,IT,100,IT,S
2023,SE,FT,Machine Learning Engineer,226600,USD,226600,US,0,US,M
2023,SE,FT,Machine Learning Engineer,140100,USD,140100,US,0,US,M
2023,SE,FT,Machine Learning Scientist,204500,USD,204500,CA,0,CA,M
2023,SE,FT,Machine Learning Scientist,142200,USD,142200,CA,0,CA,M
2023,SE,FT,Research Scientist,220000,USD,220000,US,0,US,M
2023,SE,FT,Research Scientist,140000,USD,140000,US,0,US,M
2023,SE,FT,Machine Learning Engineer,204600,USD,204600,US,0,US,M
2023,SE,FT,Machine Learning Engineer,126500,USD,126500,US,0,US,M
2023,SE,FT,Research Analyst,135960,USD,135960,US,0,US,M
2023,SE,FT,Research Analyst,70960,USD,70960,US,0,US,M
2023,SE,FT,Data Engineer,128750,USD,128750,US,0,US,M
2023,SE,FT,Data Engineer,86250,USD,86250,US,0,US,M
2023,SE,FT,Data Engineer,90000,GBP,110736,GB,0,GB,M
2023,SE,FT,Data Engineer,75000,GBP,92280,GB,0,GB,M
2023,MI,FT,Data Engineer,131000,USD,131000,CO,0,CO,M
2023,MI,FT,Data Engineer,88000,USD,88000,CO,0,CO,M
2023,SE,FT,Data Analyst,185100,USD,185100,US,100,US,M
2023,SE,FT,Data Analyst,133300,USD,133300,US,100,US,M
2023,SE,FT,Research Engineer,180000,USD,180000,US,0,US,M
2023,SE,FT,Research Engineer,150000,USD,150000,US,0,US,M
2023,SE,FT,Data Engineer,90000,USD,90000,US,0,US,M
2023,SE,FT,Data Engineer,75000,USD,75000,US,0,US,M
2023,EN,FT,AI Developer,130000,USD,130000,US,100,US,L
2023,EN,FT,Data Analyst,1700000,INR,20673,IN,50,IN,L
2023,SE,FT,Data Analyst,60000,GBP,73824,GB,0,GB,M
2023,SE,FT,Data Analyst,50000,GBP,61520,GB,0,GB,M
2023,MI,FT,Data Manager,115500,USD,115500,US,0,US,M
2023,MI,FT,Data Manager,73500,USD,73500,US,0,US,M
2023,MI,FT,Machine Learning Engineer,125000,USD,125000,US,0,US,M
2023,MI,FT,Machine Learning Engineer,85000,USD,85000,US,0,US,M
2023,MI,FT,Data Manager,80000,USD,80000,US,0,US,M
2023,MI,FT,Data Manager,70000,USD,70000,US,0,US,M
2023,SE,FT,Data Scientist,260000,USD,260000,US,0,US,M
2023,SE,FT,Data Scientist,160000,USD,160000,US,0,US,M
2023,SE,FT,Data Manager,105000,USD,105000,US,0,US,M
2023,SE,FT,Data Manager,80000,USD,80000,US,0,US,M
2023,SE,FT,Machine Learning Engineer,150000,USD,150000,CA,100,CA,M
2023,SE,FT,Machine Learning Engineer,95000,USD,95000,CA,100,CA,M
2023,SE,FT,Data Engineer,204750,USD,204750,US,0,US,M
2023,SE,FT,Data Engineer,153550,USD,153550,US,0,US,M
2023,SE,FT,Data Analyst,150000,USD,150000,US,100,US,M
2023,SE,FT,Data Analyst,120000,USD,120000,US,100,US,M
2023,MI,FT,Data Engineer,150000,USD,150000,US,0,US,M
2023,MI,FT,Data Engineer,110000,USD,110000,US,0,US,M
2023,SE,FT,Data Engineer,200000,USD,200000,US,0,US,M
2023,SE,FT,Data Engineer,141000,USD,141000,US,0,US,M
2023,SE,FT,Data Engineer,230000,USD,230000,US,0,US,M
2023,SE,FT,Data Engineer,175000,USD,175000,US,0,US,M
2023,SE,FT,Research Scientist,150000,USD,150000,US,100,US,M
2023,SE,FT,Research Scientist,120000,USD,120000,US,100,US,M
2023,SE,FT,Machine Learning Engineer,207611,USD,207611,US,0,US,M
2023,SE,FT,Machine Learning Engineer,127876,USD,127876,US,0,US,M
2023,SE,FT,Data Analyst,175000,USD,175000,US,100,US,M
2023,SE,FT,Data Analyst,135000,USD,135000,US,100,US,M
2023,SE,FT,Data Analyst,100000,USD,100000,US,0,US,M
2023,SE,FT,Data Analyst,75000,USD,75000,US,0,US,M
2023,MI,FT,Data Scientist,170000,USD,170000,US,100,US,M
2023,MI,FT,Data Scientist,144500,USD,144500,US,100,US,M
2023,SE,FT,Machine Learning Engineer,204500,USD,204500,US,0,US,M
2023,SE,FT,Machine Learning Engineer,142200,USD,142200,US,0,US,M
2023,SE,FT,Machine Learning Engineer,255360,USD,255360,US,0,US,M
2023,SE,FT,Machine Learning Engineer,212800,USD,212800,US,0,US,M
2023,SE,FT,Data Engineer,170000,USD,170000,US,100,US,M
2023,SE,FT,Data Engineer,100000,USD,100000,US,100,US,M
2023,SE,FT,Data Analyst,106400,USD,106400,US,0,US,M
2023,SE,FT,Data Analyst,81800,USD,81800,US,0,US,M
2023,MI,FT,Data Developer,130000,USD,130000,US,100,US,M
2023,MI,FT,Data Developer,69139,USD,69139,US,100,US,M
2023,MI,FT,Business Intelligence Analyst,100631,USD,100631,CA,0,CA,M
2023,MI,FT,Business Intelligence Analyst,80505,USD,80505,CA,0,CA,M
2023,SE,FT,Data Infrastructure Engineer,300105,USD,300105,US,0,US,M
2023,SE,FT,Data Infrastructure Engineer,151090,USD,151090,US,0,US,M
2023,MI,FT,Machine Learning Software Engineer,217600,USD,217600,US,0,US,M
2023,MI,FT,Machine Learning Software Engineer,145000,USD,145000,US,0,US,M
2023,MI,FT,Data Scientist,65000,GBP,79976,GB,100,GB,M
2023,MI,FT,Data Scientist,45000,GBP,55368,GB,100,GB,M
2023,SE,FT,Data Engineer,129000,USD,129000,US,100,US,M
2023,SE,FT,Data Engineer,110000,USD,110000,US,100,US,M
2023,SE,FT,Research Analyst,185000,USD,185000,US,0,US,M
2023,SE,FT,Research Analyst,50000,USD,50000,US,0,US,M
2023,SE,FT,Data Engineer,210000,USD,210000,US,0,US,M
2023,SE,FT,Data Engineer,108000,USD,108000,US,0,US,M
2023,MI,FT,Data Analyst,80000,USD,80000,US,0,US,M
2023,MI,FT,Data Analyst,59500,USD,59500,US,0,US,M
2023,SE,FT,Machine Learning Engineer,250000,USD,250000,US,0,US,M
2023,SE,FT,Machine Learning Engineer,173400,USD,173400,US,0,US,M
2023,SE,FT,Data Architect,215000,USD,215000,US,100,US,M
2023,SE,FT,Data Architect,153000,USD,153000,US,100,US,M
2023,SE,FT,Machine Learning Scientist,171000,GBP,210398,GB,0,GB,M
2023,SE,FT,Machine Learning Scientist,120000,GBP,147648,GB,0,GB,M
2023,SE,FT,Data Analyst,105000,USD,105000,US,100,US,M
2023,SE,FT,Data Analyst,75000,USD,75000,US,100,US,M
2023,SE,FT,MLOps Engineer,60000,USD,60000,TH,100,US,L
2023,MI,FT,AI Scientist,54000,USD,54000,KR,0,KR,S
2023,SE,FT,Data Engineer,202000,USD,202000,US,100,US,M
2023,SE,FT,Data Engineer,132000,USD,132000,US,100,US,M
2023,SE,FT,Data Scientist,185900,USD,185900,US,0,US,M
2023,SE,FT,Data Scientist,129300,USD,129300,US,0,US,M
2023,SE,FT,Machine Learning Engineer,204500,USD,204500,US,0,US,M
2023,SE,FT,Machine Learning Engineer,142200,USD,142200,US,0,US,M
2023,MI,FT,Data Analyst,60000,GBP,73824,GB,0,GB,M
2023,MI,FT,Data Analyst,50000,GBP,61520,GB,0,GB,M
2023,SE,FT,Data Scientist,316000,USD,316000,US,0,US,M
2023,SE,FT,Data Scientist,202000,USD,202000,US,0,US,M
2023,MI,FT,AI Research Engineer,66000,GBP,81206,GB,0,GB,M
2023,EX,FT,Head of Machine Learning,330000,USD,330000,US,0,US,M
2023,EX,FT,Head of Machine Learning,188000,USD,188000,US,0,US,M
2023,MI,FT,BI Analyst,140000,USD,140000,US,0,US,M
2023,MI,FT,BI Analyst,110000,USD,110000,US,0,US,M
2023,SE,FT,Machine Learning Researcher,190000,USD,190000,US,100,US,M
2023,SE,FT,Machine Learning Researcher,170000,USD,170000,US,100,US,M
2023,SE,FT,Data Engineer,180000,USD,180000,US,0,US,M
2023,SE,FT,Data Engineer,162000,USD,162000,US,0,US,M
2023,SE,FT,Research Analyst,150000,USD,150000,US,0,US,M
2023,SE,FT,Research Analyst,125000,USD,125000,US,0,US,M
2023,SE,FT,Data Scientist,140000,USD,140000,US,0,US,M
2023,SE,FT,Data Scientist,105000,USD,105000,US,0,US,M
2023,MI,FT,Data Specialist,90000,USD,90000,US,100,US,M
2023,MI,FT,Data Specialist,73000,USD,73000,US,100,US,M
2023,MI,FT,Data Scientist,145000,USD,145000,US,100,US,M
2023,MI,FT,Data Scientist,115000,USD,115000,US,100,US,M
2023,SE,FT,Data Manager,145000,USD,145000,US,0,US,M
2023,SE,FT,Data Manager,130000,USD,130000,US,0,US,M
2023,MI,FT,Decision Scientist,204500,USD,204500,US,0,US,M
2023,MI,FT,Decision Scientist,142200,USD,142200,US,0,US,M
2023,MI,FT,Business Intelligence Analyst,150000,USD,150000,US,100,US,M
2023,MI,FT,Business Intelligence Analyst,135000,USD,135000,US,100,US,M
2023,SE,FT,Machine Learning Engineer,247500,USD,247500,US,0,US,M
2023,SE,FT,Machine Learning Engineer,172200,USD,172200,US,0,US,M
2023,EX,FT,Head of Data,329500,USD,329500,US,100,US,M
2023,EX,FT,Head of Data,269600,USD,269600,US,100,US,M
2023,SE,FT,Business Intelligence Engineer,225000,USD,225000,US,0,US,M
2023,SE,FT,Business Intelligence Engineer,156400,USD,156400,US,0,US,M
2023,SE,FT,Data Engineer,190000,USD,190000,US,0,US,M
2023,SE,FT,Data Engineer,170000,USD,170000,US,0,US,M
2023,MI,FT,Data Scientist,185900,USD,185900,US,0,US,M
2023,MI,FT,Data Scientist,129300,USD,129300,US,0,US,M
2023,MI,FT,Data Analyst,80000,USD,80000,US,100,US,M
2023,MI,FT,Data Analyst,70000,USD,70000,US,100,US,M
2023,SE,FT,Data Scientist,204500,USD,204500,US,0,US,M
2023,SE,FT,Data Scientist,138900,USD,138900,US,0,US,M
2023,SE,FT,Machine Learning Scientist,204500,USD,204500,CA,0,CA,M
2023,SE,FT,Machine Learning Scientist,142200,USD,142200,CA,0,CA,M
2023,MI,FT,Data Manager,115500,USD,115500,US,0,US,M
2023,MI,FT,Data Manager,73500,USD,73500,US,0,US,M
2023,MI,FT,Data Engineer,146000,USD,146000,US,0,US,M
2023,MI,FT,Data Engineer,97000,USD,97000,US,0,US,M
2023,SE,FT,Data Engineer,147100,USD,147100,US,0,US,M
2023,SE,FT,Data Engineer,90700,USD,90700,US,0,US,M
2023,SE,FT,Data Scientist,257000,USD,257000,US,100,US,M
2023,SE,FT,Data Scientist,197000,USD,197000,US,100,US,M
2023,SE,FT,Business Intelligence Engineer,140000,USD,140000,US,100,US,M
2023,SE,FT,Business Intelligence Engineer,120000,USD,120000,US,100,US,M
2023,SE,FT,Data Analyst,85000,USD,85000,US,0,US,M
2023,SE,FT,Data Analyst,79000,USD,79000,US,0,US,M
2023,SE,FT,Data Analyst,93919,USD,93919,US,100,US,M
2023,SE,FT,Data Analyst,51962,USD,51962,US,100,US,M
2023,SE,FT,Data Engineer,155000,USD,155000,US,0,US,M
2023,SE,FT,Data Engineer,84800,USD,84800,US,0,US,M
2023,SE,FT,Machine Learning Engineer,250500,USD,250500,US,0,US,M
2023,SE,FT,Machine Learning Engineer,166600,USD,166600,US,0,US,M
2023,MI,FT,Data Scientist,110000,GBP,135344,GB,0,GB,M
2023,MI,FT,Data Scientist,80000,GBP,98432,GB,0,GB,M
2023,EX,FT,Data Engineer,174500,USD,174500,US,0,US,M
2023,EX,FT,Data Engineer,113000,USD,113000,US,0,US,M
2023,SE,FT,Data Engineer,135000,USD,135000,US,0,US,M
2023,SE,FT,Data Engineer,90000,USD,90000,US,0,US,M
2023,EX,FT,Head of Data,200000,GBP,246080,GB,0,GB,M
2023,EX,FT,Head of Data,150000,GBP,184560,GB,0,GB,M
2023,SE,FT,Data Engineer,135000,USD,135000,US,0,US,M
2023,SE,FT,Data Engineer,90000,USD,90000,US,0,US,M
2023,MI,FT,Data Analyst,49200,EUR,53120,EE,0,EE,M
2023,MI,FT,Data Analyst,31200,EUR,33686,EE,0,EE,M
2023,SE,FT,Data Engineer,260000,USD,260000,US,0,US,M
2023,SE,FT,Data Engineer,225000,USD,225000,US,0,US,M
2023,SE,FT,Machine Learning Engineer,226600,USD,226600,US,0,US,M
2023,SE,FT,Machine Learning Engineer,140100,USD,140100,US,0,US,M
2023,SE,FT,Machine Learning Engineer,204600,USD,204600,US,0,US,M
2023,SE,FT,Machine Learning Engineer,126500,USD,126500,US,0,US,M
2023,SE,FT,Machine Learning Engineer,340000,USD,340000,US,0,US,M
2023,SE,FT,Machine Learning Engineer,212000,USD,212000,US,0,US,M
2023,SE,FT,Analytics Engineer,213600,USD,213600,US,0,US,M
2023,SE,FT,Analytics Engineer,142400,USD,142400,US,0,US,M
2023,SE,FT,Data Scientist,153600,USD,153600,US,0,US,M
2023,SE,FT,Data Scientist,106800,USD,106800,US,0,US,M
2023,SE,FT,Machine Learning Engineer,309000,USD,309000,US,0,US,M
2023,SE,FT,Machine Learning Engineer,142000,USD,142000,US,0,US,M
2023,MI,FT,Machine Learning Engineer,125000,USD,125000,US,100,US,M
2023,MI,FT,Machine Learning Engineer,85000,USD,85000,US,100,US,M
2023,SE,FT,Machine Learning Engineer,226600,USD,226600,US,0,US,M
2023,SE,FT,Machine Learning Engineer,140100,USD,140100,US,0,US,M
2023,SE,FT,Research Scientist,303050,USD,303050,US,0,US,M
2023,SE,FT,Research Scientist,202350,USD,202350,US,0,US,M
2023,SE,FT,Data Engineer,143000,USD,143000,US,0,US,M
2023,SE,FT,Data Engineer,95000,USD,95000,US,0,US,M
2023,SE,FT,Business Intelligence Engineer,185000,USD,185000,US,0,US,L
2023,SE,FT,Business Intelligence Engineer,79600,USD,79600,US,0,US,L
2023,SE,FT,Data Scientist,207900,USD,207900,US,0,US,M
2023,SE,FT,Data Scientist,158400,USD,158400,US,0,US,M
2023,SE,FT,Research Scientist,303050,USD,303050,US,0,US,M
2023,SE,FT,Research Scientist,202350,USD,202350,US,0,US,M
2023,SE,FT,Data Infrastructure Engineer,385000,USD,385000,US,0,US,M
2023,SE,FT,Data Infrastructure Engineer,200000,USD,200000,US,0,US,M
2023,SE,FT,Machine Learning Engineer,241300,USD,241300,US,0,US,M
2023,SE,FT,Machine Learning Engineer,211949,USD,211949,US,0,US,M
2023,SE,FT,Data Strategy Manager,115000,USD,115000,US,100,US,M
2023,SE,FT,Data Strategy Manager,90000,USD,90000,US,100,US,M
2023,MI,FT,Data Scientist,172200,USD,172200,US,100,US,M
2023,MI,FT,Data Scientist,131200,USD,131200,US,100,US,M
2023,EN,FT,Data Scientist,105000,USD,105000,US,0,US,M
2023,EN,FT,Data Scientist,70000,USD,70000,US,0,US,M
2023,SE,FT,Machine Learning Engineer,253000,USD,253000,US,100,US,M
2023,SE,FT,Machine Learning Engineer,123800,USD,123800,US,100,US,M
2023,SE,FT,Data Scientist,240000,USD,240000,US,0,US,M
2023,SE,FT,Data Scientist,142500,USD,142500,US,0,US,M
2023,EN,FT,Data Scientist,150000,PLN,34924,TR,0,PL,M
2023,SE,FT,Machine Learning Engineer,330000,USD,330000,US,0,US,M
2023,SE,FT,Machine Learning Engineer,204000,USD,204000,US,0,US,M
2023,EX,FT,Machine Learning Engineer,180000,USD,180000,US,100,US,M
2023,EX,FT,Machine Learning Engineer,160000,USD,160000,US,100,US,M
2023,SE,FT,Business Intelligence Analyst,193600,USD,193600,US,0,US,M
2023,SE,FT,Business Intelligence Analyst,130838,USD,130838,US,0,US,M
2023,SE,FT,Data Engineer,225500,USD,225500,US,0,US,M
2023,SE,FT,Data Engineer,139400,USD,139400,US,0,US,M
2023,SE,FT,Data Engineer,143000,USD,143000,US,0,US,M
2023,SE,FT,Data Engineer,95000,USD,95000,US,0,US,M
2023,SE,FT,Machine Learning Engineer,328133,USD,328133,US,0,US,M
2023,SE,FT,Machine Learning Engineer,218755,USD,218755,US,0,US,M
2023,SE,FT,Data Scientist,250830,USD,250830,US,0,US,M
2023,SE,FT,Data Scientist,143370,USD,143370,US,0,US,M
2023,SE,FT,Analytics Engineer,260000,USD,260000,US,0,US,M
2023,SE,FT,Analytics Engineer,160000,USD,160000,US,0,US,M
2023,SE,FT,Data Scientist,203500,USD,203500,US,0,US,M
2023,SE,FT,Data Scientist,166500,USD,166500,US,0,US,M
2023,MI,FT,Data Scientist,180000,USD,180000,US,0,US,M
2023,MI,FT,Data Scientist,162000,USD,162000,US,0,US,M
2023,SE,FT,Data Engineer,145000,USD,145000,US,100,US,M
2023,SE,FT,Data Engineer,115000,USD,115000,US,100,US,M
2023,SE,FT,Data Analyst,180400,USD,180400,US,0,US,M
2023,SE,FT,Data Analyst,138800,USD,138800,US,0,US,M
2023,SE,FT,Research Analyst,148350,USD,148350,US,0,US,M
2023,SE,FT,Research Analyst,87400,USD,87400,US,0,US,M
2023,MI,FT,Data Analyst,87500,USD,87500,US,100,US,M
2023,MI,FT,Data Analyst,62500,USD,62500,US,100,US,M
2023,SE,FT,Data Scientist,157550,USD,157550,US,0,US,M
2023,SE,FT,Data Scientist,104650,USD,104650,US,0,US,M
2023,MI,FT,Data Manager,115500,USD,115500,US,0,US,M
2023,MI,FT,Data Manager,73500,USD,73500,US,0,US,M
2023,SE,FT,Machine Learning Engineer,309000,USD,309000,US,0,US,M
2023,SE,FT,Machine Learning Engineer,142000,USD,142000,US,0,US,M
2023,SE,FT,Data Engineer,139500,USD,139500,US,100,US,M
2023,SE,FT,Data Engineer,118575,USD,118575,US,100,US,M
2023,SE,FT,Data Analyst,129150,USD,129150,US,0,US,M
2023,SE,FT,Data Analyst,98400,USD,98400,US,0,US,M
2023,SE,FT,Data Analyst,192500,USD,192500,US,100,US,M
2023,SE,FT,Data Analyst,140000,USD,140000,US,100,US,M
2023,MI,FT,Data Engineer,55000,GBP,67672,GB,100,GB,M
2023,MI,FT,Data Engineer,55000,GBP,67672,GB,100,GB,M
2023,SE,FT,Business Intelligence Developer,98010,USD,98010,US,0,US,M
2023,SE,FT,Business Intelligence Developer,66825,USD,66825,US,0,US,M
2023,SE,FT,Data Manager,145000,USD,145000,US,0,US,M
2023,SE,FT,Data Manager,130000,USD,130000,US,0,US,M
2023,MI,FT,Data Analyst,95000,USD,95000,US,100,US,M
2023,MI,FT,Data Analyst,80000,USD,80000,US,100,US,M
2023,MI,FT,Decision Scientist,204500,USD,204500,US,0,US,M
2023,MI,FT,Decision Scientist,142200,USD,142200,US,0,US,M
2023,SE,FT,Data Scientist,120000,USD,120000,US,0,US,M
2023,SE,FT,Data Scientist,100000,USD,100000,US,0,US,M
2023,SE,FT,Data Scientist,190000,USD,190000,US,100,US,M
2023,SE,FT,Data Scientist,170000,USD,170000,US,100,US,M
2023,SE,FT,Research Engineer,155000,USD,155000,US,0,US,M
2023,SE,FT,Research Engineer,130000,USD,130000,US,0,US,M
2023,MI,FT,Data Manager,115500,USD,115500,US,0,US,M
2023,MI,FT,Data Manager,73500,USD,73500,US,0,US,M
2023,SE,FT,Machine Learning Engineer,204500,USD,204500,US,0,US,M
2023,SE,FT,Machine Learning Engineer,142200,USD,142200,US,0,US,M
2023,MI,FT,Machine Learning Engineer,170000,USD,170000,US,0,US,S
2023,MI,FT,Machine Learning Engineer,120000,USD,120000,US,0,US,S
2023,MI,FT,Data Analyst,229000,USD,229000,US,0,US,M
2023,MI,FT,Data Analyst,131000,USD,131000,US,0,US,M
2023,SE,FT,Data Architect,85000,GBP,104584,GB,0,GB,M
2023,SE,FT,Data Architect,75000,GBP,92280,GB,0,GB,M
2023,SE,FT,Data Analyst,192000,USD,192000,US,100,US,M
2023,SE,FT,Data Analyst,164000,USD,164000,US,100,US,M
2023,SE,FT,Data Engineer,181500,USD,181500,US,0,US,M
2023,SE,FT,Data Engineer,112200,USD,112200,US,0,US,M
2023,SE,FT,Data Scientist,223800,USD,223800,US,0,US,M
2023,SE,FT,Data Scientist,172100,USD,172100,US,0,US,M
2023,SE,FT,Applied Scientist,258800,USD,258800,US,0,US,M
2023,SE,FT,Applied Scientist,199200,USD,199200,US,0,US,M
2023,SE,FT,Research Engineer,185000,USD,185000,US,0,US,M
2023,SE,FT,Research Engineer,148000,USD,148000,US,0,US,M
2023,SE,FT,Machine Learning Engineer,193600,USD,193600,US,0,US,M
2023,SE,FT,Machine Learning Engineer,119700,USD,119700,US,0,US,M
2023,SE,FT,Data Scientist,175750,USD,175750,US,0,US,M
2023,SE,FT,Data Scientist,136742,USD,136742,US,0,US,M
2023,MI,FT,Research Engineer,257400,USD,257400,US,0,US,M
2023,MI,FT,Research Engineer,193500,USD,193500,US,0,US,M
2023,SE,FT,Data Scientist,228856,USD,228856,US,100,US,M
2023,SE,FT,Data Scientist,144540,USD,144540,US,100,US,M
2023,SE,FT,Data Architect,170000,USD,170000,US,100,US,M
2023,SE,FT,Data Architect,140000,USD,140000,US,100,US,M
2023,SE,FT,Data Scientist,155000,USD,155000,US,100,US,M
2023,SE,FT,Data Scientist,125000,USD,125000,US,100,US,M
2023,SE,FT,Data Architect,170000,USD,170000,US,100,US,M
2023,SE,FT,Data Architect,140000,USD,140000,US,100,US,M
2023,SE,FT,Data Engineer,150600,USD,150600,US,100,US,M
2023,SE,FT,Data Engineer,120500,USD,120500,US,100,US,M
2023,SE,FT,Data Scientist,176000,USD,176000,US,0,US,M
2023,SE,FT,Data Scientist,152000,USD,152000,US,0,US,M
2023,SE,FT,Analytics Engineer,200000,USD,200000,US,100,US,L
2023,MI,FT,Data Strategist,115500,USD,115500,US,0,US,M
2023,MI,FT,Data Strategist,73500,USD,73500,US,0,US,M
2023,EX,FT,Data Engineer,110000,GBP,135344,GB,0,GB,M
2023,EX,FT,Data Engineer,80000,GBP,98432,GB,0,GB,M
2023,SE,FT,Data Scientist,225000,USD,225000,US,100,US,M
2023,SE,FT,Data Scientist,172758,USD,172758,US,100,US,M
2023,MI,FT,Research Engineer,70000,GBP,86128,GB,100,GB,M
2023,MI,FT,Research Engineer,55000,GBP,67672,GB,100,GB,M
2023,MI,FT,Data Analyst,110000,USD,110000,US,0,US,M
2023,MI,FT,Data Analyst,85000,USD,85000,US,0,US,M
2023,MI,FT,Insight Analyst,42000,GBP,51676,GB,0,GB,M
2023,MI,FT,Insight Analyst,35000,GBP,43064,GB,0,GB,M
2023,SE,FT,Data Engineer,245000,USD,245000,US,100,US,M
2023,SE,FT,Data Engineer,194992,USD,194992,US,100,US,M
2023,MI,FT,Data Scientist,140000,USD,140000,US,0,US,M
2023,MI,FT,Data Scientist,100000,USD,100000,US,0,US,M
2023,SE,FT,Machine Learning Engineer,213800,USD,213800,US,0,US,M
2023,SE,FT,Machine Learning Engineer,180300,USD,180300,US,0,US,M
2023,SE,FT,Data Engineer,145000,USD,145000,US,0,US,M
2023,SE,FT,Data Engineer,90000,USD,90000,US,0,US,M
2023,EX,FT,Data Scientist,375500,USD,375500,US,100,US,M
2023,EX,FT,Data Scientist,250300,USD,250300,US,100,US,M
2023,SE,FT,Machine Learning Engineer,250500,USD,250500,US,0,US,M
2023,SE,FT,Machine Learning Engineer,166600,USD,166600,US,0,US,M
2023,SE,FT,Machine Learning Engineer,262269,USD,262269,US,100,US,M
2023,SE,FT,Machine Learning Engineer,230797,USD,230797,US,100,US,M
2023,MI,FT,Data Engineer,147100,USD,147100,US,0,US,M
2023,MI,FT,Data Engineer,90700,USD,90700,US,0,US,M
2023,SE,FT,Machine Learning Infrastructure Engineer,185000,USD,185000,US,0,US,M
2023,SE,FT,Machine Learning Infrastructure Engineer,145000,USD,145000,US,0,US,M
2023,SE,FT,Data Analyst,100000,GBP,123040,GB,0,GB,M
2023,SE,FT,Data Analyst,75000,GBP,92280,GB,0,GB,M
2023,SE,FT,BI Developer,80000,GBP,98432,GB,0,GB,M
2023,SE,FT,BI Developer,50750,GBP,62442,GB,0,GB,M
2023,MI,FT,Data Scientist,115000,USD,115000,US,100,US,M
2023,MI,FT,Data Scientist,90000,USD,90000,US,100,US,M
2023,SE,FT,Data Analyst,195000,USD,195000,US,100,US,M
2023,SE,FT,Data Analyst,73500,USD,73500,US,100,US,M
2023,SE,FT,Data Engineer,155000,USD,155000,US,0,US,M
2023,SE,FT,Data Engineer,84800,USD,84800,US,0,US,M
2023,SE,FT,Data Infrastructure Engineer,185000,USD,185000,US,0,US,M
2023,SE,FT,Data Infrastructure Engineer,145000,USD,145000,US,0,US,M
2023,SE,FT,Machine Learning Infrastructure Engineer,158900,USD,158900,US,100,US,M
2023,SE,FT,Machine Learning Infrastructure Engineer,132400,USD,132400,US,100,US,M
2023,MI,FT,AI Engineer,140000,USD,140000,US,100,US,S
2023,MI,FT,Data Manager,130000,USD,130000,US,0,US,M
2023,MI,FT,Data Manager,100000,USD,100000,US,0,US,M
2023,SE,FT,Machine Learning Scientist,163800,USD,163800,US,0,US,M
2023,SE,FT,Machine Learning Scientist,126000,USD,126000,US,0,US,M
2023,SE,FT,Data Scientist,225000,USD,225000,US,100,US,M
2023,SE,FT,Data Scientist,111967,USD,111967,US,100,US,M
2023,SE,FT,Data Engineer,205600,USD,205600,US,0,US,L
2023,SE,FT,Data Engineer,105700,USD,105700,US,0,US,L
2023,MI,FT,Data Manager,115500,USD,115500,US,0,US,M
2023,MI,FT,Data Manager,73500,USD,73500,US,0,US,M
2023,MI,FT,Data Analyst,104000,USD,104000,US,0,US,M
2023,MI,FT,Data Analyst,88000,USD,88000,US,0,US,M
2023,SE,FT,Data Engineer,216027,USD,216027,US,100,US,M
2023,SE,FT,Data Engineer,101028,USD,101028,US,100,US,M
2023,SE,FT,Data Scientist,45000,EUR,48585,ES,0,ES,M
2023,SE,FT,Data Scientist,36000,EUR,38868,ES,0,ES,M
2023,SE,FT,Applied Scientist,309400,USD,309400,US,0,US,L
2023,SE,FT,Applied Scientist,159100,USD,159100,US,0,US,L
2023,SE,FT,Data Analyst,142000,USD,142000,US,0,US,M
2023,SE,FT,Data Analyst,128000,USD,128000,US,0,US,M
2023,SE,FT,Data Engineer,174350,USD,174350,US,100,US,M
2023,SE,FT,Data Engineer,126800,USD,126800,US,100,US,M
2023,SE,FT,Machine Learning Engineer,226600,USD,226600,US,0,US,M
2023,SE,FT,Machine Learning Engineer,140100,USD,140100,US,0,US,M
2023,SE,FT,Data Scientist,180000,USD,180000,US,0,US,M
2023,SE,FT,Data Scientist,162000,USD,162000,US,0,US,M
2023,SE,FT,Machine Learning Engineer,262000,USD,262000,US,0,US,M
2023,SE,FT,Machine Learning Engineer,186000,USD,186000,US,0,US,M
2023,SE,FT,Business Intelligence Engineer,185000,USD,185000,US,0,US,L
2023,SE,FT,Business Intelligence Engineer,79600,USD,79600,US,0,US,L
2023,SE,FT,Data Analyst,129000,USD,129000,CA,100,CA,M
2023,SE,FT,Data Analyst,95000,USD,95000,CA,100,CA,M
2023,SE,FT,Analytics Engineer,175000,USD,175000,US,0,US,M
2023,SE,FT,Analytics Engineer,120000,USD,120000,US,0,US,M
2023,MI,FT,Data Analyst,75000,GBP,92280,GB,0,GB,M
2023,MI,FT,Data Analyst,55000,GBP,67672,GB,0,GB,M
2023,EN,FT,Applied Data Scientist,27500,EUR,29691,IT,50,IT,L
2023,SE,FT,Data Analyst,130000,USD,130000,US,100,US,S
2023,SE,FT,Data Analyst,105000,USD,105000,US,100,US,S
2023,SE,FT,Machine Learning Engineer,232200,USD,232200,US,0,US,M
2023,SE,FT,Machine Learning Engineer,119000,USD,119000,US,0,US,M
2023,SE,FT,Data Scientist,268000,USD,268000,US,0,US,M
2023,SE,FT,Data Scientist,137500,USD,137500,US,0,US,M
2023,SE,FT,Data Analyst,153300,USD,153300,US,100,US,M
2023,SE,FT,Data Analyst,104244,USD,104244,US,100,US,M
2023,SE,FT,Applied Scientist,216000,USD,216000,US,100,US,M
2023,SE,FT,Applied Scientist,184000,USD,184000,US,100,US,M
2023,SE,FT,Data Scientist,190000,USD,190000,US,100,US,M
2023,SE,FT,Data Scientist,145000,USD,145000,US,100,US,M
2023,SE,FT,Data Engineer,155000,USD,155000,US,0,US,M
2023,SE,FT,Data Engineer,135000,USD,135000,US,0,US,M
2023,SE,FT,Data Scientist,226000,USD,226000,US,100,US,M
2023,SE,FT,Data Scientist,160000,USD,160000,US,100,US,M
2023,MI,FT,Data Analyst,80000,USD,80000,US,0,US,M
2023,MI,FT,Data Analyst,70000,USD,70000,US,0,US,M
2023,SE,FT,Data Scientist,198800,USD,198800,US,0,US,M
2023,SE,FT,Data Scientist,122600,USD,122600,US,0,US,M
2023,SE,FT,Applied Scientist,230000,USD,230000,US,100,US,M
2023,SE,FT,Applied Scientist,196000,USD,196000,US,100,US,M
2023,SE,FT,Data Scientist,181500,USD,181500,US,0,US,M
2023,SE,FT,Data Scientist,127000,USD,127000,US,0,US,M
2023,MI,FT,Machine Learning Researcher,210000,USD,210000,US,0,US,S
2023,SE,FT,AI Programmer,120000,USD,120000,CA,100,FR,M
2023,SE,FT,Machine Learning Engineer,385000,USD,385000,US,100,US,M
2023,SE,FT,Machine Learning Engineer,245000,USD,245000,US,100,US,M
2023,MI,FT,AI Engineer,225000,USD,225000,US,0,US,M
2023,MI,FT,AI Engineer,175000,USD,175000,US,0,US,M
2023,SE,FT,Data Engineer,148500,CAD,110019,CA,100,CA,M
2023,SE,FT,Data Engineer,117000,CAD,86682,CA,100,CA,M
2023,SE,FT,Data Analyst,131650,USD,131650,US,0,US,M
2023,SE,FT,Data Analyst,105320,USD,105320,US,0,US,M
2023,SE,FT,Research Engineer,210000,USD,210000,US,0,US,M
2023,SE,FT,Research Engineer,151800,USD,151800,US,0,US,M
2023,SE,FT,Data Scientist,147500,USD,147500,US,100,US,M
2023,SE,FT,Data Scientist,112500,USD,112500,US,100,US,M
2023,SE,FT,Machine Learning Engineer,240000,USD,240000,US,0,US,M
2023,SE,FT,Machine Learning Engineer,163200,USD,163200,US,0,US,M
2023,SE,FT,Data Analyst,134200,USD,134200,US,0,US,M
2023,SE,FT,Data Analyst,103200,USD,103200,US,0,US,M
2023,SE,FT,Data Analyst,65000,USD,65000,US,100,US,M
2023,SE,FT,Data Analyst,55000,USD,55000,US,100,US,M
2023,SE,FT,Data Scientist,234000,USD,234000,US,0,US,M
2023,SE,FT,Data Scientist,176000,USD,176000,US,0,US,M
2023,SE,FT,Machine Learning Infrastructure Engineer,165400,USD,165400,US,0,US,M
2023,SE,FT,Machine Learning Infrastructure Engineer,127300,USD,127300,US,0,US,M
2023,SE,FT,Data Analyst,180400,USD,180400,US,0,US,M
2023,SE,FT,Data Analyst,138800,USD,138800,US,0,US,M
2023,SE,FT,Data Scientist,100000,EUR,107968,PH,50,CZ,L
2023,MI,FT,AI Engineer,30390,EUR,32811,ES,100,ES,L
2023,MI,FT,Data Scientist,3200000,INR,38915,IN,50,IN,L
2023,MI,FT,Data Scientist,185900,USD,185900,US,0,US,M
2023,MI,FT,Data Scientist,129300,USD,129300,US,0,US,M
2023,MI,FT,Data Manager,115500,USD,115500,US,0,US,M
2023,MI,FT,Data Manager,73500,USD,73500,US,0,US,M
2023,MI,FT,Machine Learning Engineer,145000,USD,145000,US,0,US,M
2023,MI,FT,Machine Learning Engineer,135000,USD,135000,US,0,US,M
2023,MI,FT,Data Scientist,126900,USD,126900,US,0,US,M
2023,MI,FT,Data Scientist,77900,USD,77900,US,0,US,M
2023,SE,FT,Data Analyst,85000,USD,85000,US,0,US,M
2023,SE,FT,Data Analyst,75000,USD,75000,US,0,US,M
2023,MI,FT,Data Engineer,90000,GBP,110736,GB,100,GB,M
2023,MI,FT,Data Engineer,75000,GBP,92280,GB,100,GB,M
2023,SE,FT,Machine Learning Engineer,330000,USD,330000,US,0,US,M
2023,SE,FT,Machine Learning Engineer,204000,USD,204000,US,0,US,M
2023,SE,FT,Data Analyst,169000,USD,169000,US,0,US,M
2023,SE,FT,Data Analyst,110600,USD,110600,US,0,US,M
2023,EN,FT,AI Research Engineer,2000000,INR,24322,IN,100,CH,L
2023,SE,FT,Data Scientist,3600000,INR,43779,IN,100,IN,L
2023,MI,FT,Data Manager,115500,USD,115500,US,0,US,M
2023,MI,FT,Data Manager,73500,USD,73500,US,0,US,M
2023,SE,FT,Data Scientist,168000,USD,168000,US,100,US,M
2023,SE,FT,Data Scientist,130000,USD,130000,US,100,US,M
2023,SE,FT,Data Engineer,225500,USD,225500,US,0,US,M
2023,SE,FT,Data Engineer,139400,USD,139400,US,0,US,M
2023,EN,FT,Data Scientist,150000,USD,150000,US,0,US,M
2023,EN,FT,Data Scientist,140000,USD,140000,US,0,US,M
2023,SE,FT,Data Scientist,226000,USD,226000,US,100,US,M
2023,SE,FT,Data Scientist,162000,USD,162000,US,100,US,M
2023,SE,FT,Machine Learning Engineer,200000,USD,200000,US,100,US,M
2023,SE,FT,Machine Learning Engineer,150000,USD,150000,US,100,US,M
2023,SE,FT,Data Modeler,195000,USD,195000,US,0,US,M
2023,SE,FT,Data Modeler,160000,USD,160000,US,0,US,M
2023,SE,FT,Data Operations Analyst,154000,USD,154000,US,0,US,M
2023,SE,FT,Data Operations Analyst,82000,USD,82000,US,0,US,M
2023,SE,FT,Data Scientist,160000,USD,160000,US,100,US,M
2023,SE,FT,Data Scientist,145000,USD,145000,US,100,US,M
2023,SE,FT,AI Engineer,239400,USD,239400,US,0,US,M
2023,SE,FT,AI Engineer,136800,USD,136800,US,0,US,M
2023,EX,FT,Head of Data,329500,USD,329500,US,100,US,M
2023,EX,FT,Head of Data,269600,USD,269600,US,100,US,M
2023,SE,FT,Data Scientist,120000,USD,120000,US,0,US,M
2023,SE,FT,Data Scientist,100000,USD,100000,US,0,US,M
2023,SE,FT,Decision Scientist,204500,USD,204500,US,0,US,M
2023,SE,FT,Decision Scientist,142200,USD,142200,US,0,US,M
2023,SE,FT,Data Scientist,230000,USD,230000,US,100,US,M
2023,SE,FT,Data Scientist,180000,USD,180000,US,100,US,M
2023,SE,FT,Data Scientist,164000,USD,164000,US,100,US,M
2023,SE,FT,Data Scientist,130000,USD,130000,US,100,US,M
2023,SE,FT,Data Engineer,169000,USD,169000,US,0,US,M
2023,SE,FT,Data Engineer,91000,USD,91000,US,0,US,M
2023,SE,FT,Machine Learning Engineer,323300,USD,323300,US,0,US,M
2023,SE,FT,Machine Learning Engineer,184700,USD,184700,US,0,US,M
2023,SE,FT,Data Manager,145000,USD,145000,US,0,US,M
2023,SE,FT,Data Manager,130000,USD,130000,US,0,US,M
2023,SE,FT,Data Engineer,170000,USD,170000,US,0,US,M
2023,SE,FT,Data Engineer,120000,USD,120000,US,0,US,M
2023,SE,FT,Research Scientist,210000,USD,210000,US,0,US,M
2023,SE,FT,Research Scientist,136000,USD,136000,US,0,US,M
2023,SE,FT,Data Engineer,171250,USD,171250,US,0,US,M
2023,SE,FT,Data Engineer,113750,USD,113750,US,0,US,M
2023,SE,FT,Data Scientist,136000,USD,136000,US,100,US,M
2023,SE,FT,Data Scientist,104000,USD,104000,US,100,US,M
2023,SE,FT,Machine Learning Engineer,195000,USD,195000,US,100,US,M
2023,SE,FT,Machine Learning Engineer,142000,USD,142000,US,100,US,M
2023,MI,FT,Data Engineer,185900,USD,185900,US,0,US,M
2023,MI,FT,Data Engineer,129300,USD,129300,US,0,US,M
2023,SE,FT,Machine Learning Engineer,194100,USD,194100,US,0,US,M
2023,SE,FT,Machine Learning Engineer,152300,USD,152300,US,0,US,M
2023,SE,FT,Data Architect,190000,USD,190000,US,0,US,M
2023,SE,FT,Data Architect,120000,USD,120000,US,0,US,M
2023,SE,FT,Research Engineer,240000,USD,240000,US,100,US,M
2023,SE,FT,Research Engineer,157250,USD,157250,US,100,US,M
2023,SE,FT,Data Engineer,212000,USD,212000,US,100,US,M
2023,SE,FT,Data Engineer,170000,USD,170000,US,100,US,M
2023,SE,FT,Data Engineer,194400,USD,194400,US,100,US,M
2023,SE,FT,Data Engineer,132192,USD,132192,US,100,US,M
2023,SE,FT,Machine Learning Engineer,204500,USD,204500,US,0,US,M
2023,SE,FT,Machine Learning Engineer,142200,USD,142200,US,0,US,M
2023,SE,FT,Analytics Engineer,174000,USD,174000,US,100,US,M
2023,SE,FT,Analytics Engineer,134000,USD,134000,US,100,US,M
2023,MI,FT,Machine Learning Engineer,36000,EUR,38868,ES,100,ES,L
2023,MI,FT,Data Engineer,152000,USD,152000,US,100,US,M
2023,SE,FT,Data Developer,144700,USD,144700,US,0,US,M
2023,SE,FT,Data Developer,85500,USD,85500,US,0,US,M
2023,MI,FT,Data Manager,115500,USD,115500,US,0,US,M
2023,MI,FT,Data Manager,73500,USD,73500,US,0,US,M
2023,MI,FT,Data Analyst,49200,EUR,53120,EE,0,EE,M
2023,MI,FT,Data Analyst,36000,EUR,38868,EE,0,EE,M
2023,SE,FT,Data Scientist,200000,USD,200000,US,0,US,M
2023,SE,FT,Data Scientist,160000,USD,160000,US,0,US,M
2023,MI,FT,Data Analyst,67500,USD,67500,US,0,US,M
2023,MI,FT,Data Analyst,46500,USD,46500,US,0,US,M
2023,EX,FT,Data Engineer,265800,USD,265800,US,100,US,M
2023,EX,FT,Data Engineer,177200,USD,177200,US,100,US,M
2023,SE,FT,Data Scientist,222000,USD,222000,US,0,US,M
2023,SE,FT,Data Scientist,115920,USD,115920,US,0,US,M
2023,SE,FT,Machine Learning Engineer,250000,USD,250000,US,100,US,M
2023,SE,FT,Machine Learning Engineer,190000,USD,190000,US,100,US,M
2023,SE,FT,AI Engineer,60000,EUR,64781,ES,100,ES,M
2023,SE,FT,Data Engineer,284310,USD,284310,US,0,US,M
2023,SE,FT,Data Engineer,153090,USD,153090,US,0,US,M
2023,SE,FT,Machine Learning Engineer,324000,USD,324000,US,0,US,M
2023,SE,FT,Machine Learning Engineer,159000,USD,159000,US,0,US,M
2023,SE,FT,Research Scientist,204500,USD,204500,US,0,US,M
2023,SE,FT,Research Scientist,142200,USD,142200,US,0,US,M
2023,SE,FT,Machine Learning Engineer,309000,USD,309000,US,0,US,M
2023,SE,FT,Machine Learning Engineer,142000,USD,142000,US,0,US,M
2023,SE,FT,Data Engineer,247300,USD,247300,US,0,US,M
2023,SE,FT,Data Engineer,139700,USD,139700,US,0,US,M
2023,MI,FT,Data Analyst,95000,USD,95000,US,100,US,M
2023,MI,FT,Data Analyst,80000,USD,80000,US,100,US,M
2023,MI,FT,Data Scientist,130500,USD,130500,US,0,US,M
2023,MI,FT,Data Scientist,111000,USD,111000,US,0,US,M
2023,SE,FT,Data Analyst,213210,USD,213210,US,100,US,M
2023,SE,FT,Data Analyst,102434,USD,102434,US,100,US,M
2023,SE,FT,Machine Learning Engineer,200000,USD,200000,US,0,US,M
2023,SE,FT,Machine Learning Engineer,140000,USD,140000,US,0,US,M
2023,SE,FT,Data Scientist,226600,USD,226600,US,0,US,M
2023,SE,FT,Data Scientist,140100,USD,140100,US,0,US,M
2023,SE,FT,Data Scientist,225000,USD,225000,US,100,US,M
2023,SE,FT,Data Scientist,156400,USD,156400,US,100,US,M
2023,SE,FT,Research Engineer,250000,USD,250000,US,0,US,M
2023,SE,FT,Research Engineer,176000,USD,176000,US,0,US,M
2022,EN,FT,Machine Learning Scientist,80000,USD,80000,CA,50,US,S
2023,SE,FT,Analytics Engineer,233400,USD,233400,US,100,US,M
2023,SE,FT,Analytics Engineer,145300,USD,145300,US,100,US,M
2023,SE,FT,Data Engineer,248000,USD,248000,US,0,US,M
2023,SE,FT,Data Engineer,149000,USD,149000,US,0,US,M
2023,EN,FT,Analytics Engineer,156450,USD,156450,US,100,US,M
2023,EN,FT,Analytics Engineer,119200,USD,119200,US,100,US,M
2023,MI,FT,Data Manager,115500,USD,115500,US,0,US,M
2023,MI,FT,Data Manager,73500,USD,73500,US,0,US,M
2023,SE,FT,Machine Learning Engineer,185000,USD,185000,US,0,US,M
2023,SE,FT,Machine Learning Engineer,120250,USD,120250,US,0,US,M
2023,SE,FT,Applied Scientist,216000,USD,216000,US,100,US,M
2023,SE,FT,Applied Scientist,184000,USD,184000,US,100,US,M
2023,MI,FT,Machine Learning Engineer,300000,USD,300000,US,0,US,M
2023,MI,FT,Machine Learning Engineer,200000,USD,200000,US,0,US,M
2023,SE,FT,Applied Scientist,230000,USD,230000,US,100,US,M
2023,SE,FT,Applied Scientist,196000,USD,196000,US,100,US,M
2023,SE,FT,Machine Learning Engineer,192000,USD,192000,US,100,US,M
2023,SE,FT,Machine Learning Engineer,164000,USD,164000,US,100,US,M
2023,MI,FT,Data Scientist,225000,USD,225000,US,0,US,M
2023,MI,FT,Data Scientist,152700,USD,152700,US,0,US,M
2023,SE,FT,Applied Scientist,192000,USD,192000,US,100,US,M
2023,SE,FT,Applied Scientist,164000,USD,164000,US,100,US,M
2023,MI,FT,Data Manager,115500,USD,115500,US,0,US,M
2023,MI,FT,Data Manager,73500,USD,73500,US,0,US,M
2023,SE,FT,AI Scientist,60000,EUR,64781,DE,50,DE,L
2023,MI,FT,Data Engineer,160000,USD,160000,US,0,US,M
2023,MI,FT,Data Engineer,140000,USD,140000,US,0,US,M
2023,MI,FT,Data Engineer,139152,USD,139152,US,0,US,L
2023,MI,FT,Data Engineer,82452,USD,82452,US,0,US,L
2023,SE,FT,Decision Scientist,204500,USD,204500,US,0,US,M
2023,SE,FT,Decision Scientist,142200,USD,142200,US,0,US,M
2023,MI,FT,Data Strategist,85000,USD,85000,US,0,US,M
2023,MI,FT,Data Strategist,65000,USD,65000,US,0,US,M
2023,SE,FT,Data Analyst,139000,USD,139000,US,0,US,M
2023,SE,FT,Data Analyst,85700,USD,85700,US,0,US,M
2023,SE,FT,Research Scientist,248100,USD,248100,US,0,US,M
2023,SE,FT,Research Scientist,145900,USD,145900,US,0,US,M
2023,EX,FT,Machine Learning Engineer,200000,USD,200000,US,100,US,M
2023,EX,FT,Machine Learning Engineer,145000,USD,145000,US,100,US,M
2023,SE,FT,Machine Learning Engineer,230000,USD,230000,US,0,US,M
2023,SE,FT,Machine Learning Engineer,184000,USD,184000,US,0,US,M
2023,SE,FT,Machine Learning Engineer,269500,USD,269500,US,0,US,M
2023,SE,FT,Machine Learning Engineer,166600,USD,166600,US,0,US,M
2023,EX,FT,Machine Learning Engineer,295500,USD,295500,US,100,US,M
2023,EX,FT,Machine Learning Engineer,165200,USD,165200,US,100,US,M
2023,SE,FT,Machine Learning Engineer,226600,USD,226600,US,0,US,M
2023,SE,FT,Machine Learning Engineer,140100,USD,140100,US,0,US,M
2023,MI,FT,Machine Learning Engineer,235000,USD,235000,US,0,US,M
2023,MI,FT,Machine Learning Engineer,135000,USD,135000,US,0,US,M
2023,MI,FT,Data Analyst,110000,USD,110000,US,0,US,M
2023,MI,FT,Data Analyst,75000,USD,75000,US,0,US,M
2023,SE,FT,Analytics Engineer,180000,USD,180000,US,100,US,M
2023,SE,FT,Analytics Engineer,144000,USD,144000,US,100,US,M
2023,MI,FT,Data Engineer,40000,GBP,49216,GB,100,GB,M
2023,MI,FT,Data Engineer,35000,GBP,43064,GB,100,GB,M
2023,MI,FT,Data Analyst,65000,USD,65000,US,0,US,M
2023,MI,FT,Data Analyst,55000,USD,55000,US,0,US,M
2023,SE,FT,Data Manager,160667,USD,160667,US,0,US,M
2023,SE,FT,Data Manager,130000,USD,130000,US,0,US,M
2023,MI,FT,MLOps Engineer,140400,BRL,27568,BR,100,BR,L
2023,SE,FT,Data Analyst,169000,USD,169000,US,0,US,M
2023,SE,FT,Data Analyst,110600,USD,110600,US,0,US,M
2023,SE,FT,Data Engineer,225500,USD,225500,US,0,US,M
2023,SE,FT,Data Engineer,139400,USD,139400,US,0,US,M
2023,SE,FT,Data Engineer,304200,USD,304200,US,0,US,M
2023,SE,FT,Data Engineer,173800,USD,173800,US,0,US,M
2023,MI,FT,Data Scientist,191765,USD,191765,US,0,US,M
2023,MI,FT,Data Scientist,134326,USD,134326,US,0,US,M
2023,SE,FT,Analytics Engineer,173000,USD,173000,US,0,US,M
2023,SE,FT,Analytics Engineer,160000,USD,160000,US,0,US,M
2023,SE,FT,Machine Learning Engineer,258384,USD,258384,US,100,US,M
2023,SE,FT,Machine Learning Engineer,153100,USD,153100,US,100,US,M
2023,MI,FT,Data Scientist,135000,USD,135000,US,0,US,M
2023,MI,FT,Data Scientist,70000,USD,70000,US,0,US,M
2023,SE,FT,Data Scientist,168000,USD,168000,US,100,US,M
2023,SE,FT,Data Scientist,130000,USD,130000,US,100,US,M
2023,SE,FT,Data Analyst,146200,USD,146200,US,0,US,M
2023,SE,FT,Data Analyst,116960,USD,116960,US,0,US,M
2023,SE,FT,Data Engineer,226700,USD,226700,US,0,US,M
2023,SE,FT,Data Engineer,133300,USD,133300,US,0,US,M
2023,SE,FT,Data Engineer,370000,USD,370000,US,0,US,M
2023,SE,FT,Data Engineer,245000,USD,245000,US,0,US,M
2023,SE,FT,Machine Learning Engineer,208450,USD,208450,US,0,US,M
2023,SE,FT,Machine Learning Engineer,151600,USD,151600,US,0,US,M
2023,SE,FT,Data Specialist,111600,USD,111600,US,0,US,M
2023,SE,FT,Data Specialist,72000,USD,72000,US,0,US,M
2023,SE,FT,Data Scientist,359170,USD,359170,US,0,US,M
2023,SE,FT,Data Scientist,295490,USD,295490,US,0,US,M
2023,EN,FT,Data Engineer,90000,USD,90000,US,50,CA,L
2023,MI,FT,Analytics Engineer,90000,USD,90000,US,100,US,M
2023,MI,FT,Analytics Engineer,84000,USD,84000,US,100,US,M
2023,MI,FT,Data Engineer,110000,USD,110000,FR,100,FR,M
2023,MI,FT,Data Engineer,90000,USD,90000,FR,100,FR,M
2023,MI,FT,Data Engineer,110000,USD,110000,US,0,US,M
2023,MI,FT,Data Engineer,70000,USD,70000,US,0,US,M
2023,SE,FT,Data Scientist,45000,EUR,48585,ES,0,ES,M
2023,SE,FT,Data Scientist,36000,EUR,38868,ES,0,ES,M
2023,SE,FT,Data Engineer,90000,USD,90000,US,0,US,M
2023,SE,FT,Data Engineer,75000,USD,75000,US,0,US,M
2023,SE,FT,Data Scientist,253000,USD,253000,US,100,US,M
2023,SE,FT,Data Scientist,162000,USD,162000,US,100,US,M
2023,EN,FT,Data Integration Specialist,115000,USD,115000,CA,0,CA,M
2023,EN,FT,Data Integration Specialist,85000,USD,85000,CA,0,CA,M
2023,SE,FT,Data Scientist,164000,USD,164000,US,0,US,M
2023,SE,FT,Data Scientist,130000,USD,130000,US,0,US,M
2023,SE,FT,Data Scientist,359170,USD,359170,US,0,US,M
2023,SE,FT,Data Scientist,295490,USD,295490,US,0,US,M
2023,SE,FT,Data Scientist,145900,USD,145900,US,0,US,M
2023,SE,FT,Data Scientist,128100,USD,128100,US,0,US,M
2023,SE,FT,Business Intelligence Analyst,127000,USD,127000,US,100,US,M
2023,SE,FT,Business Intelligence Analyst,95000,USD,95000,US,100,US,M
2023,EN,FT,Data Analyst,94600,USD,94600,US,0,US,M
2023,EN,FT,Data Analyst,86000,USD,86000,US,0,US,M
2023,SE,FT,Data Engineer,72000,USD,72000,BR,100,BR,M
2023,SE,FT,Data Engineer,60000,USD,60000,BR,100,BR,M
2023,SE,FT,Data Scientist,136000,USD,136000,US,0,US,M
2023,SE,FT,Data Scientist,104000,USD,104000,US,0,US,M
2023,SE,FT,Machine Learning Engineer,323300,USD,323300,US,0,US,M
2023,SE,FT,Machine Learning Engineer,184700,USD,184700,US,0,US,M
2023,SE,FT,Data Engineer,150000,USD,150000,US,100,US,M
2023,SE,FT,Data Engineer,101570,USD,101570,US,100,US,M
2023,SE,FT,Machine Learning Engineer,247500,USD,247500,US,0,US,M
2023,SE,FT,Machine Learning Engineer,172200,USD,172200,US,0,US,M
2023,SE,FT,Data Scientist,198800,USD,198800,US,0,US,M
2023,SE,FT,Data Scientist,122600,USD,122600,US,0,US,M
2023,SE,FT,Data Engineer,173650,USD,173650,US,0,US,M
2023,SE,FT,Data Engineer,113900,USD,113900,US,0,US,M
2023,SE,FT,Data Scientist,185000,USD,185000,US,100,US,M
2023,SE,FT,Data Scientist,126000,USD,126000,US,100,US,M
2023,SE,FT,Data Management Specialist,139500,USD,139500,US,0,US,M
2023,SE,FT,Data Management Specialist,110000,USD,110000,US,0,US,M
2023,SE,FT,Data Scientist,160000,USD,160000,US,0,US,M
2023,SE,FT,Data Scientist,130000,USD,130000,US,0,US,M
2023,SE,FT,Machine Learning Engineer,280000,USD,280000,US,0,US,M
2023,SE,FT,Machine Learning Engineer,200000,USD,200000,US,0,US,M
2023,MI,FT,Data Scientist,100000,GBP,123040,GB,0,GB,M
2023,MI,FT,Data Scientist,60000,GBP,73824,GB,0,GB,M
2023,SE,FT,Data Scientist,248100,USD,248100,US,0,US,M
2023,SE,FT,Data Scientist,145900,USD,145900,US,0,US,M
2023,SE,FT,Business Intelligence Engineer,220000,USD,220000,US,0,US,M
2023,SE,FT,Business Intelligence Engineer,175000,USD,175000,US,0,US,M
2023,SE,FT,Data Scientist,175000,USD,175000,US,0,US,M
2023,SE,FT,Data Scientist,150000,USD,150000,US,0,US,M
2023,SE,FT,Data Manager,145000,USD,145000,US,0,US,M
2023,SE,FT,Data Manager,130000,USD,130000,US,0,US,M
2023,MI,FT,Data Manager,115500,USD,115500,US,0,US,M
2023,MI,FT,Data Manager,73500,USD,73500,US,0,US,M
2023,SE,FT,Data Analyst,150000,USD,150000,US,0,US,M
2023,SE,FT,Data Analyst,135000,USD,135000,US,0,US,M
2023,SE,FT,Data Analyst,150000,USD,150000,US,100,US,M
2023,SE,FT,Data Analyst,85000,USD,85000,US,100,US,M
2023,SE,FT,Data Engineer,210000,USD,210000,US,100,US,M
2023,SE,FT,Data Engineer,170000,USD,170000,US,100,US,M
2023,SE,FT,Data Engineer,160000,USD,160000,US,100,US,M
2023,SE,FT,Data Engineer,108000,USD,108000,US,100,US,M
2023,EX,FT,Head of Data,115000,USD,115000,BR,100,BR,M
2023,EX,FT,Head of Data,110000,USD,110000,BR,100,BR,M
2023,SE,FT,Machine Learning Engineer,220000,USD,220000,US,0,US,M
2023,SE,FT,Machine Learning Engineer,185000,USD,185000,US,0,US,M
2023,SE,FT,Decision Scientist,182500,USD,182500,US,100,US,M
2023,SE,FT,Decision Scientist,135000,USD,135000,US,100,US,M
2023,SE,FT,Data Scientist,208500,USD,208500,US,0,US,M
2023,SE,FT,Data Scientist,165000,USD,165000,US,0,US,M
2023,MI,CT,Business Data Analyst,35000,USD,35000,PH,100,US,M
2023,EX,FT,Data Engineer,146000,USD,146000,US,0,US,M
2023,EX,FT,Data Engineer,94000,USD,94000,US,0,US,M
2023,SE,FT,Business Intelligence Engineer,225000,USD,225000,US,0,US,M
2023,SE,FT,Business Intelligence Engineer,156400,USD,156400,US,0,US,M
2023,MI,FT,AI Engineer,300000,USD,300000,QA,100,QA,M
2023,SE,FT,Data Strategist,91000,USD,91000,US,0,US,M
2023,SE,FT,Data Strategist,86000,USD,86000,US,0,US,M
2023,SE,FT,Data Scientist,205500,USD,205500,US,0,US,M
2023,SE,FT,Data Scientist,132500,USD,132500,US,0,US,M
2023,MI,FT,Data Manager,115500,USD,115500,US,0,US,M
2023,MI,FT,Data Manager,73500,USD,73500,US,0,US,M
2023,SE,FT,Business Data Analyst,180000,USD,180000,US,100,US,L
2023,SE,FT,Decision Scientist,204500,USD,204500,US,0,US,M
2023,SE,FT,Decision Scientist,142200,USD,142200,US,0,US,M
2023,SE,FT,Analytics Engineer,97750,USD,97750,US,0,US,M
2023,SE,FT,Analytics Engineer,75000,USD,75000,US,0,US,M
2023,EN,FT,Research Scientist,252990,USD,252990,US,100,US,M
2023,EN,FT,Research Scientist,162170,USD,162170,US,100,US,M
2023,SE,FT,Applied Scientist,216000,USD,216000,US,0,US,M
2023,SE,FT,Applied Scientist,184000,USD,184000,US,0,US,M
2023,SE,FT,Data Engineer,170000,USD,170000,US,100,US,M
2023,SE,FT,Data Engineer,120000,USD,120000,US,100,US,M
2023,SE,FT,Data Engineer,133200,USD,133200,US,100,US,M
2023,SE,FT,Data Engineer,84000,USD,84000,US,100,US,M
2023,EN,FT,Data Analyst,75000,USD,75000,US,0,US,M
2023,EN,FT,Data Analyst,67500,USD,67500,US,0,US,M
2023,MI,FT,Data Engineer,70000,GBP,86128,CA,100,CA,M
2023,MI,FT,Data Engineer,50000,GBP,61520,CA,100,CA,M
2023,SE,FT,Data Scientist,300000,USD,300000,US,0,US,M
2023,SE,FT,Data Scientist,160000,USD,160000,US,0,US,M
2023,SE,FT,Data Analyst,142000,USD,142000,US,0,US,M
2023,SE,FT,Data Analyst,128000,USD,128000,US,0,US,M
2023,MI,FT,Data Scientist,160000,USD,160000,US,100,US,M
2023,MI,FT,Data Scientist,140000,USD,140000,US,100,US,M
2023,SE,FT,Data Scientist,265000,USD,265000,US,100,US,M
2023,SE,FT,Data Scientist,153000,USD,153000,US,100,US,M
2023,SE,FT,Data Analyst,143000,USD,143000,US,100,US,M
2023,SE,FT,Data Analyst,126277,USD,126277,US,100,US,M
2023,SE,FT,Data Scientist,230000,USD,230000,US,100,US,M
2023,SE,FT,Data Scientist,153000,USD,153000,US,100,US,M
2023,SE,FT,Data Engineer,224500,USD,224500,US,0,US,M
2023,SE,FT,Data Engineer,126900,USD,126900,US,0,US,M
2023,MI,FT,Data Manager,115500,USD,115500,US,0,US,M
2023,MI,FT,Data Manager,73500,USD,73500,US,0,US,M
2023,MI,FT,Data Scientist,145000,USD,145000,US,100,US,M
2023,MI,FT,Data Scientist,115000,USD,115000,US,100,US,M
2023,SE,FT,Applied Scientist,227700,USD,227700,US,100,US,M
2023,SE,FT,Applied Scientist,154836,USD,154836,US,100,US,M
2023,SE,FT,Data Analyst,140000,USD,140000,US,0,US,M
2023,SE,FT,Data Analyst,126000,USD,126000,US,0,US,M
2023,SE,FT,Machine Learning Engineer,165000,USD,165000,US,0,US,M
2023,SE,FT,Machine Learning Engineer,127000,USD,127000,US,0,US,M
2023,SE,FT,Analytics Engineer,209000,USD,209000,US,0,US,M
2023,SE,FT,Analytics Engineer,112500,USD,112500,US,0,US,M
2023,MI,FT,Data Architect,140000,USD,140000,US,100,US,M
2023,MI,FT,Data Architect,110000,USD,110000,US,100,US,M
2023,MI,FT,Data Engineer,185900,USD,185900,US,0,US,M
2023,MI,FT,Data Engineer,129300,USD,129300,US,0,US,M
2023,SE,FT,Data Scientist,370000,USD,370000,US,0,US,M
2023,SE,FT,Data Scientist,300000,USD,300000,US,0,US,M
2023,SE,FT,Data Analyst,136000,USD,136000,US,100,US,M
2023,SE,FT,Data Analyst,104000,USD,104000,US,100,US,M
2023,SE,FT,Applied Scientist,214000,USD,214000,US,0,US,M
2023,SE,FT,Applied Scientist,154000,USD,154000,US,0,US,M
2023,SE,FT,Data Scientist,205000,USD,205000,US,100,US,M
2023,SE,FT,Data Scientist,157500,USD,157500,US,100,US,M
2023,SE,FT,Data Engineer,255000,USD,255000,US,0,US,M
2023,SE,FT,Data Engineer,178000,USD,178000,US,0,US,M
2023,SE,FT,Data Engineer,155000,USD,155000,US,0,US,M
2023,SE,FT,Data Engineer,109283,USD,109283,US,0,US,M
2023,SE,FT,Research Scientist,189000,USD,189000,US,0,US,M
2023,SE,FT,Research Scientist,137000,USD,137000,US,0,US,M
2023,MI,FT,Data Analyst,120000,USD,120000,US,100,US,M
2023,MI,FT,Data Analyst,110000,USD,110000,US,100,US,M
2023,SE,FT,Machine Learning Engineer,204500,USD,204500,US,0,US,M
2023,SE,FT,Machine Learning Engineer,142200,USD,142200,US,0,US,M
2023,SE,FT,Data Analyst,100000,USD,100000,US,0,US,M
2023,SE,FT,Data Analyst,75000,USD,75000,US,0,US,M
2023,SE,FT,Data Engineer,181500,USD,181500,US,0,US,M
2023,SE,FT,Data Engineer,112200,USD,112200,US,0,US,M
2023,MI,FT,Data Engineer,40000,GBP,49216,GB,100,GB,M
2023,MI,FT,Data Engineer,35000,GBP,43064,GB,100,GB,M
2023,SE,FT,Data Scientist,170500,USD,170500,CA,100,CA,M
2023,SE,FT,Data Scientist,118575,USD,118575,CA,100,CA,M
2023,SE,FT,Data Analyst,130000,USD,130000,US,100,US,M
2023,SE,FT,Data Analyst,100000,USD,100000,US,100,US,M
2022,MI,CT,Applied Machine Learning Scientist,93000,EUR,97712,IT,100,NL,L
2023,EN,FT,AI Research Engineer,23100,EUR,24940,PT,100,PT,M
2023,MI,FT,Analytics Engineer,172200,USD,172200,US,100,US,M
2023,MI,FT,Analytics Engineer,131200,USD,131200,US,100,US,M
2023,SE,FT,Data Analyst,154500,USD,154500,US,100,US,M
2023,SE,FT,Data Analyst,131325,USD,131325,US,100,US,M
2023,SE,FT,Data Manager,110400,USD,110400,US,0,US,M
2023,SE,FT,Data Manager,68000,USD,68000,US,0,US,M
2023,MI,FT,Data Manager,115500,USD,115500,US,0,US,M
2023,MI,FT,Data Manager,73500,USD,73500,US,0,US,M
2023,SE,FT,Business Intelligence Engineer,140000,USD,140000,US,0,US,M
2023,SE,FT,Business Intelligence Engineer,100000,USD,100000,US,0,US,M
2023,SE,FT,Data Analyst,192000,USD,192000,US,100,US,M
2023,SE,FT,Data Analyst,138240,USD,138240,US,100,US,M
2023,SE,FT,Machine Learning Engineer,225000,USD,225000,US,0,US,M
2023,SE,FT,Machine Learning Engineer,190000,USD,190000,US,0,US,M
2023,SE,FT,Data Scientist,207500,USD,207500,US,100,US,M
2023,SE,FT,Data Scientist,172900,USD,172900,US,100,US,M
2023,MI,FT,Data Scientist,135000,USD,135000,US,0,US,M
2023,MI,FT,Data Scientist,70000,USD,70000,US,0,US,M
2023,SE,FT,Data Scientist,254000,USD,254000,US,0,US,M
2023,SE,FT,Data Scientist,185000,USD,185000,US,0,US,M
2023,SE,FT,Data Engineer,162000,USD,162000,US,100,US,M
2023,SE,FT,Data Engineer,111000,USD,111000,US,100,US,M
2023,SE,FT,Data Scientist,225000,USD,225000,US,0,US,M
2023,SE,FT,Data Scientist,156400,USD,156400,US,0,US,M
2023,SE,FT,Data Modeler,147100,USD,147100,US,0,US,M
2023,SE,FT,Data Modeler,90700,USD,90700,US,0,US,M
2023,MI,FT,Data Analyst,90000,USD,90000,US,0,US,M
2023,MI,FT,Data Analyst,70000,USD,70000,US,0,US,M
2023,SE,FT,Data Engineer,168400,USD,168400,US,0,US,M
2023,SE,FT,Data Engineer,105200,USD,105200,US,0,US,M
2023,SE,FT,Research Engineer,237000,USD,237000,US,0,US,M
2023,SE,FT,Research Engineer,170112,USD,170112,US,0,US,M
2023,MI,FT,Data Scientist,24000,EUR,25912,IT,100,IT,S
2023,SE,FT,Data Scientist,125000,EUR,134960,NL,50,NL,M
2023,SE,FT,Business Intelligence Engineer,155000,USD,155000,US,100,US,M
2023,SE,FT,Business Intelligence Engineer,130000,USD,130000,US,100,US,M
2023,SE,FT,BI Developer,105000,USD,105000,US,0,US,M
2023,SE,FT,BI Developer,70000,USD,70000,US,0,US,M
2023,SE,FT,Data Analyst,140000,USD,140000,US,0,US,M
2023,SE,FT,Data Analyst,120000,USD,120000,US,0,US,M
2023,EN,FT,Data Integration Specialist,115000,USD,115000,CA,0,CA,M
2023,EN,FT,Data Integration Specialist,85000,USD,85000,CA,0,CA,M
2023,SE,FT,Machine Learning Engineer,260000,USD,260000,US,100,US,M
2023,SE,FT,Machine Learning Engineer,234000,USD,234000,US,100,US,M
2023,SE,FT,Machine Learning Engineer,204500,USD,204500,US,0,US,M
2023,SE,FT,Machine Learning Engineer,142200,USD,142200,US,0,US,M
2023,SE,FT,AI Architect,330000,USD,330000,US,0,US,M
2023,SE,FT,AI Architect,204000,USD,204000,US,0,US,M
2023,SE,FT,Data Engineer,180000,USD,180000,US,100,US,M
2023,SE,FT,Data Engineer,165000,USD,165000,US,100,US,M
2023,SE,FT,Data Scientist,185900,USD,185900,US,0,US,M
2023,SE,FT,Data Scientist,167310,USD,167310,US,0,US,M
2023,EN,FT,Data Analyst,94600,USD,94600,US,0,US,M
2023,EN,FT,Data Analyst,86000,USD,86000,US,0,US,M
2023,SE,FT,Data Scientist,297300,USD,297300,US,100,US,M
2023,SE,FT,Data Scientist,198200,USD,198200,US,100,US,M
2023,SE,FT,Data Analyst,167000,USD,167000,US,0,US,M
2023,SE,FT,Data Analyst,150000,USD,150000,US,0,US,M
2023,SE,FT,Data Engineer,121000,USD,121000,US,100,US,M
2023,SE,FT,Data Engineer,101570,USD,101570,US,100,US,M
2023,SE,FT,Data Strategist,175000,USD,175000,US,100,US,M
2023,SE,FT,Data Strategist,125000,USD,125000,US,100,US,M
2023,SE,FT,Machine Learning Scientist,325000,USD,325000,US,100,US,M
2023,SE,FT,Machine Learning Scientist,171000,USD,171000,US,100,US,M
2023,SE,FT,Data Scientist,180000,USD,180000,US,0,US,M
2023,SE,FT,Data Scientist,137000,USD,137000,US,0,US,M
2023,SE,FT,Data Scientist,265000,USD,265000,US,100,US,M
2023,SE,FT,Data Scientist,172000,USD,172000,US,100,US,M
2023,MI,FT,Machine Learning Engineer,155810,USD,155810,US,0,US,M
2023,MI,FT,Machine Learning Engineer,106720,USD,106720,US,0,US,M
2023,EN,FT,Data Scientist,160800,USD,160800,GB,0,GB,M
2023,EN,FT,Data Scientist,132200,USD,132200,GB,0,GB,M
2023,SE,FT,Data Analyst,133000,USD,133000,US,100,US,M
2023,SE,FT,Data Analyst,113000,USD,113000,US,100,US,M
2023,SE,FT,Data Analyst,105000,USD,105000,US,0,US,M
2023,SE,FT,Data Analyst,75000,USD,75000,US,0,US,M
2023,SE,FT,Data Scientist,208400,USD,208400,US,100,US,M
2023,SE,FT,Data Scientist,139000,USD,139000,US,100,US,M
2023,SE,FT,Data Engineer,157550,USD,157550,US,0,US,M
2023,SE,FT,Data Engineer,104650,USD,104650,US,0,US,M
2023,SE,FT,Data Engineer,240500,USD,240500,US,0,US,L
2023,SE,FT,Data Engineer,123700,USD,123700,US,0,US,L
2023,SE,FT,Data Engineer,205600,USD,205600,US,0,US,L
2023,SE,FT,Data Engineer,105700,USD,105700,US,0,US,L
2023,SE,FT,Business Data Analyst,78000,USD,78000,US,100,US,L
2023,MI,FT,Data Engineer,121000,USD,121000,US,0,US,M
2023,MI,FT,Data Engineer,78000,USD,78000,US,0,US,M
2023,EN,FT,Data Scientist,85600,USD,85600,US,0,US,M
2023,EN,FT,Data Scientist,48915,USD,48915,US,0,US,M
2023,MI,FT,Data Analyst,78000,USD,78000,US,0,US,M
2023,MI,FT,Data Analyst,68000,USD,68000,US,0,US,M
2023,SE,FT,Research Analyst,49500,EUR,53444,ES,100,ES,M
2023,SE,FT,Research Analyst,41818,EUR,45150,ES,100,ES,M
2023,SE,FT,Data Scientist,275500,USD,275500,US,0,US,M
2023,SE,FT,Data Scientist,206000,USD,206000,US,0,US,M
2023,SE,FT,Business Intelligence Engineer,202800,USD,202800,US,0,US,L
2023,SE,FT,Business Intelligence Engineer,104300,USD,104300,US,0,US,L
2023,SE,FT,Research Analyst,52200,EUR,56359,IT,100,IT,M
2023,SE,FT,Research Analyst,44272,EUR,47799,IT,100,IT,M
2023,SE,FT,Data Engineer,154000,USD,154000,US,0,US,M
2023,SE,FT,Data Engineer,102000,USD,102000,US,0,US,M
2023,SE,FT,Data Modeler,140000,USD,140000,US,0,US,M
2023,SE,FT,Data Modeler,100000,USD,100000,US,0,US,M
2023,SE,FT,Data Strategist,91000,USD,91000,US,0,US,M
2023,SE,FT,Data Strategist,86000,USD,86000,US,0,US,M
2023,SE,FT,Data Scientist,228000,USD,228000,US,0,US,M
2023,SE,FT,Data Scientist,136000,USD,136000,US,0,US,M
2023,SE,FT,Data Analyst,180000,USD,180000,US,100,US,M
2023,SE,FT,Data Analyst,140000,USD,140000,US,100,US,M
2023,SE,FT,Data Scientist,175000,USD,175000,US,100,US,M
2023,SE,FT,Data Scientist,155000,USD,155000,US,100,US,M
2022,EN,FT,Research Engineer,15662,EUR,16455,RU,100,RU,M
2023,SE,FT,Data Analyst,207611,USD,207611,US,100,US,M
2023,SE,FT,Data Analyst,127876,USD,127876,US,100,US,M
2023,EN,FT,Data Analyst,111000,USD,111000,US,0,US,M
2023,EN,FT,Data Analyst,104000,USD,104000,US,0,US,M
2023,MI,FT,BI Developer,128000,USD,128000,US,0,US,M
2023,MI,FT,BI Developer,81500,USD,81500,US,0,US,M
2023,EN,FT,Data Analyst,50000,GBP,61520,GB,0,GB,M
2023,EN,FT,Data Analyst,35000,GBP,43064,GB,0,GB,M
2023,MI,FT,Data Analyst,97750,USD,97750,US,0,US,M
2023,MI,FT,Data Analyst,75000,USD,75000,US,0,US,M
2023,SE,FT,Machine Learning Engineer,238000,USD,238000,US,0,US,M
2023,SE,FT,Machine Learning Engineer,176000,USD,176000,US,0,US,M
2023,SE,FT,Data Analyst,192000,USD,192000,CA,0,CA,M
2023,SE,FT,Data Analyst,92000,USD,92000,CA,0,CA,M
2023,SE,FT,Data Engineer,195000,USD,195000,US,0,US,M
2023,SE,FT,Data Engineer,125000,USD,125000,US,0,US,M
2023,SE,FT,Decision Scientist,204500,USD,204500,US,0,US,M
2023,SE,FT,Decision Scientist,142200,USD,142200,US,0,US,M
2023,EN,FT,Data Analyst,132600,USD,132600,US,100,US,M
2023,EN,FT,Data Analyst,81500,USD,81500,US,100,US,M
2023,MI,FT,Data Engineer,202400,USD,202400,US,0,US,M
2023,MI,FT,Data Engineer,147200,USD,147200,US,0,US,M
2023,SE,FT,Data Analyst,175000,USD,175000,US,100,US,M
2023,SE,FT,Data Analyst,135000,USD,135000,US,100,US,M
2023,SE,FT,Machine Learning Engineer,238000,USD,238000,US,0,US,M
2023,SE,FT,Machine Learning Engineer,176000,USD,176000,US,0,US,M
2023,SE,FT,Data Scientist,239000,USD,239000,US,0,US,M
2023,SE,FT,Data Scientist,136000,USD,136000,US,0,US,M
2023,MI,FT,Data Analyst,54000,USD,54000,US,100,US,M
2023,MI,FT,Data Analyst,36000,USD,36000,US,100,US,M
2023,SE,FT,Data Scientist,176000,USD,176000,US,100,US,M
2023,SE,FT,Data Scientist,118720,USD,118720,US,100,US,M
2023,SE,FT,Data Scientist,204500,USD,204500,US,0,US,M
2023,SE,FT,Data Scientist,138900,USD,138900,US,0,US,M
2023,MI,FT,Data Engineer,140000,USD,140000,US,100,US,M
2023,MI,FT,Data Engineer,95000,USD,95000,US,100,US,M
2023,SE,FT,Research Engineer,240000,USD,240000,US,0,US,M
2023,SE,FT,Research Engineer,157000,USD,157000,US,0,US,M
2023,MI,FT,Data Engineer,165000,USD,165000,US,100,US,M
2023,MI,FT,Data Engineer,136000,USD,136000,US,100,US,M
2023,SE,FT,Applied Scientist,230000,USD,230000,US,100,US,M
2023,SE,FT,Applied Scientist,196000,USD,196000,US,100,US,M
2023,SE,FT,Data Scientist,272300,USD,272300,US,0,US,M
2023,SE,FT,Data Scientist,222800,USD,222800,US,0,US,M
2023,MI,FT,Data Engineer,167500,USD,167500,US,0,US,M
2023,MI,FT,Data Engineer,106500,USD,106500,US,0,US,M
2023,SE,FT,Data Manager,172750,USD,172750,US,100,US,M
2023,SE,FT,Data Manager,82500,USD,82500,US,100,US,M
2023,MI,FT,Business Intelligence Engineer,165600,USD,165600,US,0,US,L
2023,MI,FT,Business Intelligence Engineer,65800,USD,65800,US,0,US,L
2023,SE,FT,Applied Scientist,192000,USD,192000,US,100,US,M
2023,SE,FT,Applied Scientist,164000,USD,164000,US,100,US,M
2023,SE,FT,Data Manager,145000,USD,145000,US,0,US,M
2023,SE,FT,Data Manager,130000,USD,130000,US,0,US,M
2023,SE,FT,Machine Learning Engineer,226600,USD,226600,US,0,US,M
2023,SE,FT,Machine Learning Engineer,140100,USD,140100,US,0,US,M
2023,SE,FT,Data Scientist,185900,USD,185900,US,0,US,M
2023,SE,FT,Data Scientist,129300,USD,129300,US,0,US,M
2023,SE,FT,Machine Learning Engineer,331640,USD,331640,US,0,US,M
2023,SE,FT,Machine Learning Engineer,267720,USD,267720,US,0,US,M
2023,SE,FT,Data Scientist,281000,USD,281000,CA,0,CA,M
2023,SE,FT,Data Scientist,181000,USD,181000,CA,0,CA,M
2023,SE,FT,Analytics Engineer,207611,USD,207611,US,100,US,M
2023,SE,FT,Analytics Engineer,127876,USD,127876,US,100,US,M
2023,SE,FT,Research Engineer,225000,USD,225000,US,0,US,M
2023,SE,FT,Research Engineer,168000,USD,168000,US,0,US,M
2023,SE,FT,Data Engineer,280600,USD,280600,US,0,US,M
2023,SE,FT,Data Engineer,158600,USD,158600,US,0,US,M
2023,SE,FT,Machine Learning Engineer,200000,USD,200000,US,0,US,M
2023,SE,FT,Machine Learning Engineer,140000,USD,140000,US,0,US,M
2023,SE,FT,Machine Learning Engineer,283780,USD,283780,US,0,US,M
2023,SE,FT,Machine Learning Engineer,218540,USD,218540,US,0,US,M
2023,SE,FT,Data Engineer,178500,USD,178500,US,0,US,M
2023,SE,FT,Data Engineer,100000,USD,100000,US,0,US,M
2023,SE,FT,Data Scientist,323300,USD,323300,US,0,US,M
2023,SE,FT,Data Scientist,184700,USD,184700,US,0,US,M
2023,SE,FT,Research Scientist,248100,USD,248100,US,0,US,M
2023,SE,FT,Research Scientist,145900,USD,145900,US,0,US,M
2023,MI,FT,Data Analytics Lead,100000,GBP,123040,GB,0,GB,M
2023,MI,FT,Data Analytics Lead,85000,GBP,104584,GB,0,GB,M
2023,MI,FT,Research Scientist,185000,USD,185000,US,100,US,M
2023,MI,FT,Research Scientist,137700,USD,137700,US,100,US,M
2023,SE,FT,Research Scientist,205500,USD,205500,US,0,US,M
2023,SE,FT,Research Scientist,132500,USD,132500,US,0,US,M
2023,MI,FT,Data Operations Analyst,65100,USD,65100,US,100,US,M
2023,MI,FT,Data Operations Analyst,44640,USD,44640,US,100,US,M
2023,SE,FT,Data Engineer,181500,USD,181500,US,0,US,M
2023,SE,FT,Data Engineer,112200,USD,112200,US,0,US,M
2023,SE,FT,Machine Learning Engineer,192000,USD,192000,US,100,US,M
2023,SE,FT,Machine Learning Engineer,164000,USD,164000,US,100,US,M
2023,MI,FT,Data Analyst,161000,USD,161000,US,100,US,M
2023,MI,FT,Data Analyst,123000,USD,123000,US,100,US,M
2023,SE,FT,Data Engineer,247300,USD,247300,US,0,US,M
2023,SE,FT,Data Engineer,139700,USD,139700,US,0,US,M
2023,SE,FT,Data Analyst,145000,USD,145000,US,100,US,M
2023,SE,FT,Data Analyst,106000,USD,106000,US,100,US,M
2023,SE,FT,Data Engineer,200000,USD,200000,CA,100,CA,M
2023,SE,FT,Data Engineer,160000,USD,160000,CA,100,CA,M
2023,SE,FT,Machine Learning Engineer,204600,USD,204600,US,0,US,M
2023,SE,FT,Machine Learning Engineer,126500,USD,126500,US,0,US,M
2023,SE,FT,Data Scientist,278700,USD,278700,US,0,US,M
2023,SE,FT,Data Scientist,159300,USD,159300,US,0,US,M
2023,MI,FT,Data Scientist,180000,USD,180000,US,0,US,M
2023,MI,FT,Data Scientist,140000,USD,140000,US,0,US,M
2023,SE,FT,Machine Learning Engineer,238000,USD,238000,US,0,US,M
2023,SE,FT,Machine Learning Engineer,176000,USD,176000,US,0,US,M
2023,SE,FT,Data Operations Engineer,125000,USD,125000,US,0,US,M
2023,SE,FT,Data Operations Engineer,65000,USD,65000,US,0,US,M
2023,MI,FT,Data Scientist,230000,USD,230000,US,0,US,M
2023,MI,FT,Data Scientist,175000,USD,175000,US,0,US,M
2023,MI,FT,Data Engineer,130000,USD,130000,US,100,US,M
2023,MI,FT,Data Engineer,100000,USD,100000,US,100,US,M
2023,SE,FT,Applied Scientist,252990,USD,252990,US,100,US,M
2023,SE,FT,Applied Scientist,162170,USD,162170,US,100,US,M
2023,MI,FT,Data Engineer,183000,USD,183000,CA,100,CA,M
2023,MI,FT,Data Engineer,122000,USD,122000,CA,100,CA,M
2023,SE,FT,Machine Learning Engineer,253000,USD,253000,US,100,US,M
2023,SE,FT,Machine Learning Engineer,172040,USD,172040,US,100,US,M
2023,SE,FT,Data Scientist,310270,USD,310270,US,0,US,M
2023,SE,FT,Data Scientist,239080,USD,239080,US,0,US,M
2023,SE,FT,Data Analyst,85000,USD,85000,US,100,US,M
2023,SE,FT,Data Analyst,70000,USD,70000,US,100,US,M
2023,MI,FT,Data Engineer,135000,USD,135000,US,100,US,M
2023,MI,FT,Data Engineer,125000,USD,125000,US,100,US,M
2023,SE,FT,Applied Scientist,253000,USD,253000,US,100,US,M
2023,SE,FT,Applied Scientist,172040,USD,172040,US,100,US,M
2023,MI,FT,Data Engineer,135000,USD,135000,US,0,US,M
2023,MI,FT,Data Engineer,108000,USD,108000,US,0,US,M
2023,SE,FT,Data Engineer,225500,USD,225500,US,0,US,M
2023,SE,FT,Data Engineer,139400,USD,139400,US,0,US,M
2023,SE,FT,Machine Learning Manager,120000,EUR,129562,DE,100,US,L
2023,EN,FT,BI Data Analyst,50000,USD,50000,KE,100,KE,S
2023,SE,FT,AI Engineer,227850,USD,227850,US,100,US,M
2023,SE,FT,AI Engineer,180500,USD,180500,US,100,US,M
2023,MI,FT,Data Analyst,90000,USD,90000,US,0,US,M
2023,MI,FT,Data Analyst,70000,USD,70000,US,0,US,M
2023,SE,FT,Data Engineer,199000,USD,199000,US,100,US,M
2023,SE,FT,Data Engineer,159000,USD,159000,US,100,US,M
2023,SE,FT,Data Lead,350000,USD,350000,US,0,US,M
2023,SE,FT,Data Lead,80000,USD,80000,US,0,US,M
2023,SE,FT,Machine Learning Engineer,240000,USD,240000,GB,0,GB,M
2023,SE,FT,Machine Learning Engineer,160000,USD,160000,GB,0,GB,M
2023,SE,FT,Data Engineer,145000,USD,145000,US,0,US,M
2023,SE,FT,Data Engineer,115000,USD,115000,US,0,US,M
2023,MI,FT,Data Analyst,107500,USD,107500,US,0,US,M
2023,MI,FT,Data Analyst,96750,USD,96750,US,0,US,M
2023,SE,FT,Machine Learning Engineer,174000,USD,174000,US,0,US,M
2023,SE,FT,Machine Learning Engineer,104000,USD,104000,US,0,US,M
2023,SE,FT,Machine Learning Engineer,275300,USD,275300,US,100,US,M
2023,SE,FT,Machine Learning Engineer,183500,USD,183500,US,100,US,M
2023,SE,FT,Data Scientist,250000,USD,250000,US,0,US,M
2023,SE,FT,Data Scientist,225000,USD,225000,US,0,US,M
2023,SE,FT,Data Engineer,174350,USD,174350,US,0,US,M
2023,SE,FT,Data Engineer,126800,USD,126800,US,0,US,M
2023,SE,FT,Machine Learning Engineer,284050,USD,284050,US,0,US,M
2023,SE,FT,Machine Learning Engineer,193800,USD,193800,US,0,US,M
2023,SE,FT,Data Engineer,300000,USD,300000,US,0,US,M
2023,SE,FT,Data Engineer,200000,USD,200000,US,0,US,M
2023,SE,FT,Data Engineer,232989,USD,232989,US,100,US,M
2023,SE,FT,Data Engineer,140000,USD,140000,US,100,US,M
2023,EN,FT,BI Data Analyst,85000,USD,85000,CA,100,US,M
2023,SE,FT,Machine Learning Engineer,204500,USD,204500,US,0,US,M
2023,SE,FT,Machine Learning Engineer,142200,USD,142200,US,0,US,M
2023,SE,FT,Data Engineer,147100,USD,147100,US,0,US,M
2023,SE,FT,Data Engineer,90700,USD,90700,US,0,US,M
2023,SE,FT,Data Analyst,140000,USD,140000,US,100,US,M
2023,SE,FT,Data Analyst,95000,USD,95000,US,100,US,M
2023,SE,FT,Data Analyst,204500,USD,204500,US,0,US,M
2023,SE,FT,Data Analyst,138900,USD,138900,US,0,US,M
2023,SE,FT,Data Modeler,168400,USD,168400,US,0,US,M
2023,SE,FT,Data Modeler,105200,USD,105200,US,0,US,M
2023,SE,FT,Research Scientist,205500,USD,205500,US,0,US,M
2023,SE,FT,Research Scientist,132500,USD,132500,US,0,US,M
2023,SE,FT,Data Scientist,147100,USD,147100,US,0,US,M
2023,SE,FT,Data Scientist,90700,USD,90700,US,0,US,M
2023,SE,FT,Machine Learning Engineer,247500,USD,247500,US,0,US,M
2023,SE,FT,Machine Learning Engineer,172200,USD,172200,US,0,US,M
2023,SE,FT,Data Analyst,192000,USD,192000,US,100,US,M
2023,SE,FT,Data Analyst,138240,USD,138240,US,100,US,M
2023,SE,FT,Data Engineer,168400,USD,168400,US,0,US,M
2023,SE,FT,Data Engineer,105200,USD,105200,US,0,US,M
2023,SE,FT,Analytics Engineer,150550,USD,150550,US,100,US,M
2023,SE,FT,Analytics Engineer,116710,USD,116710,US,100,US,M
2023,SE,FT,Data Scientist,180000,USD,180000,US,0,US,M
2023,SE,FT,Data Scientist,162000,USD,162000,US,0,US,M
2023,SE,FT,Machine Learning Engineer,226600,USD,226600,US,0,US,M
2023,SE,FT,Machine Learning Engineer,140100,USD,140100,US,0,US,M
2023,SE,FT,Data Visualization Engineer,147100,USD,147100,US,0,US,M
2023,SE,FT,Data Visualization Engineer,90700,USD,90700,US,0,US,M
2023,SE,FT,Research Scientist,175000,USD,175000,US,0,US,M
2023,SE,FT,Research Scientist,120000,USD,120000,US,0,US,M
2023,SE,FT,Data Architect,147100,USD,147100,US,0,US,M
2023,SE,FT,Data Architect,90700,USD,90700,US,0,US,M
2023,SE,FT,Data Modeler,168400,USD,168400,US,0,US,M
2023,SE,FT,Data Modeler,105200,USD,105200,US,0,US,M
2023,SE,FT,Analytics Engineer,125000,USD,125000,US,100,US,M
2023,SE,FT,Analytics Engineer,100000,USD,100000,US,100,US,M
2023,SE,FT,Research Scientist,198800,USD,198800,US,0,US,M
2023,SE,FT,Research Scientist,105200,USD,105200,US,0,US,M
2023,MI,FT,Data Manager,115500,USD,115500,US,0,US,M
2023,MI,FT,Data Manager,73500,USD,73500,US,0,US,M
2023,SE,FT,Data Engineer,150600,USD,150600,GB,100,GB,M
2023,SE,FT,Data Engineer,120500,USD,120500,GB,100,GB,M
2023,SE,FT,Data Engineer,183000,USD,183000,US,0,US,M
2023,SE,FT,Data Engineer,140000,USD,140000,US,0,US,M
2023,EX,FT,Business Intelligence Developer,167500,USD,167500,US,0,US,M
2023,EX,FT,Business Intelligence Developer,106500,USD,106500,US,0,US,M
2023,SE,FT,Analytics Engineer,175000,USD,175000,US,100,US,M
2023,SE,FT,Analytics Engineer,125000,USD,125000,US,100,US,M
2023,SE,FT,Machine Learning Engineer,239000,USD,239000,CA,100,CA,M
2023,SE,FT,Machine Learning Engineer,149000,USD,149000,CA,100,CA,M
2023,MI,FT,BI Developer,128000,USD,128000,US,0,US,M
2023,MI,FT,BI Developer,81500,USD,81500,US,0,US,M
2023,SE,FT,Data Scientist,185000,USD,185000,US,0,US,M
2023,SE,FT,Data Scientist,122000,USD,122000,US,0,US,M
2023,SE,FT,Business Intelligence Engineer,202800,USD,202800,US,0,US,L
2023,SE,FT,Business Intelligence Engineer,104300,USD,104300,US,0,US,L
2023,MI,FT,Data Engineer,181500,USD,181500,US,0,US,M
2023,MI,FT,Data Engineer,127000,USD,127000,US,0,US,M
2023,MI,FT,Data Specialist,186000,USD,186000,US,0,US,M
2023,MI,FT,Data Specialist,138000,USD,138000,US,0,US,M
2023,MI,FT,Data Scientist,185000,USD,185000,US,0,US,M
2023,MI,FT,Data Scientist,122000,USD,122000,US,0,US,M
2023,SE,FT,Research Engineer,196000,USD,196000,US,0,US,M
2023,SE,FT,Research Engineer,142600,USD,142600,US,0,US,M
2023,SE,FT,Data Scientist,205000,USD,205000,US,100,US,M
2023,SE,FT,Data Scientist,150000,USD,150000,US,100,US,M
2023,SE,FT,Business Intelligence Analyst,140000,USD,140000,CA,0,CA,M
2023,SE,FT,Business Intelligence Analyst,112000,USD,112000,CA,0,CA,M
2023,SE,FT,Data Analyst,139000,USD,139000,US,0,US,M
2023,SE,FT,Data Analyst,85700,USD,85700,US,0,US,M
2023,SE,FT,Data Integration Specialist,3000000,INR,36483,IN,50,IN,L
2023,SE,FT,Lead Data Scientist,36000,USD,36000,RU,100,RU,L
2023,SE,FT,Data Engineer,130000,USD,130000,US,0,US,M
2023,SE,FT,Data Engineer,91270,USD,91270,US,0,US,M
2023,SE,FT,Data Scientist,226600,USD,226600,US,0,US,M
2023,SE,FT,Data Scientist,140100,USD,140100,US,0,US,M
2023,SE,FT,Business Intelligence Engineer,225000,USD,225000,US,0,US,M
2023,SE,FT,Business Intelligence Engineer,156400,USD,156400,US,0,US,M
2023,MI,FT,Applied Scientist,222200,USD,222200,US,0,US,L
2023,MI,FT,Applied Scientist,136000,USD,136000,US,0,US,L
2023,SE,FT,Data Architect,180000,USD,180000,US,0,US,M
2023,SE,FT,Data Architect,165000,USD,165000,US,0,US,M
2023,EX,FT,Data Scientist,247000,USD,247000,US,100,US,M
2023,EX,FT,Data Scientist,118440,USD,118440,US,100,US,M
2023,SE,FT,Data Manager,145000,USD,145000,US,0,US,M
2023,SE,FT,Data Manager,130000,USD,130000,US,0,US,M
2023,MI,FT,Data Scientist,204500,USD,204500,US,0,US,M
2023,MI,FT,Data Scientist,138900,USD,138900,US,0,US,M
2023,SE,FT,Machine Learning Engineer,297300,USD,297300,US,100,US,M
2023,SE,FT,Machine Learning Engineer,198200,USD,198200,US,100,US,M
2023,MI,FT,Data Scientist,172200,USD,172200,US,100,US,M
2023,MI,FT,Data Scientist,131200,USD,131200,US,100,US,M
2023,MI,FT,Data Scientist,90000,GBP,110736,GB,100,GB,M
2023,MI,FT,Data Scientist,70000,GBP,86128,GB,100,GB,M
2023,SE,FT,Business Intelligence Engineer,204500,USD,204500,US,100,US,M
2023,SE,FT,Business Intelligence Engineer,138900,USD,138900,US,100,US,M
2023,MI,FT,Data Specialist,87500,USD,87500,US,100,US,M
2023,MI,FT,Data Specialist,62500,USD,62500,US,100,US,M
2023,SE,FT,Data Scientist,244000,USD,244000,CA,0,CA,M
2023,SE,FT,Data Scientist,157000,USD,157000,CA,0,CA,M
2023,SE,FT,Data Engineer,157550,USD,157550,US,0,US,M
2023,SE,FT,Data Engineer,104650,USD,104650,US,0,US,M
2023,SE,FT,Research Scientist,136000,USD,136000,US,100,US,M
2023,SE,FT,Research Scientist,90600,USD,90600,US,100,US,M
2023,EN,FT,Data Engineer,40000,GBP,49216,GB,100,GB,M
2023,EN,FT,Data Engineer,35000,GBP,43064,GB,100,GB,M
2023,SE,FT,Principal Machine Learning Engineer,160000,USD,160000,IN,100,IN,L
2023,SE,FT,Principal Data Engineer,85000,EUR,91773,ES,100,ES,M
2023,SE,FT,Data Analyst,120350,USD,120350,US,100,US,M
2023,SE,FT,Data Analyst,74400,USD,74400,US,100,US,M
2023,SE,FT,Data Scientist,281000,USD,281000,CA,0,CA,M
2023,SE,FT,Data Scientist,181000,USD,181000,CA,0,CA,M
2023,SE,FT,Data Engineer,280600,USD,280600,US,0,US,M
2023,SE,FT,Data Engineer,158600,USD,158600,US,0,US,M
2023,SE,FT,Machine Learning Engineer,315300,USD,315300,US,100,US,M
2023,SE,FT,Machine Learning Engineer,210200,USD,210200,US,100,US,M
2023,MI,FT,Data Analytics Manager,177000,USD,177000,US,0,US,M
2023,MI,FT,Data Analytics Manager,110000,USD,110000,US,0,US,M
2023,SE,FT,Business Intelligence Engineer,185000,USD,185000,US,0,US,L
2023,SE,FT,Business Intelligence Engineer,79600,USD,79600,US,0,US,L
2023,MI,FT,Data Analyst,65000,USD,65000,US,100,US,M
2023,MI,FT,Data Analyst,55000,USD,55000,US,100,US,M
2023,SE,FT,Data Scientist,250000,USD,250000,US,0,US,M
2023,SE,FT,Data Scientist,160000,USD,160000,US,0,US,M
2023,MI,FT,Data Scientist,183200,USD,183200,US,0,US,M
2023,MI,FT,Data Scientist,122200,USD,122200,US,0,US,M
2023,SE,FT,Data Analyst,100000,USD,100000,US,0,US,M
2023,SE,FT,Data Analyst,75000,USD,75000,US,0,US,M
2023,SE,FT,Data Analyst,185000,USD,185000,US,0,US,M
2023,SE,FT,Data Analyst,145000,USD,145000,US,0,US,M
2023,MI,FT,AI Research Engineer,150000,USD,150000,TN,100,US,M
2023,SE,FT,Data Scientist,131000,USD,131000,US,100,US,M
2023,SE,FT,Data Scientist,101000,USD,101000,US,100,US,M
2023,SE,FT,Data Engineer,170000,USD,170000,US,0,US,M
2023,SE,FT,Data Engineer,130000,USD,130000,US,0,US,M
2023,SE,FT,Business Intelligence Analyst,171050,USD,171050,US,100,US,M
2023,SE,FT,Business Intelligence Analyst,124400,USD,124400,US,100,US,M
2023,SE,FT,BI Developer,135000,USD,135000,US,100,US,M
2023,SE,FT,BI Developer,110000,USD,110000,US,100,US,M
2023,SE,FT,Data Scientist,187000,USD,187000,US,100,US,M
2023,SE,FT,Data Scientist,128000,USD,128000,US,100,US,M
2023,MI,FT,Data Analytics Manager,177000,USD,177000,US,0,US,M
2023,MI,FT,Data Analytics Manager,110000,USD,110000,US,0,US,M
2023,SE,FT,Data Analyst,138000,USD,138000,US,0,US,M
2023,SE,FT,Data Analyst,92000,USD,92000,US,0,US,M
2023,EX,FT,Data Engineer,200000,USD,200000,US,0,US,M
2023,EX,FT,Data Engineer,160000,USD,160000,US,0,US,M
2023,SE,FT,Data Architect,138000,USD,138000,GB,100,GB,M
2023,SE,FT,Data Architect,92000,USD,92000,GB,100,GB,M
2023,SE,FT,Data Scientist,140000,USD,140000,US,100,US,M
2023,SE,FT,Data Scientist,120000,USD,120000,US,100,US,M
2023,SE,FT,Business Intelligence Engineer,241300,USD,241300,US,0,US,L
2023,SE,FT,Business Intelligence Engineer,124100,USD,124100,US,0,US,L
2023,SE,FT,Data Scientist,185000,USD,185000,US,100,US,M
2023,SE,FT,Data Scientist,152000,USD,152000,US,100,US,M
2023,SE,FT,Data Analyst,138000,USD,138000,US,0,US,M
2023,SE,FT,Data Analyst,92000,USD,92000,US,0,US,M
2023,SE,FT,Data Engineer,288000,USD,288000,US,100,US,M
2023,SE,FT,Data Engineer,160000,USD,160000,US,100,US,M
2023,SE,FT,Data Analyst,93918,USD,93918,US,0,US,M
2023,SE,FT,Data Analyst,51962,USD,51962,US,0,US,M
2023,SE,FT,Data Engineer,100000,EUR,107968,DE,100,DE,M
2023,SE,FT,Data Engineer,83913,EUR,90599,DE,100,DE,M
2023,SE,FT,Data Scientist,189750,USD,189750,US,0,US,M
2023,SE,FT,Data Scientist,145000,USD,145000,US,0,US,M
2023,SE,FT,Data Engineer,225500,USD,225500,US,0,US,M
2023,SE,FT,Data Engineer,139400,USD,139400,US,0,US,M
2023,SE,FT,Data Analyst,130000,USD,130000,US,100,US,M
2023,SE,FT,Data Analyst,95000,USD,95000,US,100,US,M
2023,SE,FT,Data Scientist,359170,USD,359170,US,0,US,M
2023,SE,FT,Data Scientist,310270,USD,310270,US,0,US,M
2023,SE,FT,Data Engineer,252000,USD,252000,US,100,US,M
2023,SE,FT,Data Engineer,140000,USD,140000,US,100,US,M
2023,MI,FT,Data Scientist,111024,CAD,82254,CA,100,CA,L
2023,MI,FT,Data Scientist,83280,CAD,61699,CA,100,CA,L
2023,EX,FT,Business Intelligence Engineer,247500,USD,247500,US,0,US,M
2023,EX,FT,Business Intelligence Engineer,172200,USD,172200,US,0,US,M
2023,MI,FT,Business Intelligence Analyst,87500,USD,87500,US,100,US,M
2023,MI,FT,Business Intelligence Analyst,62500,USD,62500,US,100,US,M
2023,SE,FT,Analytics Engineer,146000,USD,146000,CA,100,CA,M
2023,SE,FT,Analytics Engineer,108000,USD,108000,CA,100,CA,M
2023,SE,FT,Decision Scientist,204500,USD,204500,US,0,US,M
2023,SE,FT,Decision Scientist,142200,USD,142200,US,0,US,M
2023,SE,FT,Data Analyst,138000,USD,138000,US,0,US,M
2023,SE,FT,Data Analyst,92000,USD,92000,US,0,US,M
2023,SE,FT,Research Engineer,273000,USD,273000,US,0,US,M
2023,SE,FT,Research Engineer,166500,USD,166500,US,0,US,M
2023,EN,FT,Research Analyst,65000,USD,65000,US,0,US,M
2023,EN,FT,Research Analyst,45000,USD,45000,US,0,US,M
2023,SE,FT,Data Engineer,180000,USD,180000,US,100,US,M
2023,SE,FT,Data Engineer,150000,USD,150000,US,100,US,M
2023,SE,FT,Data Scientist,174000,USD,174000,US,0,US,M
2023,SE,FT,Data Scientist,139000,USD,139000,US,0,US,M
2023,SE,FT,Research Scientist,212800,USD,212800,US,0,US,L
2023,SE,FT,Research Scientist,124100,USD,124100,US,0,US,L
2023,SE,FT,Machine Learning Engineer,247500,USD,247500,US,0,US,M
2023,SE,FT,Machine Learning Engineer,172200,USD,172200,US,0,US,M
2023,SE,FT,Data Scientist,189750,USD,189750,CA,100,CA,M
2023,SE,FT,Data Scientist,119213,USD,119213,CA,100,CA,M
2023,SE,FT,Analytics Engineer,190000,USD,190000,CA,100,CA,M
2023,SE,FT,Analytics Engineer,140000,USD,140000,CA,100,CA,M
2023,SE,FT,Machine Learning Engineer,228830,USD,228830,US,0,US,M
2023,SE,FT,Machine Learning Engineer,148590,USD,148590,US,0,US,M
2023,MI,FT,AI Developer,140000,USD,140000,US,100,US,S
2023,SE,FT,Machine Learning Scientist,180514,USD,180514,GB,100,GB,M
2023,SE,FT,Machine Learning Scientist,108308,USD,108308,GB,100,GB,M
2023,SE,FT,Machine Learning Scientist,220000,USD,220000,US,0,US,M
2023,SE,FT,Machine Learning Scientist,170000,USD,170000,US,0,US,M
2023,SE,FT,Business Intelligence Analyst,169000,USD,169000,US,0,US,M
2023,SE,FT,Business Intelligence Analyst,110600,USD,110600,US,0,US,M
2023,SE,FT,Data Engineer,180514,USD,180514,GB,100,GB,M
2023,SE,FT,Data Engineer,108308,USD,108308,GB,100,GB,M
2023,SE,FT,Data Engineer,247300,USD,247300,US,100,US,M
2023,SE,FT,Data Engineer,139700,USD,139700,US,100,US,M
2023,SE,FT,Data Engineer,72000,EUR,77737,ES,100,ES,M
2023,SE,FT,Data Engineer,59565,EUR,64311,ES,100,ES,M
2023,SE,FT,Research Scientist,205500,USD,205500,US,0,US,M
2023,SE,FT,Research Scientist,132500,USD,132500,US,0,US,M
2023,MI,FT,Data Analyst,75000,USD,75000,US,100,US,M
2023,MI,FT,Data Analyst,65000,USD,65000,US,100,US,M
2023,SE,FT,Data Engineer,121000,USD,121000,US,0,US,M
2023,SE,FT,Data Engineer,78000,USD,78000,US,0,US,M
2023,SE,FT,Data Engineer,160000,USD,160000,US,0,US,M
2023,SE,FT,Data Engineer,145000,USD,145000,US,0,US,M
2023,SE,FT,Data Engineer,70000,EUR,75577,IT,100,IT,M
2023,SE,FT,Data Engineer,57826,EUR,62433,IT,100,IT,M
2023,SE,FT,Data Scientist,238000,USD,238000,CA,100,CA,M
2023,SE,FT,Data Scientist,156000,USD,156000,CA,100,CA,M
2023,SE,FT,Data Analyst,204500,USD,204500,US,0,US,M
2023,SE,FT,Data Analyst,138900,USD,138900,US,0,US,M
2023,SE,FT,Machine Learning Engineer,204500,USD,204500,US,100,US,M
2023,SE,FT,Machine Learning Engineer,142200,USD,142200,US,100,US,M
2023,SE,FT,Data Engineer,160000,USD,160000,US,0,US,M
2023,SE,FT,Data Engineer,120000,USD,120000,US,0,US,M
2023,SE,FT,Data Engineer,254000,USD,254000,US,0,US,M
2023,SE,FT,Data Engineer,200000,USD,200000,US,0,US,M
2023,SE,FT,Data Scientist,228000,USD,228000,US,0,US,M
2023,SE,FT,Data Scientist,136000,USD,136000,US,0,US,M
2023,SE,FT,Data Scientist,233300,USD,233300,US,0,US,M
2023,SE,FT,Data Scientist,155500,USD,155500,US,0,US,M
2023,MI,FT,Power BI Developer,60000,EUR,64781,PL,100,DK,L
2023,SE,FT,Data Analyst,94000,USD,94000,US,0,US,M
2023,SE,FT,Data Analyst,81900,USD,81900,US,0,US,M
2023,SE,FT,Data Engineer,190000,USD,190000,US,0,US,M
2023,SE,FT,Data Engineer,140000,USD,140000,US,0,US,M
2023,SE,FT,Data Engineer,199000,USD,199000,GB,0,GB,M
2023,SE,FT,Data Engineer,162000,USD,162000,GB,0,GB,M
2023,SE,FT,Data Analyst,75000,GBP,92280,GB,0,GB,M
2023,SE,FT,Data Analyst,55000,GBP,67672,GB,0,GB,M
2023,SE,FT,Data Engineer,208000,USD,208000,US,100,US,M
2023,SE,FT,Data Engineer,109500,USD,109500,US,100,US,M
2023,SE,FT,Data Operations Engineer,240000,USD,240000,US,0,US,M
2023,SE,FT,Data Operations Engineer,238530,USD,238530,US,0,US,M
2023,SE,FT,Data Quality Analyst,95000,USD,95000,US,0,US,M
2023,SE,FT,Data Quality Analyst,82000,USD,82000,US,0,US,M
2023,EX,FT,Data Analyst,80000,USD,80000,US,0,US,M
2023,EX,FT,Data Analyst,70000,USD,70000,US,0,US,M
2023,SE,FT,Business Intelligence Engineer,155000,USD,155000,US,100,US,M
2023,SE,FT,Business Intelligence Engineer,130000,USD,130000,US,100,US,M
2023,SE,FT,Data Analyst,169000,USD,169000,US,0,US,M
2023,SE,FT,Data Analyst,110600,USD,110600,US,0,US,M
2023,SE,FT,Data Scientist,190000,USD,190000,US,0,US,M
2023,SE,FT,Data Scientist,150000,USD,150000,US,0,US,M
2023,SE,FT,Data Scientist,154700,USD,154700,US,0,US,M
2023,SE,FT,Data Scientist,118900,USD,118900,US,0,US,M
2023,SE,FT,Data Engineer,232960,USD,232960,US,0,US,M
2023,SE,FT,Data Engineer,166400,USD,166400,US,0,US,M
2023,MI,FT,Data Scientist,156000,USD,156000,US,0,US,M
2023,MI,FT,Data Scientist,105000,USD,105000,US,0,US,M
2023,SE,FT,Machine Learning Engineer,193000,USD,193000,CA,100,CA,M
2023,SE,FT,Machine Learning Engineer,143000,USD,143000,CA,100,CA,M
2023,SE,FT,Data Engineer,190000,USD,190000,US,0,US,M
2023,SE,FT,Data Engineer,140000,USD,140000,US,0,US,M
2023,SE,FT,Data Analyst,138860,USD,138860,US,0,US,M
2023,SE,FT,Data Analyst,119610,USD,119610,US,0,US,M
2023,SE,FT,Data Scientist,205485,USD,205485,US,0,US,M
2023,SE,FT,Data Scientist,156560,USD,156560,US,0,US,M
2023,MI,FT,Data Scientist,230000,USD,230000,US,0,US,M
2023,MI,FT,Data Scientist,175000,USD,175000,US,0,US,M
2023,SE,FT,Machine Learning Engineer,210600,USD,210600,GB,100,GB,M
2023,SE,FT,Machine Learning Engineer,135000,USD,135000,GB,100,GB,M
2023,SE,FT,Data Scientist,265000,USD,265000,US,100,US,M
2023,SE,FT,Data Scientist,153000,USD,153000,US,100,US,M
2023,SE,FT,Analytics Engineer,260000,USD,260000,US,0,US,M
2023,SE,FT,Analytics Engineer,170000,USD,170000,US,0,US,M
2023,MI,FT,Data Engineer,105000,USD,105000,US,0,US,M
2023,MI,FT,Data Engineer,65000,USD,65000,US,0,US,M
2023,SE,FT,Data Engineer,157550,USD,157550,US,0,US,M
2023,SE,FT,Data Engineer,104650,USD,104650,US,0,US,M
2023,SE,FT,Business Intelligence Engineer,225000,USD,225000,US,0,US,M
2023,SE,FT,Business Intelligence Engineer,156400,USD,156400,US,0,US,M
2023,SE,FT,Data Analyst,150000,USD,150000,US,100,US,M
2023,SE,FT,Data Analyst,125000,USD,125000,US,100,US,M
2023,MI,FT,Data Scientist,135000,USD,135000,GB,100,GB,M
2023,MI,FT,Data Scientist,100000,USD,100000,GB,100,GB,M
2023,MI,FT,Data Analyst,100000,USD,100000,US,100,US,M
2023,MI,FT,Data Analyst,59000,USD,59000,US,100,US,M
2023,MI,FT,Data Scientist,57000,GBP,70132,GB,0,GB,M
2023,MI,FT,Data Scientist,42000,GBP,51676,GB,0,GB,M
2023,SE,FT,Data Scientist,75000,GBP,92280,GB,100,GB,M
2023,SE,FT,Data Scientist,65000,GBP,79976,GB,100,GB,M
2022,MI,FT,Business Intelligence Developer,15000,USD,15000,GH,100,GH,M
2023,SE,FT,Applied Data Scientist,60000,EUR,64781,DE,0,DE,L
2023,SE,FT,Data Scientist,225000,USD,225000,US,0,US,M
2023,SE,FT,Data Scientist,156400,USD,156400,US,0,US,M
2023,SE,FT,Data Analyst,144100,USD,144100,US,100,US,M
2023,SE,FT,Data Analyst,89100,USD,89100,US,100,US,M
2023,SE,FT,Data Engineer,185900,USD,185900,US,0,US,M
2023,SE,FT,Data Engineer,129300,USD,129300,US,0,US,M
2023,MI,FT,Data Analytics Manager,177000,USD,177000,US,0,US,M
2023,MI,FT,Data Analytics Manager,110000,USD,110000,US,0,US,M
2023,SE,FT,Research Engineer,140000,USD,140000,US,0,US,M
2023,SE,FT,Research Engineer,100000,USD,100000,US,0,US,M
2023,MI,FT,Data Scientist,145000,USD,145000,US,100,US,M
2023,MI,FT,Data Scientist,115000,USD,115000,US,100,US,M
2023,SE,FT,Data Engineer,193600,USD,193600,US,0,US,M
2023,SE,FT,Data Engineer,119700,USD,119700,US,0,US,M
2023,SE,FT,Data Analyst,94000,USD,94000,US,100,US,M
2023,SE,FT,Data Analyst,81900,USD,81900,US,100,US,M
2023,SE,FT,Data Scientist,164000,USD,164000,US,100,US,M
2023,SE,FT,Data Scientist,130000,USD,130000,US,100,US,M
2023,SE,FT,Data Engineer,190000,USD,190000,US,0,US,M
2023,SE,FT,Data Engineer,140000,USD,140000,US,0,US,M
2023,EX,FT,Data Scientist,122000,EUR,131721,NL,50,NL,L
2023,SE,FT,Data Scientist,323300,USD,323300,US,0,US,M
2023,SE,FT,Data Scientist,184700,USD,184700,US,0,US,M
2023,MI,FT,Machine Learning Engineer,180000,USD,180000,US,0,US,M
2023,MI,FT,Machine Learning Engineer,120000,USD,120000,US,0,US,M
2023,SE,FT,Data Analyst,93918,USD,93918,US,0,US,M
2023,SE,FT,Data Analyst,51962,USD,51962,US,0,US,M
2023,SE,FT,Data Scientist,150000,USD,150000,US,100,US,M
2023,SE,FT,Data Scientist,130000,USD,130000,US,100,US,M
2023,SE,FT,Data Engineer,242000,USD,242000,CA,0,CA,M
2023,SE,FT,Data Engineer,134000,USD,134000,CA,0,CA,M
2023,SE,FT,Data Strategist,104000,USD,104000,US,0,US,M
2023,SE,FT,Data Strategist,86000,USD,86000,US,0,US,M
2023,SE,FT,Machine Learning Engineer,258800,USD,258800,GB,0,GB,M
2023,SE,FT,Machine Learning Engineer,199200,USD,199200,GB,0,GB,M
2023,SE,FT,Data Scientist,201000,USD,201000,US,0,US,M
2023,SE,FT,Data Scientist,122000,USD,122000,US,0,US,M
2023,MI,FT,Data Analyst,110000,USD,110000,US,100,US,M
2023,MI,FT,Data Analyst,90000,USD,90000,US,100,US,M
2023,SE,FT,Research Engineer,141100,USD,141100,US,0,US,M
2023,SE,FT,Research Engineer,94100,USD,94100,US,0,US,M
2023,SE,FT,Data Engineer,210000,USD,210000,US,100,US,M
2023,SE,FT,Data Engineer,165000,USD,165000,US,100,US,M
2023,SE,FT,Data Engineer,185900,USD,185900,US,0,US,M
2023,SE,FT,Data Engineer,129300,USD,129300,US,0,US,M
2023,SE,FT,Data Scientist,140000,USD,140000,US,0,US,M
2023,SE,FT,Data Scientist,126000,USD,126000,US,0,US,M
2023,SE,FT,Data Scientist,170000,USD,170000,US,100,US,M
2023,SE,FT,Data Scientist,130000,USD,130000,US,100,US,M
2023,MI,FT,Data Engineer,85000,GBP,104584,GB,100,GB,M
2023,MI,FT,Data Engineer,75000,GBP,92280,GB,100,GB,M
2023,SE,FT,Analytics Engineer,208500,USD,208500,US,0,US,M
2023,SE,FT,Analytics Engineer,165000,USD,165000,US,0,US,M
2023,SE,FT,Data Engineer,72000,EUR,77737,DE,50,DE,L
2023,SE,FT,Data Engineer,80000,EUR,86374,DE,100,SE,L
2023,SE,FT,Business Intelligence Developer,169000,USD,169000,US,0,US,M
2023,SE,FT,Business Intelligence Developer,110600,USD,110600,US,0,US,M
2023,SE,FT,Data Scientist,185900,USD,185900,US,0,US,M
2023,SE,FT,Data Scientist,129300,USD,129300,US,0,US,M
2023,SE,FT,Data Scientist,225000,USD,225000,US,0,US,M
2023,SE,FT,Data Scientist,156400,USD,156400,US,0,US,M
2023,SE,FT,Machine Learning Engineer,309000,USD,309000,US,0,US,M
2023,SE,FT,Machine Learning Engineer,142000,USD,142000,US,0,US,M
2023,SE,FT,Data Scientist,225000,USD,225000,US,100,US,M
2023,SE,FT,Data Scientist,156400,USD,156400,US,100,US,M
2023,SE,FT,Data Analyst,204500,USD,204500,US,0,US,M
2023,SE,FT,Data Analyst,138900,USD,138900,US,0,US,M
2023,SE,FT,Data Scientist,185900,USD,185900,US,0,US,M
2023,SE,FT,Data Scientist,129300,USD,129300,US,0,US,M
2023,SE,FT,Machine Learning Engineer,323300,USD,323300,US,0,US,M
2023,SE,FT,Machine Learning Engineer,184700,USD,184700,US,0,US,M
2023,SE,FT,Machine Learning Engineer,247500,USD,247500,US,0,US,M
2023,SE,FT,Machine Learning Engineer,172200,USD,172200,US,0,US,M
2023,SE,FT,Decision Scientist,204500,USD,204500,US,0,US,M
2023,SE,FT,Decision Scientist,142200,USD,142200,US,0,US,M
2023,MI,FT,Machine Learning Software Engineer,2000000,INR,24322,IN,50,IN,L
2023,SE,FT,BI Developer,135000,USD,135000,US,100,US,M
2023,SE,FT,BI Developer,110000,USD,110000,US,100,US,M
2023,SE,FT,Machine Learning Scientist,180514,USD,180514,GB,100,GB,M
2023,SE,FT,Machine Learning Scientist,108308,USD,108308,GB,100,GB,M
2023,SE,FT,BI Analyst,118800,USD,118800,US,100,US,M
2023,SE,FT,BI Analyst,75000,USD,75000,US,100,US,M
2023,SE,FT,Data Manager,145000,USD,145000,US,0,US,M
2023,SE,FT,Data Manager,130000,USD,130000,US,0,US,M
2023,SE,FT,Data Engineer,180514,USD,180514,GB,100,GB,M
2023,SE,FT,Data Engineer,108308,USD,108308,GB,100,GB,M
2023,SE,FT,Machine Learning Engineer,193600,USD,193600,US,0,US,M
2023,SE,FT,Machine Learning Engineer,119700,USD,119700,US,0,US,M
2023,SE,FT,BI Analyst,130800,USD,130800,US,100,US,M
2023,SE,FT,BI Analyst,87200,USD,87200,US,100,US,M
2023,SE,FT,Data Engineer,215000,USD,215000,US,100,US,M
2023,SE,FT,Data Engineer,150000,USD,150000,US,100,US,M
2023,EX,FT,Business Intelligence Engineer,247500,USD,247500,US,0,US,M
2023,EX,FT,Business Intelligence Engineer,172200,USD,172200,US,0,US,M
2023,MI,FT,Data Scientist,50000,GBP,61520,GB,100,GB,M
2023,MI,FT,Data Scientist,40000,GBP,49216,GB,100,GB,M
2023,SE,FT,Machine Learning Engineer,204500,USD,204500,US,0,US,M
2023,SE,FT,Machine Learning Engineer,142200,USD,142200,US,0,US,M
2023,SE,FT,Data Analyst,169000,USD,169000,US,0,US,M
2023,SE,FT,Data Analyst,110600,USD,110600,US,0,US,M
2023,SE,FT,Machine Learning Engineer,204500,USD,204500,US,0,US,M
2023,SE,FT,Machine Learning Engineer,142200,USD,142200,US,0,US,M
2023,SE,FT,Machine Learning Engineer,238000,USD,238000,US,100,US,M
2023,SE,FT,Machine Learning Engineer,173000,USD,173000,US,100,US,M
2023,SE,FT,Business Intelligence Engineer,225000,USD,225000,US,0,US,M
2023,SE,FT,Business Intelligence Engineer,156400,USD,156400,US,0,US,M
2023,SE,FT,Machine Learning Engineer,204500,USD,204500,US,0,US,M
2023,SE,FT,Machine Learning Engineer,142200,USD,142200,US,0,US,M
2023,SE,FT,Data Scientist,225000,USD,225000,US,0,US,M
2023,SE,FT,Data Scientist,156400,USD,156400,US,0,US,M
2023,SE,FT,Data Scientist,185900,USD,185900,US,0,US,M
2023,SE,FT,Data Scientist,129300,USD,129300,US,0,US,M
2023,EX,FT,Data Engineer,205785,USD,205785,GB,100,GB,M
2023,EX,FT,Data Engineer,123471,USD,123471,GB,100,GB,M
2023,SE,FT,Data Scientist,299500,USD,299500,US,0,US,M
2023,SE,FT,Data Scientist,245100,USD,245100,US,0,US,M
2023,SE,FT,Data Scientist,153600,USD,153600,US,0,US,M
2023,SE,FT,Data Scientist,106800,USD,106800,US,0,US,M
2023,EN,FT,AI Programmer,40000,USD,40000,KR,0,KR,S
2023,SE,FT,Data Scientist,66000,EUR,71259,ES,100,ES,M
2023,MI,FT,Data Scientist,125000,USD,125000,US,0,US,M
2023,MI,FT,Data Scientist,90000,USD,90000,US,0,US,M
2023,SE,FT,Machine Learning Engineer,290000,USD,290000,US,100,US,M
2023,SE,FT,Machine Learning Engineer,226000,USD,226000,US,100,US,M
2023,SE,FT,Applied Scientist,222200,USD,222200,US,0,US,L
2023,SE,FT,Applied Scientist,136000,USD,136000,US,0,US,L
2023,SE,FT,Data Scientist,161000,USD,161000,US,100,US,M
2023,SE,FT,Data Scientist,151000,USD,151000,US,100,US,M
2023,SE,FT,Data Analyst,49200,EUR,53120,EE,0,EE,M
2023,SE,FT,Data Analyst,36000,EUR,38868,EE,0,EE,M
2023,SE,FT,Data Engineer,136994,USD,136994,US,100,US,M
2023,SE,FT,Data Engineer,101570,USD,101570,US,100,US,M
2023,SE,FT,Data Scientist,214500,USD,214500,US,0,US,M
2023,SE,FT,Data Scientist,150000,USD,150000,US,0,US,M
2023,SE,FT,Analytics Engineer,150000,USD,150000,US,100,US,M
2023,SE,FT,Analytics Engineer,120000,USD,120000,US,100,US,M
2023,SE,FT,Data Engineer,278300,USD,278300,US,0,US,M
2023,SE,FT,Data Engineer,205700,USD,205700,US,0,US,M
2023,SE,FT,Applied Scientist,185900,USD,185900,US,0,US,M
2023,SE,FT,Applied Scientist,167310,USD,167310,US,0,US,M
2023,MI,FT,Data Engineer,114000,USD,114000,US,100,US,M
2023,MI,FT,Data Engineer,100000,USD,100000,US,100,US,M
2023,SE,FT,Applied Scientist,260000,USD,260000,US,0,US,L
2023,SE,FT,Applied Scientist,136000,USD,136000,US,0,US,L
2023,SE,FT,Data Engineer,162000,USD,162000,US,100,US,M
2023,SE,FT,Data Engineer,111000,USD,111000,US,100,US,M
2023,SE,FT,Data Engineer,225500,USD,225500,US,0,US,M
2023,SE,FT,Data Engineer,139400,USD,139400,US,0,US,M
2023,SE,FT,Data Scientist,225000,USD,225000,US,0,US,M
2023,SE,FT,Data Scientist,156400,USD,156400,US,0,US,M
2023,MI,FT,Data Analytics Manager,177000,USD,177000,US,0,US,M
2023,MI,FT,Data Analytics Manager,110000,USD,110000,US,0,US,M
2023,SE,FT,Data Analyst,120350,USD,120350,US,100,US,M
2023,SE,FT,Data Analyst,74400,USD,74400,US,100,US,M
2023,SE,FT,Data Engineer,194000,USD,194000,US,0,US,M
2023,SE,FT,Data Engineer,161000,USD,161000,US,0,US,M
2023,EN,FT,Research Engineer,30000,EUR,32390,FR,0,FR,M
2023,SE,FT,Machine Learning Engineer,184950,USD,184950,US,0,US,M
2023,SE,FT,Machine Learning Engineer,119250,USD,119250,US,0,US,M
2023,SE,FT,Data Engineer,178500,USD,178500,US,100,US,M
2023,SE,FT,Data Engineer,136000,USD,136000,US,100,US,M
2023,SE,FT,Machine Learning Engineer,189000,USD,189000,US,100,US,M
2023,SE,FT,Machine Learning Engineer,159090,USD,159090,US,100,US,M
2023,MI,FT,Data Engineer,91000,USD,91000,US,0,US,M
2023,MI,FT,Data Engineer,82000,USD,82000,US,0,US,M
2023,SE,FT,Data Engineer,149076,USD,149076,US,100,US,M
2023,SE,FT,Data Engineer,82365,USD,82365,US,100,US,M
2023,SE,FT,Applied Scientist,192000,USD,192000,US,100,US,M
2023,SE,FT,Applied Scientist,164000,USD,164000,US,100,US,M
2023,SE,FT,Data Scientist,175000,USD,175000,US,100,US,M
2023,SE,FT,Data Scientist,125000,USD,125000,US,100,US,M
2023,SE,FT,Data Engineer,194595,USD,194595,US,0,US,M
2023,SE,FT,Data Engineer,158000,USD,158000,US,0,US,M
2023,SE,FT,Data Engineer,240500,USD,240500,US,0,US,L
2023,SE,FT,Data Engineer,123700,USD,123700,US,0,US,L
2023,SE,FT,Data Scientist,212800,USD,212800,US,0,US,L
2023,SE,FT,Data Scientist,111600,USD,111600,US,0,US,L
2023,MI,FT,Research Engineer,257400,USD,257400,US,0,US,M
2023,MI,FT,Research Engineer,193500,USD,193500,US,0,US,M
2023,SE,FT,Machine Learning Engineer,305000,USD,305000,US,0,US,M
2023,SE,FT,Machine Learning Engineer,245000,USD,245000,US,0,US,M
2023,SE,FT,Data Scientist,205485,USD,205485,US,100,US,M
2023,SE,FT,Data Scientist,156560,USD,156560,US,100,US,M
2023,SE,FT,Data Analyst,168000,USD,168000,US,100,US,L
2023,SE,FT,Data Analyst,78400,USD,78400,US,100,US,L
2023,SE,FT,Machine Learning Engineer,260000,USD,260000,US,0,US,M
2023,SE,FT,Machine Learning Engineer,175000,USD,175000,US,0,US,M
2023,EX,FT,Data Engineer,130002,USD,130002,US,100,US,M
2023,EX,FT,Data Engineer,71908,USD,71908,US,100,US,M
2023,SE,FT,Data Analyst,212000,USD,212000,US,0,US,M
2023,SE,FT,Data Analyst,132000,USD,132000,US,0,US,M
2023,MI,FT,Data Analyst,177000,USD,177000,US,0,US,M
2023,MI,FT,Data Analyst,110000,USD,110000,US,0,US,M
2023,SE,FT,Data Scientist,164000,USD,164000,US,0,US,M
2023,SE,FT,Data Scientist,130000,USD,130000,US,0,US,M
2023,SE,FT,Data Scientist,185900,USD,185900,US,0,US,M
2023,SE,FT,Data Scientist,129300,USD,129300,US,0,US,M
2023,SE,FT,Research Scientist,248100,USD,248100,US,0,US,M
2023,SE,FT,Research Scientist,145900,USD,145900,US,0,US,M
2023,SE,FT,Data Analyst,148000,USD,148000,US,0,US,M
2023,SE,FT,Data Analyst,92000,USD,92000,US,0,US,M
2023,SE,FT,Applied Scientist,248100,USD,248100,US,0,US,M
2023,SE,FT,Applied Scientist,145900,USD,145900,US,0,US,M
2023,SE,FT,Data Lead,155000,USD,155000,US,0,US,M
2023,SE,FT,Data Lead,38000,USD,38000,US,0,US,M
2023,SE,FT,Machine Learning Engineer,218000,USD,218000,US,100,US,M
2023,SE,FT,Machine Learning Engineer,115000,USD,115000,US,100,US,M
2023,SE,FT,Data Strategist,104000,USD,104000,US,0,US,M
2023,SE,FT,Data Strategist,86000,USD,86000,US,0,US,M
2023,SE,FT,Analytics Engineer,235400,USD,235400,US,100,US,M
2023,SE,FT,Analytics Engineer,108320,USD,108320,US,100,US,M
2023,SE,FT,Data Quality Analyst,95000,USD,95000,US,0,US,M
2023,SE,FT,Data Quality Analyst,82000,USD,82000,US,0,US,M
2023,SE,FT,Data Engineer,152375,USD,152375,US,0,US,M
2023,SE,FT,Data Engineer,94000,USD,94000,US,0,US,M
2023,SE,FT,Data Analyst,115934,USD,115934,US,100,US,M
2023,SE,FT,Data Analyst,81666,USD,81666,US,100,US,M
2023,MI,FT,Data Analyst,110000,USD,110000,US,0,US,M
2023,MI,FT,Data Analyst,79000,USD,79000,US,0,US,M
2023,SE,FT,Research Scientist,273400,USD,273400,US,0,US,M
2023,SE,FT,Research Scientist,182200,USD,182200,US,0,US,M
2023,MI,FT,Data Analyst,160000,USD,160000,US,0,US,M
2023,MI,FT,Data Analyst,112000,USD,112000,US,0,US,M
2023,SE,FT,Data Scientist,285000,USD,285000,US,100,US,M
2023,SE,FT,Data Scientist,154000,USD,154000,US,100,US,M
2023,SE,FT,Applied Scientist,220000,USD,220000,US,0,US,M
2023,SE,FT,Applied Scientist,170000,USD,170000,US,0,US,M
2023,EX,FT,Data Engineer,174500,USD,174500,US,0,US,M
2023,EX,FT,Data Engineer,113000,USD,113000,US,0,US,M
2023,SE,FT,Data Engineer,225000,USD,225000,US,0,US,M
2023,SE,FT,Data Engineer,125000,USD,125000,US,0,US,M
2023,MI,FT,Data Engineer,200000,USD,200000,US,100,US,M
2023,MI,FT,Data Engineer,180000,USD,180000,US,100,US,M
2023,MI,FT,Applied Scientist,250000,USD,250000,US,0,US,M
2023,MI,FT,Applied Scientist,125000,USD,125000,US,0,US,M
2023,MI,FT,Data Analyst,110000,USD,110000,US,0,US,M
2023,MI,FT,Data Analyst,90000,USD,90000,US,0,US,M
2023,MI,FT,Research Scientist,275000,USD,275000,US,0,US,M
2023,MI,FT,Research Scientist,200000,USD,200000,US,0,US,M
2023,MI,FT,Research Scientist,275000,USD,275000,US,0,US,M
2023,MI,FT,Research Scientist,200000,USD,200000,US,0,US,M
2023,SE,FT,Machine Learning Engineer,258800,USD,258800,GB,0,GB,M
2023,SE,FT,Machine Learning Engineer,199200,USD,199200,GB,0,GB,M
2023,SE,FT,Data Scientist,177000,USD,177000,GB,0,GB,M
2023,SE,FT,Data Scientist,136000,USD,136000,GB,0,GB,M
2023,MI,FT,Data Analyst,110000,USD,110000,US,0,US,M
2023,MI,FT,Data Analyst,80000,USD,80000,US,0,US,M
2023,SE,FT,Data Analyst,115000,USD,115000,US,100,US,M
2023,SE,FT,Data Analyst,75000,USD,75000,US,100,US,M
2023,SE,FT,Data Analyst,138860,USD,138860,US,0,US,M
2023,SE,FT,Data Analyst,122720,USD,122720,US,0,US,M
2023,SE,FT,Data Scientist,140000,USD,140000,US,0,US,M
2023,SE,FT,Data Scientist,126000,USD,126000,US,0,US,M
2023,SE,FT,Data Engineer,231500,USD,231500,US,0,US,M
2023,SE,FT,Data Engineer,118000,USD,118000,US,0,US,M
2023,EX,FT,Data Scientist,299500,USD,299500,US,100,US,M
2023,EX,FT,Data Scientist,249600,USD,249600,US,100,US,M
2023,SE,FT,Business Intelligence Engineer,185000,USD,185000,US,0,US,L
2023,SE,FT,Business Intelligence Engineer,79600,USD,79600,US,0,US,L
2023,MI,FT,Data Analyst,866000,PHP,15680,PH,50,PH,L
2023,SE,FT,Machine Learning Engineer,193600,USD,193600,US,0,US,M
2023,SE,FT,Machine Learning Engineer,119700,USD,119700,US,0,US,M
2023,SE,FT,Data Engineer,240500,USD,240500,US,0,US,L
2023,SE,FT,Data Engineer,123700,USD,123700,US,0,US,L
2023,MI,FT,Data Engineer,120000,USD,120000,US,0,US,M
2023,MI,FT,Data Engineer,110000,USD,110000,US,0,US,M
2023,MI,FT,Data Analyst,100000,USD,100000,US,100,US,M
2023,MI,FT,Data Analyst,75000,USD,75000,US,100,US,M
2023,SE,FT,Machine Learning Engineer,297000,USD,297000,US,0,US,M
2023,SE,FT,Machine Learning Engineer,138000,USD,138000,US,0,US,M
2023,MI,FT,Data Scientist,135000,USD,135000,US,0,US,M
2023,MI,FT,Data Scientist,105000,USD,105000,US,0,US,M
2023,SE,FT,Data Scientist,267100,USD,267100,US,100,US,M
2023,SE,FT,Data Scientist,167200,USD,167200,US,100,US,M
2023,SE,FT,Data Scientist,202000,USD,202000,US,100,US,M
2023,SE,FT,Data Scientist,140000,USD,140000,US,100,US,M
2023,SE,FT,Data Engineer,174350,USD,174350,US,0,US,M
2023,SE,FT,Data Engineer,126800,USD,126800,US,0,US,M
2023,SE,FT,Machine Learning Engineer,258800,USD,258800,GB,0,GB,M
2023,SE,FT,Machine Learning Engineer,199200,USD,199200,GB,0,GB,M
2023,SE,FT,Data Architect,188500,USD,188500,US,100,US,M
2023,SE,FT,Data Architect,117000,USD,117000,US,100,US,M
2023,SE,FT,Data Scientist,150931,USD,150931,US,0,US,M
2023,SE,FT,Data Scientist,143250,USD,143250,US,0,US,M
2023,SE,FT,AI Architect,330000,USD,330000,US,0,US,M
2023,SE,FT,AI Architect,204000,USD,204000,US,0,US,M
2023,SE,FT,Machine Learning Engineer,247500,USD,247500,US,0,US,M
2023,SE,FT,Machine Learning Engineer,172200,USD,172200,US,0,US,M
2023,SE,FT,Data Engineer,200000,USD,200000,US,100,US,M
2023,SE,FT,Data Engineer,160000,USD,160000,US,100,US,M
2023,SE,FT,Data Engineer,205600,USD,205600,US,0,US,L
2023,SE,FT,Data Engineer,105700,USD,105700,US,0,US,L
2023,SE,FT,Machine Learning Engineer,324000,USD,324000,US,0,US,M
2023,SE,FT,Machine Learning Engineer,159000,USD,159000,US,0,US,M
2023,SE,FT,Data Engineer,231000,USD,231000,US,100,US,M
2023,SE,FT,Data Engineer,157250,USD,157250,US,100,US,M
2023,SE,FT,Machine Learning Scientist,240000,USD,240000,US,100,US,M
2023,SE,FT,Machine Learning Scientist,157250,USD,157250,US,100,US,M
2023,SE,FT,Data Engineer,232000,USD,232000,US,0,US,M
2023,SE,FT,Data Engineer,108000,USD,108000,US,0,US,M
2023,SE,FT,Data Manager,145000,USD,145000,US,0,US,M
2023,SE,FT,Data Manager,130000,USD,130000,US,0,US,M
2023,SE,FT,Data Scientist,277300,USD,277300,GB,0,GB,M
2023,SE,FT,Data Scientist,213300,USD,213300,GB,0,GB,M
2023,SE,FT,Data Scientist,180000,USD,180000,US,100,US,M
2023,SE,FT,Data Scientist,135000,USD,135000,US,100,US,M
2023,SE,FT,Data Engineer,209000,USD,209000,US,0,US,M
2023,SE,FT,Data Engineer,135000,USD,135000,US,0,US,M
2023,SE,FT,Applied Scientist,260000,USD,260000,US,0,US,L
2023,SE,FT,Applied Scientist,136000,USD,136000,US,0,US,L
2023,SE,FT,Data Engineer,209000,USD,209000,US,0,US,M
2023,SE,FT,Data Engineer,135000,USD,135000,US,0,US,M
2023,SE,FT,Data Scientist,184250,USD,184250,US,0,US,M
2023,SE,FT,Data Scientist,167500,USD,167500,US,0,US,M
2023,SE,FT,Data Engineer,95000,USD,95000,US,100,US,M
2023,SE,FT,Data Engineer,85000,USD,85000,US,100,US,M
2023,MI,FT,Data Scientist,230000,USD,230000,US,0,US,M
2023,MI,FT,Data Scientist,175000,USD,175000,US,0,US,M
2023,MI,FT,Computer Vision Engineer,90000,GBP,110736,GB,100,GB,M
2023,MI,FT,Computer Vision Engineer,75000,GBP,92280,GB,100,GB,M
2023,SE,FT,Data Analyst,154440,USD,154440,US,0,US,M
2023,SE,FT,Data Analyst,68550,USD,68550,US,0,US,M
2023,EN,FT,Data Analyst,90000,USD,90000,US,0,US,M
2023,EN,FT,Data Analyst,60000,USD,60000,US,0,US,M
2023,SE,FT,Data Engineer,226600,USD,226600,US,0,US,M
2023,SE,FT,Data Engineer,140100,USD,140100,US,0,US,M
2023,SE,FT,Business Intelligence Developer,169000,USD,169000,US,0,US,M
2023,SE,FT,Business Intelligence Developer,110600,USD,110600,US,0,US,M
2023,SE,FT,Business Intelligence Analyst,171050,USD,171050,US,100,US,M
2023,SE,FT,Business Intelligence Analyst,124400,USD,124400,US,100,US,M
2023,SE,FT,Data Engineer,225500,USD,225500,US,0,US,M
2023,SE,FT,Data Engineer,139400,USD,139400,US,0,US,M
2023,SE,FT,Machine Learning Engineer,226600,USD,226600,US,0,US,M
2023,SE,FT,Machine Learning Engineer,140100,USD,140100,US,0,US,M
2023,SE,FT,Data Engineer,162000,USD,162000,US,100,US,M
2023,SE,FT,Data Engineer,111000,USD,111000,US,100,US,M
2023,EN,FT,Data Analyst,40000,GBP,49216,GB,0,GB,M
2023,EN,FT,Data Analyst,34000,GBP,41833,GB,0,GB,M
2023,SE,FT,Data Scientist,136000,USD,136000,US,100,US,M
2023,SE,FT,Data Scientist,104000,USD,104000,US,100,US,M
2023,SE,FT,Data Architect,80000,USD,80000,US,0,US,M
2023,SE,FT,Data Architect,52500,USD,52500,US,0,US,M
2023,SE,FT,Data Engineer,150000,USD,150000,US,0,US,M
2023,SE,FT,Data Engineer,115000,USD,115000,US,0,US,M
2023,SE,FT,Research Engineer,253000,USD,253000,US,100,US,M
2023,SE,FT,Research Engineer,156400,USD,156400,US,100,US,M
2023,SE,FT,Machine Learning Engineer,300000,USD,300000,US,0,US,M
2023,SE,FT,Machine Learning Engineer,235000,USD,235000,US,0,US,M
2023,SE,FT,Data Analyst,223100,USD,223100,US,0,US,L
2023,SE,FT,Data Analyst,114700,USD,114700,US,0,US,L
2023,SE,FT,Data Analyst,172800,USD,172800,GB,100,GB,M
2023,SE,FT,Data Analyst,110000,USD,110000,GB,100,GB,M
2023,SE,FT,Data Analyst,95000,USD,95000,US,0,US,M
2023,SE,FT,Data Analyst,70000,USD,70000,US,0,US,M
2023,SE,FT,Data Scientist,180000,USD,180000,US,100,US,M
2023,SE,FT,Data Scientist,120000,USD,120000,US,100,US,M
2023,MI,FT,Data Engineer,152375,USD,152375,US,100,US,M
2023,MI,FT,Data Engineer,94000,USD,94000,US,100,US,M
2023,SE,FT,Data Engineer,183000,USD,183000,CA,0,CA,M
2023,SE,FT,Data Engineer,125000,USD,125000,CA,0,CA,M
2023,SE,FT,Data Scientist,185900,USD,185900,US,0,US,M
2023,SE,FT,Data Scientist,129300,USD,129300,US,0,US,M
2023,SE,FT,Data Analyst,120350,USD,120350,US,0,US,M
2023,SE,FT,Data Analyst,74400,USD,74400,US,0,US,M
2023,SE,FT,Data Analyst,134000,USD,134000,US,100,US,M
2023,SE,FT,Data Analyst,120000,USD,120000,US,100,US,M
2023,SE,FT,Data Engineer,52800,EUR,57007,EE,0,EE,M
2023,SE,FT,Data Engineer,40800,EUR,44051,EE,0,EE,M
2023,SE,FT,Data Engineer,258750,USD,258750,US,100,US,M
2023,SE,FT,Data Engineer,172500,USD,172500,US,100,US,M
2023,SE,FT,Machine Learning Engineer,254000,USD,254000,US,0,US,M
2023,SE,FT,Machine Learning Engineer,200000,USD,200000,US,0,US,M
2023,SE,FT,Data Scientist,153600,USD,153600,US,0,US,M
2023,SE,FT,Data Scientist,106800,USD,106800,US,0,US,M
2023,SE,FT,Applied Scientist,230000,USD,230000,US,100,US,M
2023,SE,FT,Applied Scientist,196000,USD,196000,US,100,US,M
2023,SE,FT,Data Scientist,185900,USD,185900,US,0,US,M
2023,SE,FT,Data Scientist,129300,USD,129300,US,0,US,M
2023,MI,FT,BI Developer,128000,USD,128000,US,0,US,M
2023,MI,FT,BI Developer,81500,USD,81500,US,0,US,M
2023,EX,FT,Data Engineer,220000,USD,220000,US,0,US,M
2023,EX,FT,Data Engineer,150000,USD,150000,US,0,US,M
2023,SE,FT,Machine Learning Engineer,226600,USD,226600,US,0,US,M
2023,SE,FT,Machine Learning Engineer,140100,USD,140100,US,0,US,M
2023,SE,FT,Research Scientist,248100,USD,248100,US,0,US,M
2023,SE,FT,Research Scientist,145900,USD,145900,US,0,US,M
2023,SE,FT,Data Engineer,155000,USD,155000,US,0,US,M
2023,SE,FT,Data Engineer,109528,USD,109528,US,0,US,M
2023,MI,FT,Machine Learning Engineer,287500,USD,287500,AU,0,AU,M
2023,MI,FT,Machine Learning Engineer,207500,USD,207500,AU,0,AU,M
2023,SE,FT,Applied Scientist,248100,USD,248100,US,0,US,M
2023,SE,FT,Applied Scientist,145900,USD,145900,US,0,US,M
2023,SE,FT,Data Analyst,134200,USD,134200,GB,0,GB,M
2023,SE,FT,Data Analyst,103200,USD,103200,GB,0,GB,M
2023,SE,FT,Data Engineer,240500,USD,240500,US,0,US,L
2023,SE,FT,Data Engineer,123700,USD,123700,US,0,US,L
2023,SE,FT,Applied Scientist,192000,USD,192000,US,100,US,M
2023,SE,FT,Applied Scientist,164000,USD,164000,US,100,US,M
2023,SE,FT,Machine Learning Engineer,269500,USD,269500,US,0,US,M
2023,SE,FT,Machine Learning Engineer,166600,USD,166600,US,0,US,M
2023,SE,FT,Principal Data Scientist,160000,USD,160000,US,100,US,L
2023,SE,FT,Data Analyst,93919,USD,93919,US,0,US,M
2023,SE,FT,Data Analyst,51962,USD,51962,US,0,US,M
2023,SE,FT,Data Analyst,93919,USD,93919,US,0,US,M
2023,SE,FT,Data Analyst,51962,USD,51962,US,0,US,M
2023,SE,FT,Data Architect,180000,USD,180000,US,100,US,M
2023,SE,FT,Data Architect,115000,USD,115000,US,100,US,M
2023,SE,FT,Data Analyst,186600,USD,186600,US,100,US,M
2023,SE,FT,Data Analyst,119800,USD,119800,US,100,US,M
2023,SE,FT,Data Engineer,160000,USD,160000,US,100,US,M
2023,SE,FT,Data Engineer,75000,USD,75000,US,100,US,M
2023,SE,FT,Data Architect,200000,USD,200000,US,100,US,M
2023,SE,FT,Data Architect,115000,USD,115000,US,100,US,M
2023,SE,FT,Data Analyst,280000,USD,280000,US,0,US,M
2023,SE,FT,Data Analyst,200000,USD,200000,US,0,US,M
2023,SE,FT,Applied Scientist,260000,USD,260000,US,0,US,L
2023,SE,FT,Applied Scientist,136000,USD,136000,US,0,US,L
2023,SE,FT,Machine Learning Engineer,383910,USD,383910,US,0,US,M
2023,SE,FT,Machine Learning Engineer,315850,USD,315850,US,0,US,M
2023,SE,FT,Data Scientist,235000,USD,235000,US,100,US,M
2023,SE,FT,Data Scientist,204000,USD,204000,US,100,US,M
2023,SE,FT,Machine Learning Engineer,254000,USD,254000,US,0,US,M
2023,SE,FT,Machine Learning Engineer,200000,USD,200000,US,0,US,M
2023,MI,FT,Applied Scientist,198000,USD,198000,US,100,US,M
2023,MI,FT,Applied Scientist,132000,USD,132000,US,100,US,M
2023,MI,FT,Data Scientist,141600,USD,141600,US,100,US,M
2023,MI,FT,Data Scientist,94400,USD,94400,US,100,US,M
2023,MI,FT,Data Engineer,135000,USD,135000,US,0,US,M
2023,MI,FT,Data Engineer,108000,USD,108000,US,0,US,M
2023,SE,FT,Data Scientist,209450,USD,209450,US,100,US,M
2023,SE,FT,Data Scientist,167560,USD,167560,US,100,US,M
2021,SE,FT,Staff Machine Learning Engineer,185000,USD,185000,US,50,US,M
2020,SE,FT,Staff Data Scientist,164000,USD,164000,US,50,US,M
2023,SE,FT,Data Engineer,122000,USD,122000,US,0,US,M
2023,SE,FT,Data Engineer,94000,USD,94000,US,0,US,M
2023,EN,FT,Data Engineer,80000,USD,80000,US,0,US,M
2023,EN,FT,Data Engineer,52500,USD,52500,US,0,US,M
2023,SE,FT,Data Scientist,238000,USD,238000,US,0,US,M
2023,SE,FT,Data Scientist,149500,USD,149500,US,0,US,M
2023,SE,FT,Data Scientist,258000,USD,258000,US,0,US,M
2023,SE,FT,Data Scientist,202000,USD,202000,US,0,US,M
2023,SE,FT,Data Engineer,186600,USD,186600,US,100,US,M
2023,SE,FT,Data Engineer,116500,USD,116500,US,100,US,M
2023,SE,FT,Data Engineer,220000,USD,220000,US,0,US,M
2023,SE,FT,Data Engineer,160000,USD,160000,US,0,US,M
2023,SE,FT,Applied Scientist,222200,USD,222200,US,0,US,L
2023,SE,FT,Applied Scientist,136000,USD,136000,US,0,US,L
2023,SE,FT,Data Scientist,228000,USD,228000,US,0,US,M
2023,SE,FT,Data Scientist,136000,USD,136000,US,0,US,M
2023,MI,FT,Data Engineer,50000,GBP,61520,GB,100,GB,M
2023,MI,FT,Data Engineer,35000,GBP,43064,GB,100,GB,M
2023,SE,FT,Applied Scientist,175000,USD,175000,US,100,US,M
2023,SE,FT,Applied Scientist,145000,USD,145000,US,100,US,M
2023,SE,FT,Data Analyst,195000,USD,195000,US,0,US,M
2023,SE,FT,Data Analyst,140000,USD,140000,US,0,US,M
2023,SE,FT,Data Engineer,180000,USD,180000,US,100,US,M
2023,SE,FT,Data Engineer,165000,USD,165000,US,100,US,M
2023,MI,FT,Research Scientist,220000,USD,220000,US,100,US,M
2023,MI,FT,Research Scientist,190000,USD,190000,US,100,US,M
2023,SE,FT,Machine Learning Engineer,105000,EUR,113366,DE,50,DE,L
2023,SE,CT,Consultant Data Engineer,160000,CAD,118539,CA,100,CA,L
2023,MI,FT,Data Analyst,70000,GBP,86128,GB,50,GB,L
2023,SE,FT,BI Developer,167500,USD,167500,US,0,US,M
2023,SE,FT,BI Developer,106500,USD,106500,US,0,US,M
2023,SE,FT,Machine Learning Engineer,146000,USD,146000,GB,0,GB,M
2023,SE,FT,Machine Learning Engineer,97400,USD,97400,GB,0,GB,M
2023,SE,FT,Data Scientist,278700,USD,278700,US,0,US,M
2023,SE,FT,Data Scientist,159300,USD,159300,US,0,US,M
2023,SE,FT,Data Engineer,226600,USD,226600,US,0,US,M
2023,SE,FT,Data Engineer,140100,USD,140100,US,0,US,M
2023,SE,FT,Data Scientist,323300,USD,323300,US,0,US,M
2023,SE,FT,Data Scientist,184700,USD,184700,US,0,US,M
2023,MI,FT,Data Engineer,135000,USD,135000,US,0,US,M
2023,MI,FT,Data Engineer,108000,USD,108000,US,0,US,M
2023,EN,FT,Data Analyst,55000,CAD,40747,CA,0,CA,L
2023,SE,FT,Data Engineer,170000,USD,170000,US,0,US,M
2023,SE,FT,Data Engineer,120000,USD,120000,US,0,US,M
2023,SE,FT,Data Engineer,166364,USD,166364,US,0,US,M
2023,SE,FT,Data Engineer,116455,USD,116455,US,0,US,M
2023,SE,FT,Business Intelligence Analyst,145000,USD,145000,US,0,US,M
2023,SE,FT,Business Intelligence Analyst,125000,USD,125000,US,0,US,M
2023,SE,FT,Machine Learning Engineer,184950,USD,184950,US,0,US,M
2023,SE,FT,Machine Learning Engineer,119250,USD,119250,US,0,US,M
2023,MI,FT,Data Engineer,95000,USD,95000,US,100,US,M
2023,MI,FT,Data Engineer,76000,USD,76000,US,100,US,M
2023,EN,FT,Data Engineer,80000,USD,80000,US,0,US,M
2023,EN,FT,Data Engineer,52500,USD,52500,US,0,US,M
2023,SE,FT,Data Analyst,160000,USD,160000,US,0,US,M
2023,SE,FT,Data Analyst,131000,USD,131000,US,0,US,M
2023,SE,FT,Data Scientist,168000,USD,168000,US,100,US,M
2023,SE,FT,Data Scientist,130000,USD,130000,US,100,US,M
2023,SE,FT,Machine Learning Engineer,250000,USD,250000,US,0,US,M
2023,SE,FT,Machine Learning Engineer,140000,USD,140000,US,0,US,M
2023,SE,FT,Data Engineer,145000,USD,145000,US,0,US,M
2023,SE,FT,Data Engineer,115000,USD,115000,US,0,US,M
2023,SE,FT,Data Scientist,222000,USD,222000,US,100,US,M
2023,SE,FT,Data Scientist,166500,USD,166500,US,100,US,M
2023,SE,FT,Data Engineer,205600,USD,205600,US,100,US,M
2023,SE,FT,Data Engineer,105700,USD,105700,US,100,US,M
2023,SE,FT,Data Scientist,136000,USD,136000,US,100,US,M
2023,SE,FT,Data Scientist,104000,USD,104000,US,100,US,M
2023,SE,FT,Business Intelligence Developer,138000,USD,138000,US,0,US,M
2023,SE,FT,Business Intelligence Developer,67000,USD,67000,US,0,US,M
2023,SE,FT,Research Engineer,211200,USD,211200,US,0,US,M
2023,SE,FT,Research Engineer,176000,USD,176000,US,0,US,M
2023,SE,FT,Data Analyst,230000,USD,230000,US,100,US,M
2023,SE,FT,Data Analyst,135000,USD,135000,US,100,US,M
2023,MI,FT,Data Analyst,80000,USD,80000,US,100,US,M
2023,MI,FT,Data Analyst,60000,USD,60000,US,100,US,M
2023,SE,FT,Business Intelligence Analyst,200000,USD,200000,US,100,US,M
2023,SE,FT,Business Intelligence Analyst,180000,USD,180000,US,100,US,M
2023,SE,FT,BI Analyst,360000,TRY,18381,TR,100,TR,L
2023,SE,FT,Data Scientist,155000,USD,155000,US,0,US,M
2023,SE,FT,Data Scientist,139500,USD,139500,US,0,US,M
2023,MI,FT,BI Developer,128000,USD,128000,US,0,US,M
2023,MI,FT,BI Developer,81500,USD,81500,US,0,US,M
2023,EN,FT,Research Scientist,200000,USD,200000,US,100,US,M
2023,EN,FT,Research Scientist,120000,USD,120000,US,100,US,M
2023,EX,FT,Data Scientist,126500,USD,126500,US,100,US,M
2023,EX,FT,Data Scientist,78000,USD,78000,US,100,US,M
2023,SE,FT,Data Scientist,157750,USD,157750,US,0,US,M
2023,SE,FT,Data Scientist,104650,USD,104650,US,0,US,M
2023,SE,FT,Data Scientist,176000,USD,176000,US,100,US,M
2023,SE,FT,Data Scientist,133000,USD,133000,US,100,US,M
2023,MI,FT,Data Analyst,120000,USD,120000,US,0,US,M
2023,MI,FT,Data Analyst,100000,USD,100000,US,0,US,M
2023,MI,FT,Machine Learning Specialist,70000,USD,70000,FR,100,FR,M
2023,MI,FT,Machine Learning Specialist,40000,USD,40000,FR,100,FR,M
2023,MI,FT,Research Scientist,190000,USD,190000,US,0,US,M
2023,MI,FT,Research Scientist,158080,USD,158080,US,0,US,M
2023,SE,FT,Data Analyst,182000,USD,182000,US,100,US,M
2023,SE,FT,Data Analyst,150000,USD,150000,US,100,US,M
2023,SE,FT,Data Engineer,171250,USD,171250,US,0,US,M
2023,SE,FT,Data Engineer,113750,USD,113750,US,0,US,M
2023,SE,FT,Data Engineer,252000,USD,252000,US,0,US,M
2023,SE,FT,Data Engineer,129000,USD,129000,US,0,US,M
2023,SE,FT,Machine Learning Engineer,231000,USD,231000,US,0,US,M
2023,SE,FT,Machine Learning Engineer,200800,USD,200800,US,0,US,M
2023,EN,FT,Research Scientist,250800,USD,250800,US,0,US,M
2023,EN,FT,Research Scientist,167200,USD,167200,US,0,US,M
2023,EN,FT,Research Scientist,250800,USD,250800,US,0,US,M
2023,EN,FT,Research Scientist,167200,USD,167200,US,0,US,M
2023,SE,FT,Data Scientist,159100,USD,159100,US,100,US,M
2023,SE,FT,Data Scientist,120160,USD,120160,US,100,US,M
2023,SE,FT,Analytics Engineer,140000,USD,140000,US,100,US,M
2023,SE,FT,Analytics Engineer,110000,USD,110000,US,100,US,M
2023,MI,FT,Machine Learning Engineer,165000,USD,165000,US,0,US,M
2023,MI,FT,Machine Learning Engineer,149094,USD,149094,US,0,US,M
2023,EX,FT,Head of Data,290000,USD,290000,US,100,US,L
2023,SE,FT,Business Intelligence Engineer,247500,USD,247500,US,0,US,M
2023,SE,FT,Business Intelligence Engineer,172200,USD,172200,US,0,US,M
2023,SE,FT,Data Engineer,175000,USD,175000,US,0,US,M
2023,SE,FT,Data Engineer,130000,USD,130000,US,0,US,M
2023,SE,FT,Data Scientist,225000,USD,225000,US,100,US,M
2023,SE,FT,Data Scientist,156400,USD,156400,US,100,US,M
2023,SE,FT,Applied Scientist,260000,USD,260000,US,0,US,L
2023,SE,FT,Applied Scientist,136000,USD,136000,US,0,US,L
2023,SE,FT,Data Analyst,85000,USD,85000,US,100,US,M
2023,SE,FT,Data Analyst,72250,USD,72250,US,100,US,M
2023,EX,FT,Data Engineer,162500,USD,162500,US,0,US,M
2023,EX,FT,Data Engineer,130000,USD,130000,US,0,US,M
2023,SE,FT,Data Manager,145000,USD,145000,US,0,US,M
2023,SE,FT,Data Manager,130000,USD,130000,US,0,US,M
2023,SE,FT,Data Engineer,205600,USD,205600,US,0,US,L
2023,SE,FT,Data Engineer,105700,USD,105700,US,0,US,L
2023,EN,FT,Data Quality Engineer,22000,EUR,23753,PT,50,PT,L
2023,SE,FT,Research Analyst,83000,USD,83000,US,100,US,M
2023,SE,FT,Research Analyst,63967,USD,63967,US,100,US,M
2023,SE,FT,Research Analyst,188600,USD,188600,US,0,US,M
2023,SE,FT,Research Analyst,111550,USD,111550,US,0,US,M
2023,SE,FT,Machine Learning Engineer,219300,USD,219300,US,0,US,M
2023,SE,FT,Machine Learning Engineer,143000,USD,143000,US,0,US,M
2023,SE,FT,Machine Learning Engineer,232200,USD,232200,US,0,US,M
2023,SE,FT,Machine Learning Engineer,133300,USD,133300,US,0,US,M
2023,SE,FT,Data Engineer,130000,USD,130000,US,100,US,M
2023,SE,FT,Data Engineer,80000,USD,80000,US,100,US,M
2023,SE,FT,Machine Learning Engineer,189000,EUR,204060,DE,100,DE,M
2023,SE,FT,Machine Learning Engineer,130000,EUR,140358,DE,100,DE,M
2023,MI,FT,Data Engineer,198900,USD,198900,US,0,US,M
2023,MI,FT,Data Engineer,183310,USD,183310,US,0,US,M
2023,EN,FT,Research Analyst,35000,GBP,43064,GB,0,GB,M
2023,EN,FT,Research Analyst,35000,GBP,43064,GB,0,GB,M
2023,SE,FT,Machine Learning Engineer,204500,USD,204500,US,0,US,M
2023,SE,FT,Machine Learning Engineer,142200,USD,142200,US,0,US,M
2023,SE,FT,Machine Learning Engineer,392000,USD,392000,US,0,US,M
2023,SE,FT,Machine Learning Engineer,224000,USD,224000,US,0,US,M
2023,SE,FT,Data Engineer,233000,USD,233000,US,0,US,M
2023,SE,FT,Data Engineer,199098,USD,199098,US,0,US,M
2023,SE,FT,Data Engineer,172000,USD,172000,US,100,US,M
2023,SE,FT,Data Engineer,107000,USD,107000,US,100,US,M
2023,SE,FT,Data Analyst,93919,USD,93919,US,0,US,M
2023,SE,FT,Data Analyst,51962,USD,51962,US,0,US,M
2023,SE,FT,Research Scientist,220000,USD,220000,US,0,US,M
2023,SE,FT,Research Scientist,150000,USD,150000,US,0,US,M
2023,MI,FT,Data Engineer,128000,USD,128000,US,0,US,M
2023,MI,FT,Data Engineer,81500,USD,81500,US,0,US,M
2023,SE,FT,Research Scientist,200000,USD,200000,US,0,US,M
2023,SE,FT,Research Scientist,150000,USD,150000,US,0,US,M
2023,SE,FT,Machine Learning Engineer,208450,USD,208450,US,0,US,M
2023,SE,FT,Machine Learning Engineer,151600,USD,151600,US,0,US,M
2023,SE,FT,Machine Learning Engineer,208450,USD,208450,US,0,US,M
2023,SE,FT,Machine Learning Engineer,151600,USD,151600,US,0,US,M
2023,SE,FT,Research Engineer,240960,USD,240960,US,0,US,M
2023,SE,FT,Research Engineer,200800,USD,200800,US,0,US,M
2023,MI,FT,Data Scientist,120681,USD,120681,US,0,US,M
2023,MI,FT,Data Scientist,72409,USD,72409,US,0,US,M
2023,SE,FT,Applied Scientist,192000,USD,192000,US,100,US,M
2023,SE,FT,Applied Scientist,164000,USD,164000,US,100,US,M
2023,EN,FT,Data Engineer,80000,USD,80000,US,0,US,M
2023,EN,FT,Data Engineer,52500,USD,52500,US,0,US,M
2023,SE,FT,Research Engineer,250000,USD,250000,US,100,US,M
2023,SE,FT,Research Engineer,176000,USD,176000,US,100,US,M
2023,SE,FT,Research Scientist,250000,USD,250000,US,0,US,M
2023,SE,FT,Research Scientist,170000,USD,170000,US,0,US,M
2023,SE,FT,Research Scientist,250000,USD,250000,US,0,US,M
2023,SE,FT,Research Scientist,200000,USD,200000,US,0,US,M
2023,SE,FT,Data Scientist,136000,USD,136000,US,100,US,M
2023,SE,FT,Data Scientist,104000,USD,104000,US,100,US,M
2023,MI,FT,Data Scientist,230000,USD,230000,US,0,US,M
2023,MI,FT,Data Scientist,175000,USD,175000,US,0,US,M
2023,SE,FT,Principal Machine Learning Engineer,195000,BRL,38290,BR,50,BR,L
2023,EX,FT,AI Architect,200000,EUR,215936,BE,100,US,L
2023,MI,FT,Data Engineer,167500,USD,167500,US,0,US,M
2023,MI,FT,Data Engineer,106500,USD,106500,US,0,US,M
2023,SE,FT,AI Architect,330000,USD,330000,US,0,US,M
2023,SE,FT,AI Architect,204000,USD,204000,US,0,US,M
2023,SE,FT,Machine Learning Engineer,226600,USD,226600,US,0,US,M
2023,SE,FT,Machine Learning Engineer,140100,USD,140100,US,0,US,M
2023,SE,FT,Data Scientist,359170,USD,359170,US,0,US,M
2023,SE,FT,Data Scientist,310270,USD,310270,US,0,US,M
2023,SE,FT,Data Scientist,359170,USD,359170,US,0,US,M
2023,SE,FT,Data Scientist,295490,USD,295490,US,0,US,M
2023,SE,FT,Data Scientist,178560,USD,178560,US,0,US,M
2023,SE,FT,Data Scientist,148800,USD,148800,US,0,US,M
2023,SE,FT,Data Scientist,278700,USD,278700,US,0,US,M
2023,SE,FT,Data Scientist,159300,USD,159300,US,0,US,M
2023,SE,FT,Deep Learning Engineer,331640,USD,331640,US,0,US,M
2023,SE,FT,Deep Learning Engineer,283780,USD,283780,US,0,US,M
2023,EX,FT,Data Engineer,167954,USD,167954,US,0,US,M
2023,EX,FT,Data Engineer,115830,USD,115830,US,0,US,M
2023,SE,FT,Machine Learning Engineer,150000,USD,150000,US,0,US,M
2023,SE,FT,Machine Learning Engineer,125000,USD,125000,US,0,US,M
2023,SE,FT,Machine Learning Engineer,331640,USD,331640,US,0,US,M
2023,SE,FT,Machine Learning Engineer,267720,USD,267720,US,0,US,M
2023,SE,FT,Data Visualization Specialist,185000,USD,185000,US,0,US,M
2023,SE,FT,Data Visualization Specialist,50000,USD,50000,US,0,US,M
2023,SE,FT,Data Engineer,331640,USD,331640,US,0,US,M
2023,SE,FT,Data Engineer,283780,USD,283780,US,0,US,M
2023,SE,FT,Research Engineer,189110,USD,189110,US,0,US,M
2023,SE,FT,Research Engineer,139000,USD,139000,US,0,US,M
2023,SE,FT,Machine Learning Engineer,199000,USD,199000,US,100,US,M
2023,SE,FT,Machine Learning Engineer,145000,USD,145000,US,100,US,M
2023,SE,FT,MLOps Engineer,199000,USD,199000,US,0,US,M
2023,SE,FT,MLOps Engineer,142000,USD,142000,US,0,US,M
2023,SE,FT,Analytics Engineer,230000,USD,230000,GB,100,GB,M
2023,SE,FT,Analytics Engineer,170000,USD,170000,GB,100,GB,M
2023,SE,FT,Machine Learning Engineer,331640,USD,331640,US,0,US,M
2023,SE,FT,Machine Learning Engineer,283780,USD,283780,US,0,US,M
2023,SE,FT,Data Analyst,66000,USD,66000,US,0,US,M
2023,SE,FT,Data Analyst,52000,USD,52000,US,0,US,M
2023,SE,FT,Data Manager,110400,USD,110400,US,0,US,M
2023,SE,FT,Data Manager,68000,USD,68000,US,0,US,M
2023,SE,FT,Data Scientist,323300,USD,323300,US,0,US,M
2023,SE,FT,Data Scientist,184700,USD,184700,US,0,US,M
2023,SE,FT,Data Scientist,202000,USD,202000,US,100,US,M
2023,SE,FT,Data Scientist,140000,USD,140000,US,100,US,M
2023,SE,FT,Data Scientist,235000,USD,235000,US,100,US,M
2023,SE,FT,Data Scientist,200000,USD,200000,US,100,US,M
2023,SE,FT,Data Scientist,359170,USD,359170,US,0,US,M
2023,SE,FT,Data Scientist,295490,USD,295490,US,0,US,M
2023,SE,FT,Data Scientist,316000,USD,316000,US,0,US,M
2023,SE,FT,Data Scientist,202000,USD,202000,US,0,US,M
2023,SE,FT,Analytics Engineer,178560,USD,178560,US,0,US,M
2023,SE,FT,Analytics Engineer,148800,USD,148800,US,0,US,M
2023,SE,FT,Data Engineer,170000,USD,170000,US,100,US,M
2023,SE,FT,Data Engineer,120000,USD,120000,US,100,US,M
2023,SE,FT,AI Architect,200000,USD,200000,US,100,US,L
2023,SE,FT,Machine Learning Engineer,226600,USD,226600,US,0,US,M
2023,SE,FT,Machine Learning Engineer,140100,USD,140100,US,0,US,M
2023,SE,FT,Data Analyst,166500,USD,166500,US,0,US,M
2023,SE,FT,Data Analyst,113220,USD,113220,US,0,US,M
2023,SE,FT,Machine Learning Engineer,247500,USD,247500,US,0,US,M
2023,SE,FT,Machine Learning Engineer,172200,USD,172200,US,0,US,M
2023,SE,FT,Machine Learning Engineer,365630,USD,365630,US,0,US,M
2023,SE,FT,Machine Learning Engineer,315850,USD,315850,US,0,US,M
2023,SE,FT,Business Intelligence Engineer,185000,USD,185000,US,0,US,L
2023,SE,FT,Business Intelligence Engineer,79600,USD,79600,US,0,US,L
2023,SE,FT,Applied Scientist,260000,USD,260000,US,0,US,L
2023,SE,FT,Applied Scientist,136000,USD,136000,US,0,US,L
2023,MI,FT,Machine Learning Engineer,287500,USD,287500,AU,0,AU,M
2023,MI,FT,Machine Learning Engineer,207500,USD,207500,AU,0,AU,M
2023,SE,FT,Data Engineer,229000,USD,229000,US,0,US,M
2023,SE,FT,Data Engineer,131000,USD,131000,US,0,US,M
2023,SE,FT,Data Analyst,105000,USD,105000,US,0,US,M
2023,SE,FT,Data Analyst,70000,USD,70000,US,0,US,M
2023,SE,FT,Data Scientist,185000,USD,185000,US,0,US,L
2023,SE,FT,Data Scientist,86700,USD,86700,US,0,US,L
2023,SE,FT,Data Engineer,180000,USD,180000,US,0,US,M
2023,SE,FT,Data Engineer,150000,USD,150000,US,0,US,M
2023,SE,FT,Data Engineer,145000,USD,145000,US,0,US,M
2023,SE,FT,Data Engineer,115000,USD,115000,US,0,US,M
2023,SE,FT,Data Analyst,192300,USD,192300,US,100,US,M
2023,SE,FT,Data Analyst,153800,USD,153800,US,100,US,M
2023,SE,FT,Applied Scientist,222200,USD,222200,US,0,US,L
2023,SE,FT,Applied Scientist,136000,USD,136000,US,0,US,L
2023,MI,FT,Business Intelligence Data Analyst,91000,CAD,67419,CA,50,CA,L
2023,SE,FT,Data Engineer,150000,USD,150000,US,0,US,M
2023,SE,FT,Data Engineer,90000,USD,90000,US,0,US,M
2023,SE,FT,Data Scientist,155000,USD,155000,US,0,US,M
2023,SE,FT,Data Scientist,139500,USD,139500,US,0,US,M
2023,MI,FT,Data Analyst,131650,USD,131650,US,0,US,M
2023,MI,FT,Data Analyst,105320,USD,105320,US,0,US,M
2023,SE,FT,Applied Scientist,222200,USD,222200,US,0,US,L
2023,SE,FT,Applied Scientist,136000,USD,136000,US,0,US,L
2023,SE,FT,Decision Scientist,204500,USD,204500,US,0,US,M
2023,SE,FT,Decision Scientist,126400,USD,126400,US,0,US,M
2023,SE,FT,Applied Scientist,309400,USD,309400,US,0,US,L
2023,SE,FT,Applied Scientist,159100,USD,159100,US,0,US,L
2023,SE,FT,Machine Learning Engineer,235400,USD,235400,US,100,US,M
2023,SE,FT,Machine Learning Engineer,160080,USD,160080,US,100,US,M
2023,SE,FT,Data Analyst,146190,USD,146190,US,0,US,M
2023,SE,FT,Data Analyst,119610,USD,119610,US,0,US,M
2023,MI,FT,Research Scientist,190000,USD,190000,US,100,US,M
2023,MI,FT,Research Scientist,175000,USD,175000,US,100,US,M
2023,SE,FT,Data Scientist,299500,USD,299500,US,0,US,M
2023,SE,FT,Data Scientist,245100,USD,245100,US,0,US,M
2023,EX,FT,Data Scientist,228856,USD,228856,GB,100,GB,M
2023,EX,FT,Data Scientist,144540,USD,144540,GB,100,GB,M
2023,SE,FT,Research Scientist,210000,USD,210000,US,0,US,M
2023,SE,FT,Research Scientist,151800,USD,151800,US,0,US,M
2023,SE,FT,Machine Learning Engineer,331640,USD,331640,US,0,US,M
2023,SE,FT,Machine Learning Engineer,267720,USD,267720,US,0,US,M
2023,MI,FT,Data Architect,150000,USD,150000,US,0,US,M
2023,MI,FT,Data Architect,100000,USD,100000,US,0,US,M
2023,SE,FT,Data Scientist,126500,USD,126500,US,0,US,M
2023,SE,FT,Data Scientist,78000,USD,78000,US,0,US,M
2023,SE,FT,Data Scientist,45000,EUR,48585,ES,0,ES,M
2023,SE,FT,Data Scientist,36000,EUR,38868,ES,0,ES,M
2023,SE,FT,Data Analyst,126500,USD,126500,US,0,US,M
2023,SE,FT,Data Analyst,78000,USD,78000,US,0,US,M
2023,SE,FT,BI Developer,167500,USD,167500,US,0,US,M
2023,SE,FT,BI Developer,106500,USD,106500,US,0,US,M
2023,SE,FT,Data Scientist,105000,USD,105000,US,0,US,M
2023,SE,FT,Data Scientist,70000,USD,70000,US,0,US,M
2023,MI,FT,Machine Learning Engineer,300000,USD,300000,GB,0,GB,M
2023,MI,FT,Machine Learning Engineer,200000,USD,200000,GB,0,GB,M
2023,SE,FT,Data Engineer,96000,USD,96000,US,100,US,M
2023,SE,FT,Data Engineer,72000,USD,72000,US,100,US,M
2023,SE,FT,Research Scientist,323300,USD,323300,US,0,US,M
2023,SE,FT,Research Scientist,184700,USD,184700,US,0,US,M
2023,SE,FT,Data Scientist,205150,USD,205150,US,100,US,M
2023,SE,FT,Data Scientist,167850,USD,167850,US,100,US,M
2023,SE,FT,Data Scientist,267100,USD,267100,US,100,US,M
2023,SE,FT,Data Scientist,167200,USD,167200,US,100,US,M
2023,SE,FT,Business Intelligence Engineer,247500,USD,247500,US,0,US,M
2023,SE,FT,Business Intelligence Engineer,172200,USD,172200,US,0,US,M
2023,SE,FT,Data Analyst,130000,USD,130000,US,100,US,M
2023,SE,FT,Data Analyst,110000,USD,110000,US,100,US,M
2023,SE,FT,Research Engineer,253000,USD,253000,US,100,US,M
2023,SE,FT,Research Engineer,156400,USD,156400,US,100,US,M
2023,SE,FT,Applied Scientist,222200,USD,222200,US,0,US,L
2023,SE,FT,Applied Scientist,136000,USD,136000,US,0,US,L
2023,SE,FT,Research Scientist,278700,USD,278700,US,0,US,M
2023,SE,FT,Research Scientist,159300,USD,159300,US,0,US,M
2023,SE,FT,Data Scientist,222750,USD,222750,US,0,US,M
2023,SE,FT,Data Scientist,182250,USD,182250,US,0,US,M
2023,EN,FT,Data Scientist,95000,CHF,104024,CH,50,CH,S
2023,MI,FT,Data Scientist,47000,EUR,50745,AD,50,AD,S
2023,SE,FT,Data Engineer,215000,USD,215000,US,0,US,M
2023,SE,FT,Data Engineer,185000,USD,185000,US,0,US,M
2023,SE,FT,Machine Learning Engineer,296400,USD,296400,US,0,US,M
2023,SE,FT,Machine Learning Engineer,148594,USD,148594,US,0,US,M
2023,SE,FT,Data Scientist,206000,USD,206000,US,100,US,M
2023,SE,FT,Data Scientist,140250,USD,140250,US,100,US,M
2023,SE,FT,Data Analytics Manager,254500,USD,254500,US,100,US,L
2023,SE,FT,Data Analytics Manager,130900,USD,130900,US,100,US,L
2023,SE,FT,Data Scientist,198000,USD,198000,US,100,US,M
2023,SE,FT,Data Scientist,124000,USD,124000,US,100,US,M
2023,SE,FT,Data Manager,145000,USD,145000,US,0,US,M
2023,SE,FT,Data Manager,130000,USD,130000,US,0,US,M
2023,SE,FT,BI Analyst,234485,USD,234485,US,100,US,M
2023,SE,FT,BI Analyst,112655,USD,112655,US,100,US,M
2023,SE,FT,Machine Learning Engineer,296400,USD,296400,US,0,US,M
2023,SE,FT,Machine Learning Engineer,148594,USD,148594,US,0,US,M
2023,SE,FT,Applied Scientist,222200,USD,222200,US,0,US,L
2023,SE,FT,Applied Scientist,136000,USD,136000,US,0,US,L
2023,SE,FT,Machine Learning Engineer,200000,USD,200000,US,100,US,M
2023,SE,FT,Machine Learning Engineer,150000,USD,150000,US,100,US,M
2023,EN,FT,Data Analyst,125000,USD,125000,US,0,US,M
2023,EN,FT,Data Analyst,105000,USD,105000,US,0,US,M
2023,MI,FT,Data Scientist,70000,GBP,86128,GB,0,GB,M
2023,MI,FT,Data Scientist,42000,GBP,51676,GB,0,GB,M
2023,MI,FT,Data Engineer,65000,EUR,70179,FR,100,FR,M
2023,MI,FT,Data Engineer,60000,EUR,64781,FR,100,FR,M
2023,SE,FT,Data Scientist,258000,USD,258000,CA,0,CA,M
2023,SE,FT,Data Scientist,190000,USD,190000,CA,0,CA,M
2023,SE,FT,Data Scientist,184184,USD,184184,US,100,US,M
2023,SE,FT,Data Scientist,167441,USD,167441,US,100,US,M
2023,EN,FT,AI Programmer,100000,CAD,74087,CA,100,CA,L
2023,EN,FT,Data Scientist,30000,EUR,32390,NL,0,NL,L
2023,EX,FT,Data Engineer,204500,USD,204500,US,0,US,M
2023,EX,FT,Data Engineer,130000,USD,130000,US,0,US,M
2023,EN,FT,Analytics Engineer,90000,USD,90000,US,0,US,M
2023,EN,FT,Analytics Engineer,84000,USD,84000,US,0,US,M
2023,SE,FT,Data Scientist,136000,USD,136000,US,0,US,M
2023,SE,FT,Data Scientist,104000,USD,104000,US,0,US,M
2023,SE,FT,Data Engineer,202400,USD,202400,US,100,US,M
2023,SE,FT,Data Engineer,147200,USD,147200,US,100,US,M
2023,EN,FT,Data Engineer,80000,USD,80000,US,0,US,M
2023,EN,FT,Data Engineer,52500,USD,52500,US,0,US,M
2023,MI,FT,Data Engineer,128000,USD,128000,US,0,US,M
2023,MI,FT,Data Engineer,81500,USD,81500,US,0,US,M
2023,SE,FT,Data Analyst,105000,USD,105000,US,100,US,M
2023,SE,FT,Data Analyst,75000,USD,75000,US,100,US,M
2023,SE,FT,Data Analyst,95000,USD,95000,US,0,US,M
2023,SE,FT,Data Analyst,75000,USD,75000,US,0,US,M
2023,MI,FT,Data Engineer,167500,USD,167500,US,0,US,M
2023,MI,FT,Data Engineer,106500,USD,106500,US,0,US,M
2023,SE,FT,Data Scientist,139500,USD,139500,US,100,US,M
2023,SE,FT,Data Scientist,90000,USD,90000,US,100,US,M
2023,SE,FT,Machine Learning Engineer,269500,USD,269500,US,0,US,M
2023,SE,FT,Machine Learning Engineer,166600,USD,166600,US,0,US,M
2023,SE,FT,AI Architect,330000,USD,330000,US,0,US,M
2023,SE,FT,AI Architect,204000,USD,204000,US,0,US,M
2023,SE,FT,Data Engineer,252000,USD,252000,US,0,US,M
2023,SE,FT,Data Engineer,129000,USD,129000,US,0,US,M
2023,SE,FT,Data Engineer,180000,USD,180000,US,100,US,M
2023,SE,FT,Data Engineer,165000,USD,165000,US,100,US,M
2023,SE,FT,Business Intelligence Engineer,192000,USD,192000,US,0,US,M
2023,SE,FT,Business Intelligence Engineer,142000,USD,142000,US,0,US,M
2023,SE,FT,Data Operations Manager,143000,USD,143000,US,100,US,M
2023,SE,FT,Data Operations Manager,129000,USD,129000,US,100,US,M
2023,SE,FT,Data Scientist,191000,USD,191000,US,100,US,M
2023,SE,FT,Data Scientist,146000,USD,146000,US,100,US,M
2023,SE,FT,Data Specialist,85000,USD,85000,US,0,US,M
2023,SE,FT,Data Specialist,70000,USD,70000,US,0,US,M
2023,SE,FT,Data Scientist,155000,USD,155000,US,0,US,M
2023,SE,FT,Data Scientist,139500,USD,139500,US,0,US,M
2023,SE,FT,Data Engineer,120000,GBP,147648,GB,100,GB,M
2023,SE,FT,Data Engineer,80000,GBP,98432,GB,100,GB,M
2023,SE,FT,Data Analyst,138860,USD,138860,US,0,US,M
2023,SE,FT,Data Analyst,122720,USD,122720,US,0,US,M
2023,SE,FT,Machine Learning Engineer,212800,USD,212800,US,0,US,M
2023,SE,FT,Machine Learning Engineer,144800,USD,144800,US,0,US,M
2023,MI,FT,Data Analyst,250000,USD,250000,US,100,US,M
2023,MI,FT,Data Analyst,100000,USD,100000,US,100,US,M
2023,SE,FT,Data Scientist,209450,USD,209450,US,100,US,M
2023,SE,FT,Data Scientist,167560,USD,167560,US,100,US,M
2023,EN,FT,Data Scientist,16000,USD,16000,EC,100,EC,L
2023,MI,FT,Data Engineer,27000,USD,27000,PE,100,PT,S
2023,EX,FT,Data Manager,72000,USD,72000,MX,100,MX,S
2023,SE,FT,Data Engineer,172900,USD,172900,US,0,US,M
2023,SE,FT,Data Engineer,144100,USD,144100,US,0,US,M
2023,SE,FT,Data Scientist,230000,USD,230000,US,100,US,M
2023,SE,FT,Data Scientist,175000,USD,175000,US,100,US,M
2023,SE,FT,BI Analyst,160000,USD,160000,US,0,US,M
2023,SE,FT,BI Analyst,135000,USD,135000,US,0,US,M
2023,SE,FT,Data Analyst,150000,USD,150000,US,0,US,M
2023,SE,FT,Data Analyst,110000,USD,110000,US,0,US,M
2023,SE,FT,Data Analyst,101500,USD,101500,US,100,US,M
2023,SE,FT,Data Analyst,83700,USD,83700,US,100,US,M
2023,SE,FT,Data Scientist,310270,USD,310270,US,0,US,M
2023,SE,FT,Data Scientist,253430,USD,253430,US,0,US,M
2023,SE,FT,Business Intelligence Engineer,202800,USD,202800,US,0,US,L
2023,SE,FT,Business Intelligence Engineer,104300,USD,104300,US,0,US,L
2023,SE,FT,Data Analyst,110000,USD,110000,US,0,US,M
2023,SE,FT,Data Analyst,70000,USD,70000,US,0,US,M
2023,SE,FT,Data Scientist,283000,USD,283000,US,0,US,M
2023,SE,FT,Data Scientist,184000,USD,184000,US,0,US,M
2023,SE,FT,Data Analyst,166500,USD,166500,US,0,US,M
2023,SE,FT,Data Analyst,113220,USD,113220,US,0,US,M
2023,EX,FT,Data Scientist,220000,USD,220000,US,0,US,M
2023,EX,FT,Data Scientist,185000,USD,185000,US,0,US,M
2023,SE,FT,Data Engineer,260000,USD,260000,US,0,US,M
2023,SE,FT,Data Engineer,225000,USD,225000,US,0,US,M
2023,SE,FT,Applied Scientist,246500,USD,246500,US,0,US,M
2023,SE,FT,Applied Scientist,133500,USD,133500,US,0,US,M
2023,SE,FT,Data Engineer,331640,USD,331640,US,0,US,M
2023,SE,FT,Data Engineer,283780,USD,283780,US,0,US,M
2023,SE,FT,Deep Learning Engineer,331640,USD,331640,US,0,US,M
2023,SE,FT,Deep Learning Engineer,283780,USD,283780,US,0,US,M
2023,SE,FT,Data Scientist,174000,USD,174000,US,100,US,M
2023,SE,FT,Data Scientist,134000,USD,134000,US,100,US,M
2023,SE,FT,Data Scientist,359170,USD,359170,US,0,US,M
2023,SE,FT,Data Scientist,310270,USD,310270,US,0,US,M
2023,SE,FT,Machine Learning Engineer,331640,USD,331640,US,0,US,M
2023,SE,FT,Machine Learning Engineer,283780,USD,283780,US,0,US,M
2023,SE,FT,Data Scientist,359170,USD,359170,US,0,US,M
2023,SE,FT,Data Scientist,295490,USD,295490,US,0,US,M
2023,SE,FT,Research Engineer,189110,USD,189110,US,0,US,M
2023,SE,FT,Research Engineer,139000,USD,139000,US,0,US,M
2023,EX,FT,Data Scientist,330000,USD,330000,US,0,US,M
2023,EX,FT,Data Scientist,230000,USD,230000,US,0,US,M
2023,SE,FT,Data Engineer,254000,USD,254000,US,100,US,M
2023,SE,FT,Data Engineer,200000,USD,200000,US,100,US,M
2023,SE,FT,Applied Scientist,309400,USD,309400,US,0,US,L
2023,SE,FT,Applied Scientist,159100,USD,159100,US,0,US,L
2023,SE,FT,Machine Learning Engineer,331640,USD,331640,US,0,US,M
2023,SE,FT,Machine Learning Engineer,267720,USD,267720,US,0,US,M
2023,SE,FT,Machine Learning Engineer,283780,USD,283780,US,0,US,M
2023,SE,FT,Machine Learning Engineer,218540,USD,218540,US,0,US,M
2023,MI,FT,Data Scientist,100000,GBP,123040,GB,0,GB,M
2023,MI,FT,Data Scientist,60000,GBP,73824,GB,0,GB,M
2023,MI,FT,Data Manager,167000,USD,167000,US,0,US,M
2023,MI,FT,Data Manager,109000,USD,109000,US,0,US,M
2023,SE,FT,Data Engineer,208000,USD,208000,US,100,US,M
2023,SE,FT,Data Engineer,193000,USD,193000,US,100,US,M
2023,SE,FT,Data Scientist,359170,USD,359170,US,0,US,M
2023,SE,FT,Data Scientist,295490,USD,295490,US,0,US,M
2020,EN,FT,Data Analyst,42000,EUR,47899,DE,0,DE,L
2023,SE,FT,Lead Machine Learning Engineer,115000,USD,115000,MD,100,IL,S
2023,SE,FT,Applied Scientist,216000,USD,216000,US,100,US,M
2023,SE,FT,Applied Scientist,184000,USD,184000,US,100,US,M
2023,SE,FT,Machine Learning Engineer,200000,USD,200000,US,100,US,M
2023,SE,FT,Machine Learning Engineer,145000,USD,145000,US,100,US,M
2023,SE,FT,Machine Learning Engineer,250000,USD,250000,US,0,US,M
2023,SE,FT,Machine Learning Engineer,166600,USD,166600,US,0,US,M
2023,SE,FT,Machine Learning Engineer,284000,USD,284000,US,100,US,M
2023,SE,FT,Machine Learning Engineer,227000,USD,227000,US,100,US,M
2023,SE,FT,Research Scientist,205000,USD,205000,US,0,US,M
2023,SE,FT,Research Scientist,160000,USD,160000,US,0,US,M
2023,SE,FT,Machine Learning Engineer,191400,USD,191400,US,0,US,M
2023,SE,FT,Machine Learning Engineer,127600,USD,127600,US,0,US,M
2023,SE,FT,Applied Scientist,222200,USD,222200,US,0,US,L
2023,SE,FT,Applied Scientist,136000,USD,136000,US,0,US,L
2023,SE,FT,Machine Learning Engineer,191400,USD,191400,US,0,US,M
2023,SE,FT,Machine Learning Engineer,127600,USD,127600,US,0,US,M
2023,SE,FT,Machine Learning Engineer,230000,USD,230000,US,100,US,M
2023,SE,FT,Machine Learning Engineer,175000,USD,175000,US,100,US,M
2023,SE,FT,Data Analyst,139600,USD,139600,US,0,US,M
2023,SE,FT,Data Analyst,85700,USD,85700,US,0,US,M
2023,MI,FT,Data Analytics Manager,3200000,INR,38915,IN,50,IN,M
2023,MI,FT,Data Quality Analyst,95000,USD,95000,US,0,US,M
2023,MI,FT,Data Quality Analyst,70000,USD,70000,US,0,US,M
2023,MI,FT,Data Engineer,258000,USD,258000,US,0,US,M
2023,MI,FT,Data Engineer,171000,USD,171000,US,0,US,M
2023,SE,FT,Decision Scientist,204500,USD,204500,US,0,US,M
2023,SE,FT,Decision Scientist,126400,USD,126400,US,0,US,M
2023,SE,FT,Data Engineer,87000,USD,87000,CA,0,CA,M
2023,SE,FT,Data Engineer,73000,USD,73000,CA,0,CA,M
2023,EN,FT,AI Scientist,20000,USD,20000,TR,100,TR,S
2020,EX,FT,Data Scientist,300000,USD,300000,US,100,US,L
2023,MI,FT,Data Modeler,90000,GBP,110736,GB,0,GB,M
2023,MI,FT,Data Modeler,45000,GBP,55368,GB,0,GB,M
2023,SE,FT,Data Engineer,232960,USD,232960,US,0,US,M
2023,SE,FT,Data Engineer,151840,USD,151840,US,0,US,M
2023,SE,FT,Data Engineer,163152,USD,163152,US,0,US,M
2023,SE,FT,Data Engineer,108768,USD,108768,US,0,US,M
2023,SE,FT,Research Engineer,370000,USD,370000,US,0,US,M
2023,SE,FT,Research Engineer,245000,USD,245000,US,0,US,M
2023,SE,FT,Machine Learning Engineer,285000,USD,285000,US,0,US,M
2023,SE,FT,Machine Learning Engineer,193900,USD,193900,US,0,US,M
2023,SE,FT,Research Scientist,240000,USD,240000,US,0,US,M
2023,SE,FT,Research Scientist,163200,USD,163200,US,0,US,M
2023,SE,FT,Data Scientist,222000,USD,222000,US,100,US,M
2023,SE,FT,Data Scientist,166500,USD,166500,US,100,US,M
2023,SE,FT,Machine Learning Engineer,240000,USD,240000,US,0,US,M
2023,SE,FT,Machine Learning Engineer,163200,USD,163200,US,0,US,M
2023,SE,FT,Research Scientist,345000,USD,345000,US,0,US,M
2023,SE,FT,Research Scientist,234700,USD,234700,US,0,US,M
2023,SE,FT,AI Scientist,100000,USD,100000,TR,100,US,S
2023,EN,FT,Finance Data Analyst,40000,USD,40000,NG,0,NG,S
2023,SE,FT,Machine Learning Engineer,226600,USD,226600,US,0,US,M
2023,SE,FT,Machine Learning Engineer,140100,USD,140100,US,0,US,M
2023,SE,FT,Data Engineer,241000,USD,241000,US,0,US,M
2023,SE,FT,Data Engineer,155000,USD,155000,US,0,US,M
2023,SE,FT,Software Data Engineer,210000,USD,210000,US,100,US,L
2023,MI,FT,Machine Learning Research Engineer,90000,USD,90000,SA,100,SA,M
2023,MI,FT,Data Analyst,55000,EUR,59382,DE,50,DE,L
2023,SE,FT,Analytics Engineer,90000,USD,90000,US,0,US,M
2023,SE,FT,Analytics Engineer,84000,USD,84000,US,0,US,M
2023,SE,FT,Data Analyst,160000,USD,160000,US,100,US,M
2023,SE,FT,Data Analyst,140000,USD,140000,US,100,US,M
2023,SE,FT,Analytics Engineer,221300,USD,221300,US,0,US,M
2023,SE,FT,Analytics Engineer,147500,USD,147500,US,0,US,M
2023,EX,FT,Data Engineer,204500,USD,204500,US,0,US,M
2023,EX,FT,Data Engineer,130000,USD,130000,US,0,US,M
2023,SE,FT,Machine Learning Engineer,210000,USD,210000,US,100,US,M
2023,SE,FT,Machine Learning Engineer,160000,USD,160000,US,100,US,M
2023,SE,FT,Machine Learning Engineer,204500,USD,204500,US,0,US,M
2023,SE,FT,Machine Learning Engineer,142200,USD,142200,US,0,US,M
2023,SE,FT,Data Analyst,186600,USD,186600,US,100,US,M
2023,SE,FT,Data Analyst,119800,USD,119800,US,100,US,M
2023,SE,FT,Analytics Engineer,192000,USD,192000,US,100,US,M
2023,SE,FT,Analytics Engineer,151000,USD,151000,US,100,US,M
2023,SE,FT,Business Intelligence Engineer,185000,USD,185000,US,0,US,L
2023,SE,FT,Business Intelligence Engineer,79600,USD,79600,US,0,US,L
2023,SE,FT,Data Scientist,169000,USD,169000,US,0,US,M
2023,SE,FT,Data Scientist,129300,USD,129300,US,0,US,M
2023,SE,FT,Data Engineer,204500,USD,204500,US,0,US,M
2023,SE,FT,Data Engineer,142200,USD,142200,US,0,US,M
2023,SE,FT,Data Engineer,250000,USD,250000,US,0,US,M
2023,SE,FT,Data Engineer,130000,USD,130000,US,0,US,M
2023,SE,FT,Business Intelligence Engineer,210000,USD,210000,US,0,US,M
2023,SE,FT,Business Intelligence Engineer,170000,USD,170000,US,0,US,M
2023,SE,FT,Analytics Engineer,221300,USD,221300,US,0,US,M
2023,SE,FT,Analytics Engineer,147500,USD,147500,US,0,US,M
2023,SE,FT,Data Scientist,189750,USD,189750,US,0,US,M
2023,SE,FT,Data Scientist,131100,USD,131100,US,0,US,M
2023,SE,FT,Data Scientist,299500,USD,299500,US,0,US,M
2023,SE,FT,Data Scientist,245100,USD,245100,US,0,US,M
2023,MI,FT,Data Engineer,128000,USD,128000,US,0,US,M
2023,MI,FT,Data Engineer,81500,USD,81500,US,0,US,M
2023,EN,FT,Data Engineer,80000,USD,80000,US,0,US,M
2023,EN,FT,Data Engineer,52500,USD,52500,US,0,US,M
2023,SE,FT,Research Scientist,370000,USD,370000,US,0,US,M
2023,SE,FT,Research Scientist,200000,USD,200000,US,0,US,M
2023,MI,FT,Data Engineer,72000,USD,72000,CO,100,CO,M
2023,MI,FT,Data Engineer,60000,USD,60000,CO,100,CO,M
2023,SE,FT,Data Scientist,180000,USD,180000,US,100,US,M
2023,SE,FT,Data Scientist,140000,USD,140000,US,100,US,M
2023,SE,FT,Data Analyst,94000,USD,94000,US,0,US,M
2023,SE,FT,Data Analyst,81900,USD,81900,US,0,US,M
2023,SE,FT,Analytics Engineer,210000,USD,210000,US,100,US,M
2023,SE,FT,Analytics Engineer,159090,USD,159090,US,100,US,M
2023,SE,FT,Machine Learning Engineer,210000,USD,210000,US,0,US,M
2023,SE,FT,Machine Learning Engineer,175000,USD,175000,US,0,US,M
2023,SE,FT,Data Analyst,118000,USD,118000,US,100,US,M
2023,SE,FT,Data Analyst,94400,USD,94400,US,100,US,M
2023,MI,FT,Data Architect,150000,USD,150000,US,100,US,M
2023,MI,FT,Data Architect,90000,USD,90000,US,100,US,M
2023,MI,FT,Data Scientist,190000,USD,190000,CA,100,CA,M
2023,MI,FT,Data Scientist,125000,USD,125000,CA,100,CA,M
2023,EN,FT,Data Engineer,130002,USD,130002,US,100,US,M
2023,EN,FT,Data Engineer,71908,USD,71908,US,100,US,M
2023,MI,FT,Data Analyst,80000,USD,80000,US,0,US,M
2023,MI,FT,Data Analyst,60000,USD,60000,US,0,US,M
2023,MI,FT,Data Engineer,167500,USD,167500,US,0,US,M
2023,MI,FT,Data Engineer,106500,USD,106500,US,0,US,M
2023,SE,FT,Business Intelligence Engineer,202800,USD,202800,US,0,US,L
2023,SE,FT,Business Intelligence Engineer,104300,USD,104300,US,0,US,L
2023,MI,FT,AI Scientist,121000,AUD,81838,AU,100,AU,L
2023,EN,FT,Compliance Data Analyst,60000,USD,60000,US,100,US,L
2023,SE,FT,Data Engineer,185900,USD,185900,US,0,US,M
2023,SE,FT,Data Engineer,129300,USD,129300,US,0,US,M
2023,SE,FT,Data Analyst,150000,USD,150000,US,0,US,M
2023,SE,FT,Data Analyst,110000,USD,110000,US,0,US,M
2023,SE,FT,Data Scientist,230000,USD,230000,US,100,US,M
2023,SE,FT,Data Scientist,175000,USD,175000,US,100,US,M
2023,SE,FT,Machine Learning Scientist,200000,USD,200000,US,0,US,M
2023,SE,FT,Machine Learning Scientist,170000,USD,170000,US,0,US,M
2023,SE,FT,Data Scientist,175000,USD,175000,US,100,US,M
2023,SE,FT,Data Scientist,160000,USD,160000,US,100,US,M
2023,SE,FT,Data Scientist,255000,USD,255000,US,0,US,M
2023,SE,FT,Data Scientist,160000,USD,160000,US,0,US,M
2023,SE,FT,Analytics Engineer,116990,USD,116990,US,100,US,M
2023,SE,FT,Analytics Engineer,82920,USD,82920,US,100,US,M
2023,SE,FT,Data Engineer,121000,USD,121000,US,0,US,M
2023,SE,FT,Data Engineer,78000,USD,78000,US,0,US,M
2023,SE,FT,Analytics Engineer,159000,USD,159000,US,100,US,M
2023,SE,FT,Analytics Engineer,105000,USD,105000,US,100,US,M
2023,SE,FT,Applied Scientist,309400,USD,309400,US,0,US,L
2023,SE,FT,Applied Scientist,159100,USD,159100,US,0,US,L
2023,MI,FT,Research Scientist,155000,USD,155000,US,0,US,M
2023,MI,FT,Research Scientist,102000,USD,102000,US,0,US,M
2023,SE,FT,Research Scientist,374000,USD,374000,US,0,US,M
2023,SE,FT,Research Scientist,197500,USD,197500,US,0,US,M
2023,SE,FT,Applied Scientist,260000,USD,260000,US,0,US,L
2023,SE,FT,Applied Scientist,136000,USD,136000,US,0,US,L
2023,SE,FT,Data Scientist,240000,USD,240000,US,0,US,M
2023,SE,FT,Data Scientist,187000,USD,187000,US,0,US,M
2023,MI,FT,Applied Scientist,20000,USD,20000,NG,100,US,L
2023,SE,FT,Machine Learning Engineer,210000,USD,210000,US,0,US,M
2023,SE,FT,Machine Learning Engineer,190000,USD,190000,US,0,US,M
2023,MI,FT,Data Quality Analyst,95000,USD,95000,US,0,US,M
2023,MI,FT,Data Quality Analyst,70000,USD,70000,US,0,US,M
2023,SE,FT,Data Scientist,195000,USD,195000,US,100,US,M
2023,SE,FT,Data Scientist,119000,USD,119000,US,100,US,M
2023,SE,FT,Applied Scientist,216000,USD,216000,US,0,US,M
2023,SE,FT,Applied Scientist,184000,USD,184000,US,0,US,M
2023,SE,FT,Machine Learning Engineer,200000,USD,200000,US,100,US,M
2023,SE,FT,Machine Learning Engineer,160000,USD,160000,US,100,US,M
2023,SE,FT,Data Analyst,80000,USD,80000,US,0,US,M
2023,SE,FT,Data Analyst,70000,USD,70000,US,0,US,M
2023,SE,FT,Business Intelligence Engineer,185000,USD,185000,US,0,US,L
2023,SE,FT,Business Intelligence Engineer,79600,USD,79600,US,0,US,L
2023,MI,FT,Data Analyst,60000,GBP,73824,GB,0,GB,M
2023,MI,FT,Data Analyst,50000,GBP,61520,GB,0,GB,M
2023,SE,FT,Data Scientist,266450,USD,266450,US,0,US,M
2023,SE,FT,Data Scientist,177700,USD,177700,US,0,US,M
2023,SE,FT,Data Scientist,245000,USD,245000,US,0,US,M
2023,SE,FT,Data Scientist,185000,USD,185000,US,0,US,M
2023,SE,FT,Machine Learning Engineer,247500,USD,247500,US,0,US,M
2023,SE,FT,Machine Learning Engineer,172200,USD,172200,US,0,US,M
2023,SE,FT,Applied Scientist,222200,USD,222200,US,0,US,L
2023,SE,FT,Applied Scientist,136000,USD,136000,US,0,US,L
2023,SE,FT,Data Operations Specialist,55720,USD,55720,US,100,US,M
2023,SE,FT,Data Operations Specialist,50700,USD,50700,US,100,US,M
2021,MI,PT,Business Data Analyst,56000,USD,56000,GH,100,US,M
2023,SE,FT,Research Engineer,370000,USD,370000,US,0,US,M
2023,SE,FT,Research Engineer,200000,USD,200000,US,0,US,M
2023,SE,FT,Data Engineer,196000,USD,196000,US,0,US,M
2023,SE,FT,Data Engineer,121000,USD,121000,US,0,US,M
2023,SE,FT,Business Intelligence Engineer,202800,USD,202800,US,0,US,L
2023,SE,FT,Business Intelligence Engineer,104300,USD,104300,US,0,US,L
2023,MI,FT,Data Architect,135000,USD,135000,US,0,US,M
2023,MI,FT,Data Architect,115000,USD,115000,US,0,US,M
2023,SE,FT,Machine Learning Software Engineer,302000,USD,302000,US,0,US,M
2023,SE,FT,Machine Learning Software Engineer,189000,USD,189000,US,0,US,M
2023,MI,FT,Data Analyst,65000,USD,65000,US,100,US,M
2023,MI,FT,Data Analyst,55000,USD,55000,US,100,US,M
2023,SE,FT,Machine Learning Engineer,220000,USD,220000,US,100,US,M
2023,SE,FT,Machine Learning Engineer,170000,USD,170000,US,100,US,M
2023,SE,FT,Business Intelligence Engineer,185000,USD,185000,US,0,US,L
2023,SE,FT,Business Intelligence Engineer,79600,USD,79600,US,0,US,L
2023,SE,FT,Data Analyst,110000,USD,110000,US,100,US,M
2023,SE,FT,Data Analyst,75000,USD,75000,US,100,US,M
2023,SE,FT,BI Analyst,150000,USD,150000,US,100,US,M
2023,SE,FT,BI Analyst,93000,USD,93000,US,100,US,M
2022,SE,FT,Data Scientist,190000,USD,190000,US,100,US,L
2023,SE,FT,Data Engineer,200000,PLN,46565,PL,100,PL,L
2023,SE,FT,Machine Learning Engineer,204500,USD,204500,US,0,US,M
2023,SE,FT,Machine Learning Engineer,142200,USD,142200,US,0,US,M
2023,SE,FT,Decision Scientist,204500,USD,204500,US,0,US,M
2023,SE,FT,Decision Scientist,126400,USD,126400,US,0,US,M
2023,SE,FT,Machine Learning Engineer,216000,USD,216000,US,100,US,M
2023,SE,FT,Machine Learning Engineer,184000,USD,184000,US,100,US,M
2023,SE,FT,Data Analyst,139600,USD,139600,US,0,US,M
2023,SE,FT,Data Analyst,85700,USD,85700,US,0,US,M
2023,MI,FT,Data Scientist,100000,USD,100000,US,100,US,M
2023,MI,FT,Data Scientist,128750,USD,128750,US,0,US,M
2023,MI,FT,Data Scientist,79350,USD,79350,US,0,US,M
2023,MI,FT,Data Manager,60000,GBP,73824,GB,0,GB,M
2023,MI,FT,Data Manager,55000,GBP,67672,GB,0,GB,M
2023,SE,FT,Data Scientist,185900,USD,185900,US,0,US,M
2023,SE,FT,Data Scientist,129300,USD,129300,US,0,US,M
2023,SE,FT,Analytics Engineer,174000,USD,174000,US,100,US,M
2023,SE,FT,Analytics Engineer,134000,USD,134000,US,100,US,M
2023,MI,FT,Research Engineer,155000,USD,155000,US,0,US,M
2023,MI,FT,Research Engineer,125000,USD,125000,US,0,US,M
2023,SE,FT,Business Intelligence Engineer,185000,USD,185000,US,0,US,L
2023,SE,FT,Business Intelligence Engineer,79600,USD,79600,US,0,US,L
2023,SE,FT,Data Engineer,194400,USD,194400,US,100,US,M
2023,SE,FT,Data Engineer,132192,USD,132192,US,100,US,M
2023,SE,FT,Machine Learning Engineer,273400,USD,273400,US,100,US,M
2023,SE,FT,Machine Learning Engineer,182200,USD,182200,US,100,US,M
2023,MI,FT,Data Analyst,165000,USD,165000,AU,0,AU,M
2023,MI,FT,Data Analyst,142500,USD,142500,AU,0,AU,M
2023,SE,FT,Data Scientist,213654,USD,213654,GB,0,GB,M
2023,SE,FT,Data Scientist,142436,USD,142436,GB,0,GB,M
2023,SE,FT,Data Engineer,124230,USD,124230,US,100,US,M
2023,SE,FT,Data Engineer,68637,USD,68637,US,100,US,M
2023,MI,FT,Data Engineer,204000,USD,204000,US,100,US,M
2023,MI,FT,Data Engineer,161500,USD,161500,US,100,US,M
2023,SE,FT,Machine Learning Engineer,204500,USD,204500,US,0,US,M
2023,SE,FT,Machine Learning Engineer,142200,USD,142200,US,0,US,M
2023,SE,FT,Decision Scientist,185900,USD,185900,US,0,US,M
2023,SE,FT,Decision Scientist,129300,USD,129300,US,0,US,M
2023,MI,FT,Research Scientist,200000,USD,200000,US,0,US,M
2023,MI,FT,Research Scientist,100000,USD,100000,US,0,US,M
2023,SE,FT,Applied Scientist,260000,USD,260000,US,0,US,L
2023,SE,FT,Applied Scientist,136000,USD,136000,US,0,US,L
2023,SE,FT,Data Scientist,175000,USD,175000,US,0,US,M
2023,SE,FT,Data Scientist,148750,USD,148750,US,0,US,M
2023,SE,FT,Machine Learning Engineer,226600,USD,226600,US,0,US,M
2023,SE,FT,Machine Learning Engineer,140100,USD,140100,US,0,US,M
2023,SE,FT,Data Scientist,135000,USD,135000,US,100,US,M
2023,SE,FT,Data Scientist,95000,USD,95000,US,100,US,M
2023,SE,FT,Machine Learning Engineer,287700,USD,287700,US,0,US,L
2023,SE,FT,Machine Learning Engineer,148000,USD,148000,US,0,US,L
2023,SE,FT,Data Scientist,227240,USD,227240,US,100,US,M
2023,SE,FT,Data Scientist,197600,USD,197600,US,100,US,M
2023,SE,FT,Data Scientist,161000,USD,161000,US,100,US,M
2023,SE,FT,Data Scientist,140000,USD,140000,US,100,US,M
2023,SE,FT,Machine Learning Engineer,221000,USD,221000,US,0,US,M
2023,SE,FT,Machine Learning Engineer,185000,USD,185000,US,0,US,M
2023,SE,FT,Data Scientist,210000,USD,210000,US,0,US,M
2023,SE,FT,Data Scientist,178500,USD,178500,US,0,US,M
2023,MI,FT,Machine Learning Engineer,180000,USD,180000,US,100,US,M
2023,MI,FT,Machine Learning Engineer,150000,USD,150000,US,100,US,M
2023,MI,FT,Analytics Engineer,146100,USD,146100,GB,0,GB,M
2023,MI,FT,Analytics Engineer,112400,USD,112400,GB,0,GB,M
2023,SE,FT,Data Analyst,160000,USD,160000,US,100,US,M
2023,SE,FT,Data Analyst,140000,USD,140000,US,100,US,M
2023,MI,FT,Data Architect,70000,GBP,86128,GB,0,GB,M
2023,MI,FT,Data Architect,65000,GBP,79976,GB,0,GB,M
2023,SE,FT,Machine Learning Engineer,331640,USD,331640,US,0,US,M
2023,SE,FT,Machine Learning Engineer,267720,USD,267720,US,0,US,M
2023,SE,FT,Data Engineer,285000,USD,285000,US,0,US,M
2023,SE,FT,Data Engineer,205000,USD,205000,US,0,US,M
2023,EN,FT,Computer Vision Engineer,90000,USD,90000,IN,100,US,M
2023,SE,FT,Data Analyst,120350,USD,120350,US,0,US,M
2023,SE,FT,Data Analyst,74400,USD,74400,US,0,US,M
2023,SE,FT,Data Engineer,146000,USD,146000,US,0,US,M
2023,SE,FT,Data Engineer,94000,USD,94000,US,0,US,M
2023,MI,FT,Machine Learning Engineer,237400,USD,237400,US,0,US,M
2023,MI,FT,Machine Learning Engineer,158200,USD,158200,US,0,US,M
2023,SE,FT,Business Intelligence Engineer,225000,USD,225000,US,0,US,M
2023,SE,FT,Business Intelligence Engineer,156400,USD,156400,US,0,US,M
2023,SE,FT,Machine Learning Engineer,192000,USD,192000,US,100,US,M
2023,SE,FT,Machine Learning Engineer,164000,USD,164000,US,100,US,M
2023,SE,FT,Business Intelligence Engineer,150000,USD,150000,US,0,US,M
2023,SE,FT,Business Intelligence Engineer,141000,USD,141000,US,0,US,M
2023,SE,FT,Applied Scientist,260000,USD,260000,US,0,US,L
2023,SE,FT,Applied Scientist,136000,USD,136000,US,0,US,L
2023,SE,FT,Applied Scientist,309400,USD,309400,US,0,US,L
2023,SE,FT,Applied Scientist,159100,USD,159100,US,0,US,L
2023,SE,FT,Analytics Engineer,267000,USD,267000,US,0,US,M
2023,SE,FT,Analytics Engineer,205000,USD,205000,US,0,US,M
2023,SE,FT,Research Scientist,147100,USD,147100,US,0,US,M
2023,SE,FT,Research Scientist,90700,USD,90700,US,0,US,M
2023,SE,FT,Data Analyst,115000,USD,115000,US,100,US,M
2023,SE,FT,Data Analyst,72000,USD,72000,US,100,US,M
2023,SE,FT,Data Analyst,169000,USD,169000,US,0,US,M
2023,SE,FT,Data Analyst,110600,USD,110600,US,0,US,M
2023,SE,FT,Data Analyst,55000,GBP,67672,GB,0,GB,M
2023,SE,FT,Data Analyst,55000,GBP,67672,GB,0,GB,M
2023,SE,FT,Business Intelligence Engineer,185000,USD,185000,US,0,US,L
2023,SE,FT,Business Intelligence Engineer,79600,USD,79600,US,0,US,L
2023,SE,FT,Data Engineer,165000,USD,165000,US,0,US,M
2023,SE,FT,Data Engineer,141000,USD,141000,US,0,US,M
2023,EN,FT,Cloud Data Engineer,144000,GBP,177177,GB,100,GB,L
2023,SE,FT,Data Scientist,240000,USD,240000,US,0,US,S
2023,SE,FT,Data Scientist,142000,USD,142000,US,0,US,S
2023,MI,CT,Machine Learning Engineer,180000,USD,180000,US,100,US,S
2023,MI,CT,Machine Learning Engineer,105000,USD,105000,US,100,US,S
2023,EN,FT,Data Analyst,80000,USD,80000,US,100,US,M
2023,EN,FT,Data Analyst,60000,USD,60000,US,100,US,M
2023,SE,FT,Machine Learning Engineer,268000,USD,268000,US,100,US,M
2023,SE,FT,Machine Learning Engineer,180000,USD,180000,US,100,US,M
2023,MI,FT,Analytics Engineer,144628,USD,144628,US,0,US,M
2023,MI,FT,Analytics Engineer,115702,USD,115702,US,0,US,M
2023,SE,FT,Data Analyst,144000,USD,144000,US,100,US,M
2023,SE,FT,Data Analyst,132000,USD,132000,US,100,US,M
2023,SE,FT,Data Analyst,106400,USD,106400,GB,0,GB,M
2023,SE,FT,Data Analyst,81800,USD,81800,GB,0,GB,M
2023,SE,FT,Data Analyst,134200,USD,134200,GB,0,GB,M
2023,SE,FT,Data Analyst,103200,USD,103200,GB,0,GB,M
2023,SE,FT,Data Analyst,110000,USD,110000,US,100,US,M
2023,SE,FT,Data Analyst,93500,USD,93500,US,100,US,M
2023,SE,FT,Data Engineer,208200,USD,208200,US,100,US,M
2023,SE,FT,Data Engineer,151200,USD,151200,US,100,US,M
2023,SE,FT,Machine Learning Engineer,240000,USD,240000,US,0,US,M
2023,SE,FT,Machine Learning Engineer,180000,USD,180000,US,0,US,M
2023,SE,FT,Data Scientist,270000,USD,270000,US,0,US,M
2023,SE,FT,Data Scientist,220000,USD,220000,US,0,US,M
2023,EX,FT,Data Engineer,194500,USD,194500,US,0,US,M
2023,EX,FT,Data Engineer,115500,USD,115500,US,0,US,M
2023,SE,FT,Data Scientist,225000,USD,225000,US,0,US,M
2023,SE,FT,Data Scientist,156400,USD,156400,US,0,US,M
2023,SE,FT,Data Analyst,140000,USD,140000,GB,100,GB,M
2023,SE,FT,Data Analyst,100000,USD,100000,GB,100,GB,M
2023,SE,FT,Machine Learning Engineer,193600,USD,193600,US,0,US,M
2023,SE,FT,Machine Learning Engineer,119700,USD,119700,US,0,US,M
2023,SE,FT,Machine Learning Engineer,225000,USD,225000,FR,0,FR,M
2023,SE,FT,Machine Learning Engineer,199000,USD,199000,FR,0,FR,M
2023,EN,FT,Data Analyst,50000,USD,50000,US,100,US,M
2023,EN,FT,Data Analyst,40000,USD,40000,US,100,US,M
2023,SE,FT,Data Scientist,185900,USD,185900,US,0,US,M
2023,SE,FT,Data Scientist,129300,USD,129300,US,0,US,M
2023,SE,FT,Data Analyst,120000,USD,120000,US,100,US,M
2023,SE,FT,Data Analyst,95000,USD,95000,US,100,US,M
2023,MI,FT,Data Analyst,80000,GBP,98432,GB,0,GB,M
2023,MI,FT,Data Analyst,45000,GBP,55368,GB,0,GB,M
2023,SE,FT,Data Scientist,225000,USD,225000,US,0,US,M
2023,SE,FT,Data Scientist,156400,USD,156400,US,0,US,M
2023,SE,FT,Analytics Engineering Manager,325000,GBP,399880,GB,50,GB,L
2023,EX,FT,Data Scientist,1050000,NOK,100416,NO,50,NO,S
2023,EN,FT,Data Engineer,38000,EUR,41027,ES,100,ES,L
2023,SE,FT,Machine Learning Engineer,155000,USD,155000,US,0,US,M
2023,SE,FT,Machine Learning Engineer,100000,USD,100000,US,0,US,M
2023,SE,FT,Data Analyst,85000,USD,85000,US,0,US,M
2023,SE,FT,Data Analyst,65000,USD,65000,US,0,US,M
2023,SE,FT,Data Architect,280100,USD,280100,US,100,US,M
2023,SE,FT,Data Architect,168100,USD,168100,US,100,US,M
2023,SE,FT,Machine Learning Scientist,200000,USD,200000,US,0,US,M
2023,SE,FT,Machine Learning Scientist,120000,USD,120000,US,0,US,M
2023,SE,FT,Business Intelligence Engineer,185000,USD,185000,US,0,US,L
2023,SE,FT,Business Intelligence Engineer,79600,USD,79600,US,0,US,L
2023,SE,FT,Data Engineer,149040,USD,149040,US,100,US,M
2023,SE,FT,Data Engineer,113900,USD,113900,US,100,US,M
2023,SE,FT,Machine Learning Engineer,240000,USD,240000,US,0,US,M
2023,SE,FT,Machine Learning Engineer,180000,USD,180000,US,0,US,M
2023,SE,FT,Machine Learning Scientist,165000,USD,165000,US,100,US,M
2023,SE,FT,Machine Learning Scientist,145000,USD,145000,US,100,US,M
2023,SE,FT,Machine Learning Scientist,165000,USD,165000,US,100,US,M
2023,SE,FT,Machine Learning Scientist,145000,USD,145000,US,100,US,M
2023,SE,FT,Data Architect,274450,USD,274450,US,0,US,M
2023,SE,FT,Data Architect,199600,USD,199600,US,0,US,M
2023,MI,FT,Data Engineer,83500,USD,83500,US,0,US,M
2023,MI,FT,Data Engineer,52500,USD,52500,US,0,US,M
2023,SE,FT,Business Intelligence Developer,140000,USD,140000,CA,100,CA,M
2023,SE,FT,Business Intelligence Developer,76500,USD,76500,CA,100,CA,M
2023,SE,FT,Data Scientist,45000,EUR,48585,ES,0,ES,M
2023,SE,FT,Data Scientist,36000,EUR,38868,ES,0,ES,M
2023,SE,FT,Data Architect,306000,USD,306000,US,100,US,M
2023,SE,FT,Data Architect,204000,USD,204000,US,100,US,M
2023,SE,FT,Machine Learning Engineer,204500,USD,204500,US,0,US,M
2023,SE,FT,Machine Learning Engineer,142200,USD,142200,US,0,US,M
2023,SE,FT,Data Scientist,185900,USD,185900,US,0,US,M
2023,SE,FT,Data Scientist,129300,USD,129300,US,0,US,M
2023,SE,FT,Data Analyst,136000,USD,136000,US,100,US,M
2023,SE,FT,Data Analyst,104000,USD,104000,US,100,US,M
2023,SE,FT,Data Engineer,115000,USD,115000,US,0,US,M
2023,SE,FT,Data Engineer,81500,USD,81500,US,0,US,M
2023,MI,FT,Research Scientist,280000,USD,280000,GB,50,GB,L
2023,SE,FT,Data Scientist,800000,NOK,76508,NO,50,NO,S
2023,EX,FT,Data Scientist,250000,USD,250000,US,100,US,M
2023,EX,FT,Data Scientist,180000,USD,180000,US,100,US,M
2023,MI,FT,Data Engineer,100000,USD,100000,US,100,US,M
2023,MI,FT,Data Engineer,70000,USD,70000,US,100,US,M
2023,MI,FT,Data Engineer,100000,USD,100000,US,100,US,M
2023,MI,FT,Data Engineer,70000,USD,70000,US,100,US,M
2023,SE,FT,Data Scientist,240000,USD,240000,US,100,US,M
2023,SE,FT,Data Scientist,157000,USD,157000,US,100,US,M
2023,SE,FT,Applied Scientist,222200,USD,222200,US,0,US,L
2023,SE,FT,Applied Scientist,136000,USD,136000,US,0,US,L
2023,SE,FT,Machine Learning Engineer,204500,USD,204500,US,0,US,M
2023,SE,FT,Machine Learning Engineer,142200,USD,142200,US,0,US,M
2023,SE,FT,Data Analyst,140700,USD,140700,US,100,US,M
2023,SE,FT,Data Analyst,109600,USD,109600,US,100,US,M
2023,SE,FT,Machine Learning Engineer,278000,USD,278000,US,0,US,M
2023,SE,FT,Machine Learning Engineer,173000,USD,173000,US,0,US,M
2023,SE,FT,Data Analyst,110000,USD,110000,US,100,US,M
2023,SE,FT,Data Analyst,95000,USD,95000,US,100,US,M
2023,SE,FT,Data Engineer,305000,USD,305000,US,100,US,M
2023,SE,FT,Data Engineer,160000,USD,160000,US,100,US,M
2023,SE,FT,Data Engineer,175000,USD,175000,US,100,US,M
2023,SE,FT,Data Engineer,125000,USD,125000,US,100,US,M
2023,SE,FT,Data Analyst,155000,USD,155000,GB,0,GB,M
2023,SE,FT,Data Analyst,120000,USD,120000,GB,0,GB,M
2023,SE,FT,Data Analyst,85000,USD,85000,US,100,US,M
2023,SE,FT,Data Analyst,80000,USD,80000,US,100,US,M
2023,EN,FT,Data Scientist,24000,USD,24000,US,100,US,M
2023,SE,FT,Machine Learning Infrastructure Engineer,165400,USD,165400,GB,0,GB,M
2023,SE,FT,Machine Learning Infrastructure Engineer,127300,USD,127300,GB,0,GB,M
2023,SE,FT,Applied Scientist,260000,USD,260000,US,0,US,L
2023,SE,FT,Applied Scientist,136000,USD,136000,US,0,US,L
2023,SE,FT,Business Intelligence Engineer,259000,USD,259000,US,0,US,M
2023,SE,FT,Business Intelligence Engineer,138750,USD,138750,US,0,US,M
2023,SE,FT,Decision Scientist,185900,USD,185900,US,0,US,M
2023,SE,FT,Decision Scientist,129300,USD,129300,US,0,US,M
2023,SE,FT,Machine Learning Engineer,273400,USD,273400,US,0,US,M
2023,SE,FT,Machine Learning Engineer,182200,USD,182200,US,0,US,M
2023,SE,FT,Data Scientist,192000,USD,192000,US,100,US,M
2023,SE,FT,Data Scientist,178000,USD,178000,US,100,US,M
2023,SE,FT,Data Scientist,218000,USD,218000,US,100,US,M
2023,SE,FT,Data Scientist,85000,USD,85000,US,100,US,M
2023,SE,FT,Data Specialist,132000,USD,132000,US,0,US,M
2023,SE,FT,Data Specialist,71500,USD,71500,US,0,US,M
2023,SE,FT,Data Engineer,252000,USD,252000,US,0,US,M
2023,SE,FT,Data Engineer,129000,USD,129000,US,0,US,M
2023,SE,FT,Analytics Engineer,215050,USD,215050,US,0,US,M
2023,SE,FT,Analytics Engineer,113100,USD,113100,US,0,US,M
2023,SE,FT,Applied Scientist,260000,USD,260000,US,0,US,L
2023,SE,FT,Applied Scientist,136000,USD,136000,US,0,US,L
2023,SE,FT,Data Scientist,218000,USD,218000,US,100,US,M
2023,SE,FT,Data Scientist,85000,USD,85000,US,100,US,M
2023,MI,FT,Data Scientist,130000,USD,130000,US,0,US,M
2023,MI,FT,Data Scientist,85000,USD,85000,US,0,US,M
2023,EX,FT,Data Engineer,250000,USD,250000,US,100,US,M
2023,EX,FT,Data Engineer,200000,USD,200000,US,100,US,M
2023,SE,FT,Machine Learning Engineer,220000,USD,220000,US,100,US,M
2023,SE,FT,Machine Learning Engineer,170000,USD,170000,US,100,US,M
2023,SE,FT,Data Engineer,145000,USD,145000,US,0,US,M
2023,SE,FT,Data Engineer,115000,USD,115000,US,0,US,M
2023,SE,FT,Data Scientist,184000,USD,184000,US,0,US,M
2023,SE,FT,Data Scientist,123000,USD,123000,US,0,US,M
2023,MI,FT,Data Analyst,75000,USD,75000,US,100,US,M
2023,MI,FT,Data Analyst,65000,USD,65000,US,100,US,M
2023,SE,FT,Research Scientist,168400,USD,168400,US,0,US,M
2023,SE,FT,Research Scientist,90700,USD,90700,US,0,US,M
2023,SE,FT,Data Engineer,185900,USD,185900,US,0,US,M
2023,SE,FT,Data Engineer,129300,USD,129300,US,0,US,M
2023,SE,FT,Data Scientist,258000,USD,258000,CA,0,CA,M
2023,SE,FT,Data Scientist,190000,USD,190000,CA,0,CA,M
2023,SE,FT,Data Analyst,169000,USD,169000,US,0,US,M
2023,SE,FT,Data Analyst,110600,USD,110600,US,0,US,M
2023,SE,FT,Data Analyst,80000,USD,80000,US,0,US,M
2023,SE,FT,Data Analyst,70000,USD,70000,US,0,US,M
2023,SE,FT,Data Analyst,136505,USD,136505,US,100,US,M
2023,SE,FT,Data Analyst,100895,USD,100895,US,100,US,M
2023,SE,FT,Machine Learning Engineer,200000,USD,200000,US,100,US,M
2023,SE,FT,Machine Learning Engineer,150000,USD,150000,US,100,US,M
2023,SE,FT,Business Intelligence Engineer,202800,USD,202800,US,0,US,L
2023,SE,FT,Business Intelligence Engineer,104300,USD,104300,US,0,US,L
2023,SE,FT,Data Engineer,275300,USD,275300,US,100,US,M
2023,SE,FT,Data Engineer,183500,USD,183500,US,100,US,M
2023,SE,FT,Data Scientist,168400,USD,168400,US,0,US,M
2023,SE,FT,Data Scientist,105200,USD,105200,US,0,US,M
2023,MI,FT,Data Architect,240000,USD,240000,US,100,US,M
2023,MI,FT,Data Architect,150000,USD,150000,US,100,US,M
2023,MI,FT,Data Manager,130000,USD,130000,US,0,US,M
2023,MI,FT,Data Manager,120000,USD,120000,US,0,US,M
2023,MI,FT,Data Analyst,93000,USD,93000,US,100,US,L
2023,SE,FT,Applied Scientist,248100,USD,248100,US,0,US,M
2023,SE,FT,Applied Scientist,145900,USD,145900,US,0,US,M
2023,SE,FT,Data Analyst,177000,USD,177000,US,100,US,M
2023,SE,FT,Data Analyst,118000,USD,118000,US,100,US,M
2023,SE,FT,Data Analyst,120350,USD,120350,US,0,US,M
2023,SE,FT,Data Analyst,74400,USD,74400,US,0,US,M
2023,SE,FT,Data Engineer,190000,USD,190000,US,100,US,M
2023,SE,FT,Data Engineer,120000,USD,120000,US,100,US,M
2023,SE,FT,Machine Learning Engineer,237400,USD,237400,GB,0,GB,M
2023,SE,FT,Machine Learning Engineer,132870,USD,132870,GB,0,GB,M
2023,SE,FT,Research Scientist,248100,USD,248100,US,0,US,M
2023,SE,FT,Research Scientist,145900,USD,145900,US,0,US,M
2023,SE,FT,Data Scientist,170000,USD,170000,US,0,US,M
2023,SE,FT,Data Scientist,125000,USD,125000,US,0,US,M
2023,SE,FT,Data Engineer,105000,USD,105000,US,0,US,M
2023,SE,FT,Data Engineer,90000,USD,90000,US,0,US,M
2023,SE,FT,Machine Learning Engineer,317070,USD,317070,US,0,US,M
2023,SE,FT,Machine Learning Engineer,170730,USD,170730,US,0,US,M
2023,MI,FT,Machine Learning Engineer,170000,USD,170000,US,0,US,M
2023,MI,FT,Machine Learning Engineer,125000,USD,125000,US,0,US,M
2023,SE,FT,Data Engineer,158700,USD,158700,US,0,US,M
2023,SE,FT,Data Engineer,123906,USD,123906,US,0,US,M
2023,SE,FT,Applied Scientist,222200,USD,222200,US,0,US,L
2023,SE,FT,Applied Scientist,136000,USD,136000,US,0,US,L
2023,SE,FT,Data Engineer,166000,USD,166000,US,0,US,M
2023,SE,FT,Data Engineer,128000,USD,128000,US,0,US,M
2023,MI,FT,Data Engineer,75000,EUR,80976,ES,100,ES,M
2023,MI,FT,Data Engineer,62000,EUR,66940,ES,100,ES,M
2023,EX,FT,Data Engineer,333500,USD,333500,US,0,US,M
2023,EX,FT,Data Engineer,180500,USD,180500,US,0,US,M
2023,SE,FT,Machine Learning Engineer,242921,USD,242921,US,0,US,M
2023,SE,FT,Machine Learning Engineer,170045,USD,170045,US,0,US,M
2023,SE,FT,Research Scientist,248100,USD,248100,US,0,US,M
2023,SE,FT,Research Scientist,145900,USD,145900,US,0,US,M
2023,MI,FT,Data Engineer,75000,GBP,92280,GB,100,GB,M
2023,MI,FT,Data Engineer,62000,GBP,76284,GB,100,GB,M
2023,SE,FT,Business Intelligence Engineer,225000,USD,225000,US,0,US,M
2023,SE,FT,Business Intelligence Engineer,156400,USD,156400,US,0,US,M
2023,EX,FT,Data Engineer,257400,USD,257400,US,100,US,M
2023,EX,FT,Data Engineer,210600,USD,210600,US,100,US,M
2023,MI,FT,Data Operations Specialist,65000,USD,65000,US,0,US,M
2023,MI,FT,Data Operations Specialist,50000,USD,50000,US,0,US,M
2023,SE,FT,Data Engineer,293000,USD,293000,US,0,US,M
2023,SE,FT,Data Engineer,180000,USD,180000,US,0,US,M
2023,EX,FT,Data Scientist,260000,USD,260000,US,100,US,M
2023,EX,FT,Data Scientist,192000,USD,192000,US,100,US,M
2023,MI,FT,Machine Learning Scientist,170000,USD,170000,US,0,US,M
2023,MI,FT,Machine Learning Scientist,125000,USD,125000,US,0,US,M
2023,EN,FT,Business Intelligence Data Analyst,99000,USD,99000,US,100,US,L
2023,SE,FT,Data Analyst,130000,USD,130000,US,100,US,M
2023,SE,FT,Data Analyst,100000,USD,100000,US,100,US,M
2023,SE,FT,Machine Learning Engineer,233000,USD,233000,US,0,US,M
2023,SE,FT,Machine Learning Engineer,166000,USD,166000,US,0,US,M
2023,SE,FT,Data Engineer,185100,USD,185100,US,100,US,M
2023,SE,FT,Data Engineer,127600,USD,127600,US,100,US,M
2023,MI,FT,Data Analyst,105000,USD,105000,US,100,US,M
2023,MI,FT,Data Analyst,80000,USD,80000,US,100,US,M
2023,EX,FT,Data Analyst,160000,USD,160000,US,100,US,M
2023,EX,FT,Data Analyst,55000,USD,55000,US,100,US,M
2023,SE,FT,Machine Learning Engineer,241000,USD,241000,US,0,US,M
2023,SE,FT,Machine Learning Engineer,163000,USD,163000,US,0,US,M
2023,MI,FT,Data Scientist,120000,USD,120000,US,100,US,M
2023,MI,FT,Data Scientist,90000,USD,90000,US,100,US,M
2023,SE,FT,Data Scientist,218000,USD,218000,US,0,US,M
2023,SE,FT,Data Scientist,118000,USD,118000,US,0,US,M
2023,SE,FT,Data Scientist,210000,USD,210000,US,0,US,M
2023,SE,FT,Data Scientist,168000,USD,168000,US,0,US,M
2023,SE,FT,Machine Learning Engineer,311000,USD,311000,US,0,US,M
2023,SE,FT,Machine Learning Engineer,162540,USD,162540,US,0,US,M
2023,MI,FT,Insight Analyst,42000,GBP,51676,GB,0,GB,M
2023,MI,FT,Insight Analyst,35000,GBP,43064,GB,0,GB,M
2023,EX,FT,Data Scientist,258750,USD,258750,US,0,US,M
2023,EX,FT,Data Scientist,185000,USD,185000,US,0,US,M
2023,EX,FT,Data Scientist,225000,USD,225000,US,0,US,M
2023,EX,FT,Data Scientist,145000,USD,145000,US,0,US,M
2023,SE,FT,Machine Learning Engineer,226600,USD,226600,US,0,US,M
2023,SE,FT,Machine Learning Engineer,140100,USD,140100,US,0,US,M
2023,SE,FT,Data Scientist,45000,EUR,48585,ES,0,ES,M
2023,SE,FT,Data Scientist,36000,EUR,38868,ES,0,ES,M
2023,SE,FT,Data Scientist,190000,USD,190000,US,0,US,M
2023,SE,FT,Data Scientist,165000,USD,165000,US,0,US,M
2023,SE,FT,Data Scientist,175000,USD,175000,US,100,US,M
2023,SE,FT,Data Scientist,160000,USD,160000,US,100,US,M
2023,SE,FT,Machine Learning Engineer,247500,USD,247500,US,0,US,M
2023,SE,FT,Machine Learning Engineer,172200,USD,172200,US,0,US,M
2023,SE,FT,Machine Learning Engineer,247500,USD,247500,US,0,US,M
2023,SE,FT,Machine Learning Engineer,172200,USD,172200,US,0,US,M
2023,SE,FT,Data Engineer,153600,USD,153600,US,0,US,M
2023,SE,FT,Data Engineer,106800,USD,106800,US,0,US,M
2023,SE,FT,Business Intelligence Developer,140000,USD,140000,CA,0,CA,M
2023,SE,FT,Business Intelligence Developer,76500,USD,76500,CA,0,CA,M
2023,SE,FT,ETL Developer,182850,USD,182850,US,100,US,M
2023,SE,FT,ETL Developer,113000,USD,113000,US,100,US,M
2023,SE,FT,Data Engineer,150000,USD,150000,US,100,US,M
2023,SE,FT,Data Engineer,120000,USD,120000,US,100,US,M
2023,MI,FT,Data Analyst,105000,USD,105000,US,100,US,M
2023,MI,FT,Data Analyst,95000,USD,95000,US,100,US,M
2023,SE,FT,Data Architect,306000,USD,306000,US,100,US,M
2023,SE,FT,Data Architect,204000,USD,204000,US,100,US,M
2023,SE,FT,Data Scientist,160000,USD,160000,US,100,US,M
2023,SE,FT,Data Scientist,135000,USD,135000,US,100,US,M
2023,SE,FT,Data Architect,85000,GBP,104584,GB,0,GB,M
2023,SE,FT,Data Architect,75000,GBP,92280,GB,0,GB,M
2023,MI,FT,Data Analyst,126000,USD,126000,US,0,US,M
2023,MI,FT,Data Analyst,86400,USD,86400,US,0,US,M
2023,SE,FT,Data Engineer,232760,USD,232760,US,100,US,M
2023,SE,FT,Data Engineer,169280,USD,169280,US,100,US,M
2023,SE,FT,Data Analyst,136000,USD,136000,US,100,US,M
2023,SE,FT,Data Analyst,104000,USD,104000,US,100,US,M
2023,SE,FT,Data Scientist,185900,USD,185900,US,0,US,M
2023,SE,FT,Data Scientist,129300,USD,129300,US,0,US,M
2023,SE,FT,Data Scientist,168000,USD,168000,US,100,US,M
2023,SE,FT,Data Scientist,130000,USD,130000,US,100,US,M
2023,SE,FT,Data Scientist,185900,USD,185900,US,0,US,M
2023,SE,FT,Data Scientist,129300,USD,129300,US,0,US,M
2023,MI,FT,Data Engineer,162500,USD,162500,US,0,US,M
2023,MI,FT,Data Engineer,130000,USD,130000,US,0,US,M
2023,SE,FT,Data Scientist,240350,USD,240350,US,100,US,M
2023,SE,FT,Data Scientist,174800,USD,174800,US,100,US,M
2023,SE,FT,Machine Learning Engineer,247500,USD,247500,US,0,US,M
2023,SE,FT,Machine Learning Engineer,172200,USD,172200,US,0,US,M
2023,SE,FT,Data Engineer,154000,USD,154000,US,0,US,M
2023,SE,FT,Data Engineer,116000,USD,116000,US,0,US,M
2023,SE,FT,Data Scientist,168000,USD,168000,US,100,US,M
2023,SE,FT,Data Scientist,130000,USD,130000,US,100,US,M
2023,SE,FT,Data Analyst,153600,USD,153600,US,100,US,M
2023,SE,FT,Data Analyst,107500,USD,107500,US,100,US,M
2023,MI,FT,Data Analyst,94100,USD,94100,GB,0,GB,M
2023,MI,FT,Data Analyst,72400,USD,72400,GB,0,GB,M
2023,SE,FT,Machine Learning Engineer,178000,USD,178000,US,100,US,M
2023,SE,FT,Machine Learning Engineer,152000,USD,152000,US,100,US,M
2023,SE,FT,Applied Scientist,192000,USD,192000,US,100,US,M
2023,SE,FT,Applied Scientist,164000,USD,164000,US,100,US,M
2023,SE,FT,Data Scientist,233200,USD,233200,US,100,US,M
2023,SE,FT,Data Scientist,140000,USD,140000,US,100,US,M
2023,SE,FT,Data Engineer,194000,USD,194000,US,0,US,M
2023,SE,FT,Data Engineer,161000,USD,161000,US,0,US,M
2023,SE,FT,Business Intelligence Engineer,225000,USD,225000,US,0,US,M
2023,SE,FT,Business Intelligence Engineer,156400,USD,156400,US,0,US,M
2023,SE,FT,NLP Engineer,210000,USD,210000,US,100,US,M
2023,SE,FT,NLP Engineer,160000,USD,160000,US,100,US,M
2023,SE,FT,Data Analyst,153600,USD,153600,US,100,US,M
2023,SE,FT,Data Analyst,107500,USD,107500,US,100,US,M
2023,SE,FT,Data Engineer,185900,USD,185900,US,0,US,M
2023,SE,FT,Data Engineer,129300,USD,129300,US,0,US,M
2023,SE,FT,Data Scientist,145000,USD,145000,US,100,US,M
2023,SE,FT,Data Scientist,120000,USD,120000,US,100,US,M
2023,SE,FT,Data Analyst,206000,USD,206000,US,0,US,M
2023,SE,FT,Data Analyst,130000,USD,130000,US,0,US,M
2023,SE,FT,Data Analyst,153600,USD,153600,US,100,US,M
2023,SE,FT,Data Analyst,107500,USD,107500,US,100,US,M
2023,SE,FT,Data Engineer,146100,USD,146100,GB,0,GB,M
2023,SE,FT,Data Engineer,112400,USD,112400,GB,0,GB,M
2023,SE,FT,Data Engineer,241000,USD,241000,US,0,US,M
2023,SE,FT,Data Engineer,155000,USD,155000,US,0,US,M
2023,EX,FT,Data Engineer,194500,USD,194500,US,0,US,M
2023,EX,FT,Data Engineer,115500,USD,115500,US,0,US,M
2023,MI,FT,Data Specialist,110000,USD,110000,US,0,US,M
2023,MI,FT,Data Specialist,70000,USD,70000,US,0,US,M
2023,SE,FT,Machine Learning Engineer,199000,USD,199000,US,100,US,M
2023,SE,FT,Machine Learning Engineer,145000,USD,145000,US,100,US,M
2023,SE,FT,Data Scientist,200000,USD,200000,US,100,US,M
2023,SE,FT,Data Scientist,170000,USD,170000,US,100,US,M
2023,SE,FT,Data Scientist,150120,USD,150120,US,100,US,M
2023,SE,FT,Data Scientist,120096,USD,120096,US,100,US,M
2023,SE,FT,Machine Learning Engineer,253000,USD,253000,US,100,US,M
2023,SE,FT,Machine Learning Engineer,168000,USD,168000,US,100,US,M
2023,SE,FT,Data Scientist,200000,USD,200000,US,100,US,M
2023,SE,FT,Data Scientist,170000,USD,170000,US,100,US,M
2023,SE,FT,Decision Scientist,185900,USD,185900,US,0,US,M
2023,SE,FT,Decision Scientist,129300,USD,129300,US,0,US,M
2023,SE,FT,Analytics Engineer,178600,USD,178600,US,0,US,M
2023,SE,FT,Analytics Engineer,142880,USD,142880,US,0,US,M
2023,SE,FT,Data Scientist,255000,USD,255000,US,0,US,M
2023,SE,FT,Data Scientist,169000,USD,169000,US,0,US,M
2023,MI,FT,Data Scientist,155000,USD,155000,US,0,US,M
2023,MI,FT,Data Scientist,100000,USD,100000,US,0,US,M
2023,MI,FT,Data Engineer,151410,USD,151410,US,0,US,M
2023,MI,FT,Data Engineer,144200,USD,144200,US,0,US,M
2023,EN,FT,Data Scientist,151410,USD,151410,US,100,US,M
2023,EN,FT,Data Scientist,115360,USD,115360,US,100,US,M
2023,SE,FT,Data Engineer,252000,USD,252000,US,0,US,M
2023,SE,FT,Data Engineer,129000,USD,129000,US,0,US,M
2023,MI,FT,Analytics Engineer,193170,USD,193170,US,0,US,M
2023,MI,FT,Analytics Engineer,116480,USD,116480,US,0,US,M
2023,MI,FT,Applied Scientist,250000,USD,250000,US,0,US,M
2023,MI,FT,Applied Scientist,125000,USD,125000,US,0,US,M
2023,SE,FT,Data Engineer,146000,USD,146000,US,100,US,M
2023,SE,FT,Data Engineer,94000,USD,94000,US,100,US,M
2023,EX,FT,Data Scientist,200000,GBP,246080,GB,0,GB,M
2023,EX,FT,Data Scientist,165000,GBP,203016,GB,0,GB,M
2023,EX,FT,Head of Data,110000,GBP,135344,GB,100,GB,M
2023,EX,FT,Head of Data,90000,GBP,110736,GB,100,GB,M
2023,SE,FT,Applied Scientist,260000,USD,260000,US,0,US,L
2023,SE,FT,Applied Scientist,136000,USD,136000,US,0,US,L
2023,EX,FT,Head of Data,329500,USD,329500,US,0,US,M
2023,EX,FT,Head of Data,269600,USD,269600,US,0,US,M
2023,SE,FT,Data Architect,250500,USD,250500,US,0,US,M
2023,SE,FT,Data Architect,159500,USD,159500,US,0,US,M
2023,EN,FT,Data Analyst,115000,USD,115000,US,0,US,M
2023,EN,FT,Data Analyst,105000,USD,105000,US,0,US,M
2023,SE,FT,Research Scientist,250000,USD,250000,US,0,US,M
2023,SE,FT,Research Scientist,170000,USD,170000,US,0,US,M
2023,SE,FT,Research Scientist,198800,USD,198800,US,0,US,M
2023,SE,FT,Research Scientist,105200,USD,105200,US,0,US,M
2023,EN,FT,Data Analyst,94035,USD,94035,US,100,US,M
2023,EN,FT,Data Analyst,57920,USD,57920,US,100,US,M
2023,SE,FT,Applied Scientist,222200,USD,222200,US,0,US,L
2023,SE,FT,Applied Scientist,136000,USD,136000,US,0,US,L
2023,SE,FT,Data Analyst,113600,USD,113600,US,0,US,M
2023,SE,FT,Data Analyst,60000,USD,60000,US,0,US,M
2023,SE,FT,Data Engineer,150000,USD,150000,US,100,US,M
2023,SE,FT,Data Engineer,130000,USD,130000,US,100,US,M
2023,SE,FT,Data Scientist,256000,USD,256000,US,100,US,M
2023,SE,FT,Data Scientist,160000,USD,160000,US,100,US,M
2023,SE,FT,Data Engineer,180000,USD,180000,US,100,US,M
2023,SE,FT,Data Engineer,165000,USD,165000,US,100,US,M
2023,SE,FT,Data Analyst,116000,USD,116000,US,100,US,M
2023,SE,FT,Data Analyst,78000,USD,78000,US,100,US,M
2023,SE,FT,Computer Vision Engineer,245000,USD,245000,GB,0,GB,M
2023,SE,FT,Computer Vision Engineer,210000,USD,210000,GB,0,GB,M
2023,SE,FT,Data Analyst,115934,USD,115934,US,100,US,M
2023,SE,FT,Data Analyst,81666,USD,81666,US,100,US,M
2023,SE,FT,Machine Learning Engineer,283200,USD,283200,US,0,US,M
2023,SE,FT,Machine Learning Engineer,188800,USD,188800,US,0,US,M
2023,SE,FT,Research Scientist,220000,USD,220000,US,0,US,M
2023,SE,FT,Research Scientist,150000,USD,150000,US,0,US,M
2023,SE,FT,Applied Scientist,192000,USD,192000,US,100,US,M
2023,SE,FT,Applied Scientist,164000,USD,164000,US,100,US,M
2023,MI,FL,Business Data Analyst,36000,USD,36000,GH,0,GH,S
2023,MI,FT,NLP Engineer,2700000,INR,32834,IN,100,IN,M
2023,SE,FT,Research Scientist,205640,USD,205640,US,0,US,M
2023,SE,FT,Research Scientist,142600,USD,142600,US,0,US,M
2023,SE,FT,Data Engineer,193200,USD,193200,US,100,US,M
2023,SE,FT,Data Engineer,156400,USD,156400,US,100,US,M
2023,SE,FT,Machine Learning Engineer,196000,USD,196000,US,0,US,M
2023,SE,FT,Machine Learning Engineer,121000,USD,121000,US,0,US,M
2023,SE,FT,Data Engineer,72000,USD,72000,AR,100,AR,M
2023,SE,FT,Data Engineer,48000,USD,48000,AR,100,AR,M
2023,SE,FT,Data Engineer,165000,USD,165000,US,0,US,M
2023,SE,FT,Data Engineer,132300,USD,132300,US,0,US,M
2023,SE,FT,Data Scientist,244000,USD,244000,CA,0,CA,M
2023,SE,FT,Data Scientist,197000,USD,197000,CA,0,CA,M
2023,SE,FT,Data Scientist,328000,USD,328000,US,0,US,M
2023,SE,FT,Data Scientist,211000,USD,211000,US,0,US,M
2023,SE,FT,Data Scientist,237000,USD,237000,US,100,US,M
2023,SE,FT,Data Scientist,201450,USD,201450,US,100,US,M
2023,SE,FT,Machine Learning Engineer,229000,USD,229000,US,0,US,M
2023,SE,FT,Machine Learning Engineer,206000,USD,206000,US,0,US,M
2023,SE,FT,Data Scientist,231000,USD,231000,US,100,US,M
2023,SE,FT,Data Scientist,134000,USD,134000,US,100,US,M
2023,SE,FT,Machine Learning Engineer,183750,USD,183750,US,0,US,M
2023,SE,FT,Machine Learning Engineer,165400,USD,165400,US,0,US,M
2023,MI,FT,Data Engineer,175000,USD,175000,US,0,US,M
2023,MI,FT,Data Engineer,125000,USD,125000,US,0,US,M
2023,SE,FT,Analytics Engineer,152900,USD,152900,GB,100,GB,M
2023,SE,FT,Analytics Engineer,117700,USD,117700,GB,100,GB,M
2023,SE,FT,Data Scientist,285800,USD,285800,US,0,US,M
2023,SE,FT,Data Scientist,154600,USD,154600,US,0,US,M
2023,SE,FT,Data Operations Engineer,289120,USD,289120,US,0,US,M
2023,SE,FT,Data Operations Engineer,192400,USD,192400,US,0,US,M
2023,MI,FT,Staff Data Analyst,179998,USD,179998,SA,100,SA,S
2023,EN,FT,Applied Machine Learning Scientist,4000000,INR,48644,IN,100,DE,L
2023,MI,FT,Data Scientist,35000,USD,35000,IN,0,IN,L
2023,SE,FT,Data Engineer,230000,USD,230000,US,0,US,M
2023,SE,FT,Data Engineer,166000,USD,166000,US,0,US,M
2023,MI,FT,AWS Data Architect,258000,USD,258000,US,100,US,L
2023,SE,FT,Data Scientist,225000,USD,225000,US,0,US,M
2023,SE,FT,Data Scientist,156400,USD,156400,US,0,US,M
2023,SE,FT,Data Engineer,190000,USD,190000,US,100,US,M
2023,SE,FT,Data Engineer,150000,USD,150000,US,100,US,M
2023,SE,FT,Data Scientist,196000,USD,196000,US,0,US,M
2023,SE,FT,Data Scientist,121000,USD,121000,US,0,US,M
2023,SE,FT,Data Scientist,219000,USD,219000,US,0,US,M
2023,SE,FT,Data Scientist,141000,USD,141000,US,0,US,M
2023,SE,FT,Data Engineer,230000,USD,230000,US,0,US,M
2023,SE,FT,Data Engineer,206000,USD,206000,US,0,US,M
2023,SE,FT,Applied Scientist,192000,USD,192000,US,0,US,M
2023,SE,FT,Applied Scientist,164000,USD,164000,US,0,US,M
2023,MI,FT,Machine Learning Engineer,300000,USD,300000,AU,0,AU,M
2023,MI,FT,Machine Learning Engineer,260000,USD,260000,AU,0,AU,M
2023,SE,FT,Data Analyst,147000,USD,147000,US,100,US,M
2023,SE,FT,Data Analyst,92000,USD,92000,US,100,US,M
2023,SE,FT,Machine Learning Engineer,200000,USD,200000,US,0,US,M
2023,SE,FT,Machine Learning Engineer,140000,USD,140000,US,0,US,M
2023,MI,FT,Data Manager,110000,USD,110000,US,0,US,M
2023,MI,FT,Data Manager,70000,USD,70000,US,0,US,M
2023,SE,FT,Data Engineer,284310,USD,284310,US,0,US,M
2023,SE,FT,Data Engineer,153090,USD,153090,US,0,US,M
2023,SE,FT,Machine Learning Engineer,261500,USD,261500,US,0,US,L
2023,SE,FT,Machine Learning Engineer,134500,USD,134500,US,0,US,L
2023,EN,CT,Product Data Analyst,83200,USD,83200,US,50,US,S
2023,SE,FT,Data Engineer,204500,USD,204500,DE,0,DE,M
2023,SE,FT,Data Engineer,142200,USD,142200,DE,0,DE,M
2023,SE,FT,Data Analyst,145000,USD,145000,US,100,US,M
2023,SE,FT,Data Analyst,106000,USD,106000,US,100,US,M
2023,SE,FT,Data Scientist,190000,USD,190000,US,100,US,M
2023,SE,FT,Data Scientist,160000,USD,160000,US,100,US,M
2023,SE,FT,Analytics Engineer,275300,USD,275300,US,100,US,M
2023,SE,FT,Analytics Engineer,183500,USD,183500,US,100,US,M
2023,MI,FT,Data Engineer,120000,GBP,147648,GB,0,GB,M
2023,MI,FT,Data Engineer,100000,GBP,123040,GB,0,GB,M
2023,SE,FT,ETL Developer,182850,USD,182850,US,100,US,M
2023,SE,FT,ETL Developer,113000,USD,113000,US,100,US,M
2023,SE,FT,Business Intelligence Engineer,202800,USD,202800,US,0,US,L
2023,SE,FT,Business Intelligence Engineer,104300,USD,104300,US,0,US,L
2023,SE,FT,Data Engineer,215000,USD,215000,US,0,US,M
2023,SE,FT,Data Engineer,175000,USD,175000,US,0,US,M
2023,EX,FT,Data Scientist,228856,USD,228856,GB,100,GB,M
2023,EX,FT,Data Scientist,144540,USD,144540,GB,100,GB,M
2023,MI,FT,Data Engineer,162500,USD,162500,US,0,US,M
2023,MI,FT,Data Engineer,130000,USD,130000,US,0,US,M
2023,MI,FT,Data Scientist,140000,USD,140000,US,100,US,M
2023,MI,FT,Data Scientist,115000,USD,115000,US,100,US,M
2023,SE,FT,Data Engineer,136600,USD,136600,US,100,US,M
2023,SE,FT,Data Engineer,109280,USD,109280,US,100,US,M
2023,SE,FT,Machine Learning Engineer,221000,USD,221000,US,0,US,M
2023,SE,FT,Machine Learning Engineer,185000,USD,185000,US,0,US,M
2023,SE,FT,Data Analyst,84000,USD,84000,CO,100,CO,M
2023,SE,FT,Data Analyst,60000,USD,60000,CO,100,CO,M
2023,MI,FT,Analytics Engineer,60000,GBP,73824,GB,0,GB,M
2023,MI,FT,Analytics Engineer,50000,GBP,61520,GB,0,GB,M
2023,MI,FT,BI Data Analyst,70000,USD,70000,EG,100,US,M
2021,SE,FL,Machine Learning Developer,60000,USD,60000,NG,100,NG,M
2023,SE,FT,Research Engineer,281000,USD,281000,US,0,US,M
2023,SE,FT,Research Engineer,196000,USD,196000,US,0,US,M
2023,SE,FT,Data Engineer,146000,USD,146000,US,0,US,M
2023,SE,FT,Data Engineer,94000,USD,94000,US,0,US,M
2023,EN,FT,Data Integration Specialist,69500,USD,69500,US,100,US,M
2023,EN,FT,Data Integration Specialist,46400,USD,46400,US,100,US,M
2023,SE,FT,Data Engineer,185000,USD,185000,US,100,US,M
2023,SE,FT,Data Engineer,150000,USD,150000,US,100,US,M
2023,SE,FT,Data Engineer,145000,USD,145000,US,0,US,M
2023,SE,FT,Data Engineer,115000,USD,115000,US,0,US,M
2023,SE,FT,Data Engineer,254000,USD,254000,US,0,US,M
2023,SE,FT,Data Engineer,200000,USD,200000,US,0,US,M
2023,SE,FT,Applied Scientist,260000,USD,260000,US,0,US,L
2023,SE,FT,Applied Scientist,136000,USD,136000,US,0,US,L
2023,SE,FT,Data Scientist,281000,USD,281000,CA,0,CA,M
2023,SE,FT,Data Scientist,181000,USD,181000,CA,0,CA,M
2023,SE,FT,Data Architect,285000,USD,285000,US,100,US,M
2023,SE,FT,Data Architect,210000,USD,210000,US,100,US,M
2023,EN,FT,Data Analyst,69525,USD,69525,US,100,US,M
2023,EN,FT,Data Analyst,61800,USD,61800,US,100,US,M
2023,SE,FT,Data Scientist,192000,USD,192000,US,0,US,M
2023,SE,FT,Data Scientist,164000,USD,164000,US,0,US,M
2023,SE,FT,Machine Learning Engineer,178000,USD,178000,US,0,US,M
2023,SE,FT,Machine Learning Engineer,152000,USD,152000,US,0,US,M
2023,SE,FT,BI Developer,160000,USD,160000,US,100,JP,L
2023,EN,FT,Data Scientist,40000,USD,40000,UZ,100,US,M
2023,SE,FT,Data Analyst,125000,USD,125000,US,0,US,M
2023,SE,FT,Data Analyst,95000,USD,95000,US,0,US,M
2023,SE,FT,Data Visualization Analyst,130000,USD,130000,US,0,US,M
2023,SE,FT,Data Visualization Analyst,110000,USD,110000,US,0,US,M
2023,SE,FT,Data Scientist,45000,EUR,48585,ES,0,ES,M
2023,SE,FT,Data Scientist,36000,EUR,38868,ES,0,ES,M
2023,SE,FT,Data Engineer,145000,USD,145000,US,0,US,M
2023,SE,FT,Data Engineer,120000,USD,120000,US,0,US,M
2023,SE,FT,Machine Learning Engineer,283200,USD,283200,US,0,US,M
2023,SE,FT,Machine Learning Engineer,188800,USD,188800,US,0,US,M
2023,SE,FT,Research Engineer,225000,USD,225000,FR,0,FR,M
2023,SE,FT,Research Engineer,168000,USD,168000,FR,0,FR,M
2023,SE,FT,Data Scientist,140000,USD,140000,US,0,US,M
2023,SE,FT,Data Scientist,105000,USD,105000,US,0,US,M
2023,EN,FT,Data Scientist,130001,USD,130001,US,100,US,M
2023,EN,FT,Data Scientist,71907,USD,71907,US,100,US,M
2023,SE,FT,Analytics Engineer,144000,USD,144000,CA,100,CA,M
2023,SE,FT,Analytics Engineer,80000,USD,80000,CA,100,CA,M
2023,SE,FT,Data Architect,205000,USD,205000,US,100,US,M
2023,SE,FT,Data Architect,150000,USD,150000,US,100,US,M
2023,SE,FT,Data Analyst,189400,USD,189400,GB,0,GB,M
2023,SE,FT,Data Analyst,131685,USD,131685,GB,0,GB,M
2023,EX,FT,Head of Data,204500,USD,204500,US,0,US,M
2023,EX,FT,Head of Data,142200,USD,142200,US,0,US,M
2023,SE,FT,Data Scientist,150000,USD,150000,US,100,US,M
2023,SE,FT,Data Scientist,130000,USD,130000,US,100,US,M
2023,MI,FT,Data Engineer,120000,USD,120000,US,0,US,M
2023,MI,FT,Data Engineer,120000,USD,120000,US,0,US,M
2023,SE,FT,Data Analyst,172000,USD,172000,GB,100,GB,M
2023,SE,FT,Data Analyst,110000,USD,110000,GB,100,GB,M
2023,SE,FT,Applied Scientist,260000,USD,260000,US,0,US,L
2023,SE,FT,Applied Scientist,136000,USD,136000,US,0,US,L
2023,SE,FT,Data Analyst,110000,USD,110000,US,100,US,M
2023,SE,FT,Data Analyst,90000,USD,90000,US,100,US,M
2023,EN,FT,BI Data Analyst,60000,USD,60000,AR,100,US,M
2023,EN,FT,Data Scientist,105000,CAD,77791,CA,50,CA,L
2022,MI,FT,Data Scientist,45000,GBP,55410,FR,100,GB,M
2023,SE,FT,Product Data Analyst,57000,USD,57000,GE,100,RU,L
2023,MI,FT,Autonomous Vehicle Technician,120000,USD,120000,GB,50,GB,M
2023,SE,FT,Data Modeler,168400,USD,168400,US,0,US,M
2023,SE,FT,Data Modeler,90700,USD,90700,US,0,US,M
2023,SE,FT,Data Analyst,150000,USD,150000,US,100,US,M
2023,SE,FT,Data Analyst,95000,USD,95000,US,100,US,M
2023,SE,FT,Data Engineer,161000,USD,161000,US,0,US,M
2023,SE,FT,Data Engineer,85000,USD,85000,US,0,US,M
2023,SE,FT,Research Engineer,240000,USD,240000,US,100,US,M
2023,SE,FT,Research Engineer,157250,USD,157250,US,100,US,M
2023,SE,FT,Applied Scientist,260000,USD,260000,US,0,US,L
2023,SE,FT,Applied Scientist,136000,USD,136000,US,0,US,L
2023,SE,FT,Data Scientist,277500,USD,277500,US,0,US,M
2023,SE,FT,Data Scientist,206000,USD,206000,US,0,US,M
2023,MI,FT,Machine Learning Engineer,165000,USD,165000,US,0,US,M
2023,MI,FT,Machine Learning Engineer,150000,USD,150000,US,0,US,M
2023,SE,FT,Applied Scientist,222200,USD,222200,US,0,US,L
2023,SE,FT,Applied Scientist,136000,USD,136000,US,0,US,L
2023,SE,FT,Data Scientist,236500,USD,236500,US,0,US,M
2023,SE,FT,Data Scientist,176000,USD,176000,US,0,US,M
2023,SE,FT,Data Analyst,155000,USD,155000,GB,0,GB,M
2023,SE,FT,Data Analyst,120000,USD,120000,GB,0,GB,M
2023,SE,FT,Data Scientist,172800,USD,172800,GB,100,GB,M
2023,SE,FT,Data Scientist,110000,USD,110000,GB,100,GB,M
2023,SE,FT,Applied Scientist,260000,USD,260000,US,0,US,L
2023,SE,FT,Applied Scientist,136000,USD,136000,US,0,US,L
2023,SE,FT,Data Engineer,171250,USD,171250,US,0,US,M
2023,SE,FT,Data Engineer,113750,USD,113750,US,0,US,M
2022,EN,FT,Research Engineer,5500000,JPY,41809,JP,50,JP,L
2020,MI,CT,Sales Data Analyst,60000,USD,60000,NG,0,NG,M
2023,EN,FT,Cloud Data Engineer,100000,USD,100000,DE,50,US,L
2023,SE,CT,Finance Data Analyst,300000,EUR,323905,FR,100,US,M
2023,SE,FT,Data Engineer,146000,USD,146000,US,0,US,M
2023,SE,FT,Data Engineer,75000,USD,75000,US,0,US,M
2023,SE,FT,Data Engineer,146000,USD,146000,US,0,US,M
2023,SE,FT,Data Engineer,75000,USD,75000,US,0,US,M
2023,EN,FT,Research Scientist,150000,USD,150000,US,0,US,M
2023,EN,FT,Research Scientist,100000,USD,100000,US,0,US,M
2023,SE,FT,Data Analyst,62000,USD,62000,US,0,US,M
2023,SE,FT,Data Analyst,55000,USD,55000,US,0,US,M
2023,MI,FT,Data Analytics Manager,155000,USD,155000,US,0,US,M
2023,MI,FT,Data Analytics Manager,140000,USD,140000,US,0,US,M
2023,MI,FT,Applied Scientist,36000,USD,36000,NG,50,NG,M
2023,SE,FT,Machine Learning Engineer,247500,USD,247500,US,0,US,M
2023,SE,FT,Machine Learning Engineer,172200,USD,172200,US,0,US,M
2023,MI,FT,Data Specialist,110000,USD,110000,US,0,US,M
2023,MI,FT,Data Specialist,70000,USD,70000,US,0,US,M
2023,SE,FT,Machine Learning Engineer,230000,USD,230000,US,0,US,M
2023,SE,FT,Machine Learning Engineer,140100,USD,140100,US,0,US,M
2023,SE,FT,Machine Learning Engineer,297300,USD,297300,US,100,US,M
2023,SE,FT,Machine Learning Engineer,198200,USD,198200,US,100,US,M
2023,MI,FT,Data Engineer,204000,USD,204000,US,100,US,M
2023,MI,FT,Data Engineer,161500,USD,161500,US,100,US,M
2023,SE,FT,Data Operations Analyst,144000,USD,144000,GB,0,GB,M
2023,SE,FT,Data Operations Analyst,77000,USD,77000,GB,0,GB,M
2023,MI,FT,Data Specialist,87500,USD,87500,US,100,US,M
2023,MI,FT,Data Specialist,62500,USD,62500,US,100,US,M
2023,SE,FT,Data Analyst,160000,USD,160000,US,100,US,M
2023,SE,FT,Data Analyst,135000,USD,135000,US,100,US,M
2023,SE,FT,Machine Learning Engineer,216000,USD,216000,US,100,US,M
2023,SE,FT,Machine Learning Engineer,184000,USD,184000,US,100,US,M
2023,MI,FT,Data Modeler,90000,GBP,110736,GB,0,GB,M
2023,MI,FT,Data Modeler,45000,GBP,55368,GB,0,GB,M
2023,SE,FT,Research Engineer,253000,USD,253000,US,100,US,M
2023,SE,FT,Research Engineer,156400,USD,156400,US,100,US,M
2023,SE,FT,Data Engineer,265000,USD,265000,US,100,US,M
2023,SE,FT,Data Engineer,200000,USD,200000,US,100,US,M
2023,SE,FT,Data Engineer,217000,USD,217000,US,100,US,M
2023,SE,FT,Data Engineer,185000,USD,185000,US,100,US,M
2023,SE,FT,Data Scientist,177300,USD,177300,GB,0,GB,M
2023,SE,FT,Data Scientist,136300,USD,136300,GB,0,GB,M
2023,SE,FT,Data Analyst,83000,USD,83000,US,100,US,M
2023,SE,FT,Data Analyst,72000,USD,72000,US,100,US,M
2023,SE,FT,Data Analyst,208450,USD,208450,US,100,US,M
2023,SE,FT,Data Analyst,170550,USD,170550,US,100,US,M
2023,SE,FT,Data Engineer,72000,USD,72000,CO,100,CO,M
2023,SE,FT,Data Engineer,60000,USD,60000,CO,100,CO,M
2023,SE,FT,Machine Learning Engineer,200000,USD,200000,US,0,US,M
2023,SE,FT,Machine Learning Engineer,130000,USD,130000,US,0,US,M
2023,SE,FT,Data Scientist,190000,USD,190000,US,0,US,M
2023,SE,FT,Data Scientist,165000,USD,165000,US,0,US,M
2023,EN,FT,Research Engineer,165000,USD,165000,US,0,US,M
2023,EN,FT,Research Engineer,145000,USD,145000,US,0,US,M
2023,SE,FT,Applied Scientist,222200,USD,222200,US,0,US,L
2023,SE,FT,Applied Scientist,136000,USD,136000,US,0,US,L
2023,EX,FT,Data Scientist,336400,USD,336400,US,0,US,M
2023,EX,FT,Data Scientist,201900,USD,201900,US,0,US,M
2023,MI,FT,Data Scientist,189750,USD,189750,US,0,US,M
2023,MI,FT,Data Scientist,131100,USD,131100,US,0,US,M
2023,MI,FT,Data Scientist,270000,USD,270000,US,100,US,M
2023,MI,FT,Data Scientist,95000,USD,95000,US,100,US,M
2023,SE,FT,Data Engineer,170000,USD,170000,US,0,US,M
2023,SE,FT,Data Engineer,120000,USD,120000,US,0,US,M
2023,MI,FT,Data Engineer,117300,USD,117300,US,0,US,M
2023,MI,FT,Data Engineer,69000,USD,69000,US,0,US,M
2023,SE,FT,Data Engineer,182000,USD,182000,US,100,US,M
2023,SE,FT,Data Engineer,144000,USD,144000,US,100,US,M
2023,MI,FT,Data Scientist,244000,USD,244000,US,0,US,M
2023,MI,FT,Data Scientist,200000,USD,200000,US,0,US,M
2023,SE,FT,Data Analyst,120000,USD,120000,US,100,US,M
2023,SE,FT,Data Analyst,100000,USD,100000,US,100,US,M
2023,MI,FT,Data Engineer,260000,USD,260000,US,0,US,M
2023,MI,FT,Data Engineer,175000,USD,175000,US,0,US,M
2023,SE,FT,Data Engineer,190000,USD,190000,US,0,US,M
2023,SE,FT,Data Engineer,150000,USD,150000,US,0,US,M
2023,SE,FT,Data Scientist,210000,USD,210000,US,100,US,M
2023,SE,FT,Data Scientist,160000,USD,160000,US,100,US,M
2023,SE,FT,Data Scientist,210000,USD,210000,US,100,US,M
2023,SE,FT,Data Scientist,160000,USD,160000,US,100,US,M
2023,SE,FT,Data Scientist,210000,USD,210000,US,100,US,M
2023,SE,FT,Data Scientist,160000,USD,160000,US,100,US,M
2023,SE,FT,Data Scientist,210000,USD,210000,US,100,US,M
2023,SE,FT,Data Scientist,160000,USD,160000,US,100,US,M
2023,SE,FT,Data Scientist,210000,USD,210000,US,100,US,M
2023,SE,FT,Data Scientist,160000,USD,160000,US,100,US,M
2023,SE,FT,Machine Learning Engineer,250000,USD,250000,US,0,US,M
2023,SE,FT,Machine Learning Engineer,100000,USD,100000,US,0,US,M
2023,SE,FT,Machine Learning Engineer,225000,USD,225000,US,100,US,M
2023,SE,FT,Machine Learning Engineer,175000,USD,175000,US,100,US,M
2023,SE,FT,Data Scientist,210000,USD,210000,US,100,US,M
2023,SE,FT,Data Scientist,160000,USD,160000,US,100,US,M
2023,SE,FT,Data Scientist,210000,USD,210000,US,100,US,M
2023,SE,FT,Data Scientist,160000,USD,160000,US,100,US,M
2023,SE,FT,Data Scientist,210000,USD,210000,US,100,US,M
2023,SE,FT,Data Scientist,160000,USD,160000,US,100,US,M
2023,SE,FT,Data Scientist,236500,USD,236500,US,0,US,M
2023,SE,FT,Data Scientist,176000,USD,176000,US,0,US,M
2023,MI,FT,Data Scientist,105000,USD,105000,US,0,US,M
2023,MI,FT,Data Scientist,102500,USD,102500,US,0,US,M
2023,SE,FT,Research Engineer,370000,USD,370000,US,0,US,M
2023,SE,FT,Research Engineer,200000,USD,200000,US,0,US,M
2023,SE,FT,Data Engineer,260000,USD,260000,US,0,US,M
2023,SE,FT,Data Engineer,225000,USD,225000,US,0,US,M
2023,SE,FT,Research Scientist,370000,USD,370000,US,0,US,M
2023,SE,FT,Research Scientist,200000,USD,200000,US,0,US,M
2023,MI,FT,Data Engineer,186600,USD,186600,US,100,US,M
2023,MI,FT,Data Engineer,116500,USD,116500,US,100,US,M
2023,SE,FT,Data Engineer,80000,USD,80000,AR,100,AR,M
2023,SE,FT,Data Engineer,60000,USD,60000,AR,100,AR,M
2023,SE,FT,Data Scientist,299500,USD,299500,US,0,US,M
2023,SE,FT,Data Scientist,245100,USD,245100,US,0,US,M
2023,SE,FT,Machine Learning Scientist,222000,USD,222000,US,100,US,M
2023,SE,FT,Machine Learning Scientist,138000,USD,138000,US,100,US,M
2023,SE,FT,Data Analyst,207300,USD,207300,CA,100,CA,M
2023,SE,FT,Data Analyst,149200,USD,149200,CA,100,CA,M
2023,SE,FT,Machine Learning Scientist,292000,USD,292000,US,100,US,M
2023,SE,FT,Machine Learning Scientist,164500,USD,164500,US,100,US,M
2023,SE,FT,Machine Learning Scientist,292200,USD,292200,US,100,US,M
2023,SE,FT,Machine Learning Scientist,164500,USD,164500,US,100,US,M
2023,SE,FT,Data Engineer,163800,USD,163800,US,0,US,M
2023,SE,FT,Data Engineer,126000,USD,126000,US,0,US,M
2023,SE,FT,Data Scientist,160000,USD,160000,US,0,US,M
2023,SE,FT,Data Scientist,120000,USD,120000,US,0,US,M
2023,SE,FT,Data Analyst,140000,USD,140000,US,0,US,M
2023,SE,FT,Data Analyst,120000,USD,120000,US,0,US,M
2023,MI,FT,AI Scientist,120000,USD,120000,DE,100,DE,M
2023,SE,FT,Computer Vision Engineer,280000,USD,280000,US,0,US,M
2023,SE,FT,Computer Vision Engineer,210000,USD,210000,US,0,US,M
2023,MI,FT,Data Scientist,170000,USD,170000,US,100,US,M
2023,MI,FT,Data Scientist,150000,USD,150000,US,100,US,M
2023,MI,FT,Machine Learning Engineer,200000,USD,200000,US,100,US,M
2023,MI,FT,Machine Learning Engineer,170000,USD,170000,US,100,US,M
2023,EX,FT,Data Scientist,225000,USD,225000,US,100,US,M
2023,EX,FT,Data Scientist,175000,USD,175000,US,100,US,M
2023,SE,FT,Data Scientist,189750,USD,189750,US,0,US,M
2023,SE,FT,Data Scientist,131100,USD,131100,US,0,US,M
2023,SE,FT,Data Analyst,123400,USD,123400,US,100,US,M
2023,SE,FT,Data Analyst,82200,USD,82200,US,100,US,M
2023,EN,FT,Data Engineer,40000,GBP,49216,GB,100,GB,M
2023,EN,FT,Data Engineer,35000,GBP,43064,GB,100,GB,M
2023,EX,FT,Applied Machine Learning Engineer,225000,USD,225000,US,100,US,M
2023,SE,FT,Analytics Engineer,50000,USD,50000,NG,100,NG,S
2023,SE,FT,Data Engineer,161800,USD,161800,US,0,US,M
2023,SE,FT,Data Engineer,121400,USD,121400,US,0,US,M
2023,SE,FT,Research Scientist,285000,USD,285000,US,0,US,M
2023,SE,FT,Research Scientist,193900,USD,193900,US,0,US,M
2023,SE,FT,Analytics Engineer,240000,USD,240000,US,0,US,M
2023,SE,FT,Analytics Engineer,196000,USD,196000,US,0,US,M
2023,SE,FT,Data Scientist,214000,USD,214000,US,0,US,M
2023,SE,FT,Data Scientist,164000,USD,164000,US,0,US,M
2023,SE,FT,Decision Scientist,170000,USD,170000,US,100,US,M
2023,SE,FT,Decision Scientist,155000,USD,155000,US,100,US,M
2023,SE,FT,Data Analyst,125000,USD,125000,US,0,US,M
2023,SE,FT,Data Analyst,98000,USD,98000,US,0,US,M
2023,SE,FT,Machine Learning Engineer,199000,USD,199000,US,100,US,M
2023,SE,FT,Machine Learning Engineer,145000,USD,145000,US,100,US,M
2023,SE,FT,Machine Learning Engineer,260000,USD,260000,US,100,US,M
2023,SE,FT,Machine Learning Engineer,200000,USD,200000,US,100,US,M
2022,MI,FT,Research Engineer,100000,EUR,105066,GB,50,GB,S
2023,MI,FT,Data Engineer,90000,GBP,110736,GB,0,GB,M
2023,MI,FT,Data Engineer,70000,GBP,86128,GB,0,GB,M
2023,SE,FT,Decision Scientist,185900,USD,185900,US,0,US,M
2023,SE,FT,Decision Scientist,129300,USD,129300,US,0,US,M
2023,EX,FT,Data Engineer,200000,USD,200000,US,0,US,M
2023,EX,FT,Data Engineer,145000,USD,145000,US,0,US,M
2023,SE,FT,Data Engineer,175000,USD,175000,US,0,US,M
2023,SE,FT,Data Engineer,120000,USD,120000,US,0,US,M
2023,SE,FT,Data Engineer,145000,USD,145000,US,0,US,M
2023,SE,FT,Data Engineer,120000,USD,120000,US,0,US,M
2023,SE,FT,Data Engineer,252000,USD,252000,US,0,US,M
2023,SE,FT,Data Engineer,129000,USD,129000,US,0,US,M
2023,SE,FT,Analytics Engineer,289800,USD,289800,GB,0,GB,M
2023,SE,FT,Analytics Engineer,214000,USD,214000,GB,0,GB,M
2023,SE,FT,Data Analyst,142000,USD,142000,US,0,US,M
2023,SE,FT,Data Analyst,87500,USD,87500,US,0,US,M
2023,SE,FT,Applied Scientist,222200,USD,222200,US,0,US,L
2023,SE,FT,Applied Scientist,136000,USD,136000,US,0,US,L
2023,SE,FT,Machine Learning Engineer,220000,USD,220000,US,100,US,M
2023,SE,FT,Machine Learning Engineer,165000,USD,165000,US,100,US,M
2023,SE,FT,Data Scientist,45000,EUR,48585,ES,0,ES,M
2023,SE,FT,Data Scientist,36000,EUR,38868,ES,0,ES,M
2023,SE,FT,Data Scientist,280830,USD,280830,CA,100,CA,M
2023,SE,FT,Data Scientist,173175,USD,173175,CA,100,CA,M
2023,SE,FT,Data Scientist,195000,USD,195000,US,0,US,M
2023,SE,FT,Data Scientist,160000,USD,160000,US,0,US,M
2023,SE,FT,Data Scientist,275300,USD,275300,US,100,US,M
2023,SE,FT,Data Scientist,183500,USD,183500,US,100,US,M
2023,SE,FT,Data Scientist,175000,USD,175000,US,100,US,M
2023,SE,FT,Data Scientist,145000,USD,145000,US,100,US,M
2023,MI,FT,Data Analyst,105000,USD,105000,US,0,US,M
2023,MI,FT,Data Analyst,85000,USD,85000,US,0,US,M
2023,SE,FT,Data Scientist,175000,USD,175000,US,100,US,M
2023,SE,FT,Data Scientist,160000,USD,160000,US,100,US,M
2023,MI,FT,BI Developer,75000,GBP,92280,GB,0,GB,M
2023,MI,FT,BI Developer,40000,GBP,49216,GB,0,GB,M
2023,MI,FT,Machine Learning Software Engineer,627000,ZAR,34482,ZA,50,ZA,L
2023,MI,FT,Data Engineer,162500,USD,162500,US,0,US,M
2023,MI,FT,Data Engineer,130000,USD,130000,US,0,US,M
2023,SE,FT,NLP Engineer,69500,EUR,75038,ES,100,ES,M
2023,SE,FT,NLP Engineer,60000,EUR,64781,ES,100,ES,M
2023,SE,FT,Data Engineer,174350,USD,174350,US,100,US,M
2023,SE,FT,Data Engineer,126800,USD,126800,US,100,US,M
2023,SE,FT,NLP Engineer,66200,EUR,71475,IT,100,IT,M
2023,SE,FT,NLP Engineer,57000,EUR,61541,IT,100,IT,M
2023,SE,FT,Data Engineer,245000,USD,245000,US,100,US,M
2023,SE,FT,Data Engineer,140000,USD,140000,US,100,US,M
2023,SE,FT,Analytics Engineer,231250,USD,231250,US,100,US,M
2023,SE,FT,Analytics Engineer,138750,USD,138750,US,100,US,M
2023,MI,FT,Machine Learning Engineer,155000,USD,155000,US,0,US,M
2023,MI,FT,Machine Learning Engineer,125000,USD,125000,US,0,US,M
2023,MI,FT,Data Engineer,242000,USD,242000,US,0,US,M
2023,MI,FT,Data Engineer,195000,USD,195000,US,0,US,M
2023,EN,FT,Research Scientist,155000,USD,155000,US,0,US,M
2023,EN,FT,Research Scientist,125000,USD,125000,US,0,US,M
2023,SE,FT,Applied Scientist,222200,USD,222200,US,0,US,L
2023,SE,FT,Applied Scientist,136000,USD,136000,US,0,US,L
2023,MI,FT,Machine Learning Engineer,160000,USD,160000,US,100,US,M
2023,MI,FT,Machine Learning Engineer,140000,USD,140000,US,100,US,M
2023,MI,FT,Data Specialist,110000,USD,110000,US,0,US,M
2023,MI,FT,Data Specialist,70000,USD,70000,US,0,US,M
2023,SE,FT,Data Scientist,183924,USD,183924,US,0,US,M
2023,SE,FT,Data Scientist,125760,USD,125760,US,0,US,M
2023,SE,FT,Data Analyst,150000,USD,150000,US,100,US,M
2023,SE,FT,Data Analyst,105000,USD,105000,US,100,US,M
2023,MI,FT,Analytics Engineer,350000,GBP,430640,GB,0,GB,M
2023,MI,FT,Analytics Engineer,50000,GBP,61520,GB,0,GB,M
2023,SE,FT,Principal Data Scientist,80000,EUR,86374,ES,100,ES,L
2023,MI,CT,Machine Learning Engineer,30000,USD,30000,US,100,US,S
2023,MI,CT,Machine Learning Engineer,25500,USD,25500,US,100,US,S
2023,SE,FT,Data Scientist,175000,USD,175000,CA,100,CA,M
2023,SE,FT,Data Scientist,120000,USD,120000,CA,100,CA,M
2023,SE,FT,Applied Scientist,222200,USD,222200,US,0,US,L
2023,SE,FT,Applied Scientist,136000,USD,136000,US,0,US,L
2023,SE,FT,Data Scientist,219000,USD,219000,CA,0,CA,M
2023,SE,FT,Data Scientist,141000,USD,141000,CA,0,CA,M
2023,SE,FT,Data Scientist,147100,USD,147100,US,0,US,M
2023,SE,FT,Data Scientist,90700,USD,90700,US,0,US,M
2023,SE,FT,Data Analyst,130000,USD,130000,US,100,US,M
2023,SE,FT,Data Analyst,100000,USD,100000,US,100,US,M
2023,EN,FT,Applied Scientist,213660,USD,213660,US,0,US,L
2023,EN,FT,Applied Scientist,130760,USD,130760,US,0,US,L
2023,SE,FT,Data Modeler,147100,USD,147100,US,0,US,M
2023,SE,FT,Data Modeler,90700,USD,90700,US,0,US,M
2023,SE,FT,Data Scientist,170000,USD,170000,US,0,US,M
2023,SE,FT,Data Scientist,150000,USD,150000,US,0,US,M
2023,MI,FT,Data Analyst,150000,USD,150000,US,100,US,M
2023,MI,FT,Data Analyst,110000,USD,110000,US,100,US,M
2023,SE,FT,Research Engineer,275000,USD,275000,DE,0,DE,M
2023,SE,FT,Research Engineer,174000,USD,174000,DE,0,DE,M
2023,SE,FT,Analytics Engineer,230000,USD,230000,GB,100,GB,M
2023,SE,FT,Analytics Engineer,143200,USD,143200,GB,100,GB,M
2023,SE,FT,Business Intelligence Engineer,225000,USD,225000,US,0,US,M
2023,SE,FT,Business Intelligence Engineer,156400,USD,156400,US,0,US,M
2023,SE,FT,Machine Learning Engineer,200000,USD,200000,US,0,US,M
2023,SE,FT,Machine Learning Engineer,130000,USD,130000,US,0,US,M
2023,SE,FT,Data Strategist,90000,USD,90000,CA,0,CA,M
2023,SE,FT,Data Strategist,72000,USD,72000,CA,0,CA,M
2023,SE,FT,Data Engineer,253200,USD,253200,US,0,US,M
2023,SE,FT,Data Engineer,90700,USD,90700,US,0,US,M
2023,SE,FT,Computer Vision Engineer,342810,USD,342810,US,0,US,M
2023,SE,FT,Computer Vision Engineer,184590,USD,184590,US,0,US,M
2023,MI,FT,Data Engineer,162500,USD,162500,US,0,US,M
2023,MI,FT,Data Engineer,130000,USD,130000,US,0,US,M
2023,MI,FT,Data Analyst,105380,USD,105380,US,0,US,M
2023,MI,FT,Data Analyst,64500,USD,64500,US,0,US,M
2023,EN,FT,Compliance Data Analyst,30000,USD,30000,NG,100,NG,L
2022,MI,FT,Machine Learning Engineer,1650000,INR,20984,IN,50,IN,L
2023,EN,FT,Applied Scientist,204620,USD,204620,US,0,US,L
2023,EN,FT,Applied Scientist,110680,USD,110680,US,0,US,L
2023,SE,FT,Data Engineer,270703,USD,270703,US,0,US,M
2023,SE,FT,Data Engineer,221484,USD,221484,US,0,US,M
2023,SE,FT,Data Scientist,212750,USD,212750,US,100,US,M
2023,SE,FT,Data Scientist,185000,USD,185000,US,100,US,M
2023,SE,FT,Data Scientist,262000,USD,262000,US,100,US,M
2023,SE,FT,Data Scientist,245000,USD,245000,US,100,US,M
2023,SE,FT,Data Scientist,275300,USD,275300,US,100,US,M
2023,SE,FT,Data Scientist,183500,USD,183500,US,100,US,M
2023,SE,FT,Data Scientist,218500,USD,218500,US,100,US,M
2023,SE,FT,Data Scientist,199098,USD,199098,US,100,US,M
2023,SE,FT,Data Engineer,203300,USD,203300,US,100,US,M
2023,SE,FT,Data Engineer,123600,USD,123600,US,100,US,M
2023,SE,FT,Research Engineer,189110,USD,189110,US,0,US,M
2023,SE,FT,Research Engineer,139000,USD,139000,US,0,US,M
2023,EX,FT,Data Scientist,258750,USD,258750,US,0,US,M
2023,EX,FT,Data Scientist,185000,USD,185000,US,0,US,M
2023,SE,FT,Data Engineer,231500,USD,231500,US,100,US,M
2023,SE,FT,Data Engineer,166000,USD,166000,US,100,US,M
2023,SE,FT,Data Scientist,172500,USD,172500,US,100,US,M
2023,SE,FT,Data Scientist,110500,USD,110500,US,100,US,M
2023,SE,FT,Data Engineer,238000,USD,238000,US,0,US,M
2023,SE,FT,Data Engineer,176000,USD,176000,US,0,US,M
2023,SE,FT,Data Engineer,237000,USD,237000,US,100,US,M
2023,SE,FT,Data Engineer,201450,USD,201450,US,100,US,M
2023,SE,FT,Applied Scientist,309400,USD,309400,US,0,US,L
2023,SE,FT,Applied Scientist,159100,USD,159100,US,0,US,L
2023,SE,FT,Data Engineer,115000,USD,115000,US,0,US,M
2023,SE,FT,Data Engineer,81500,USD,81500,US,0,US,M
2023,SE,FT,Data Scientist,237000,USD,237000,US,100,US,M
2023,SE,FT,Data Scientist,201450,USD,201450,US,100,US,M
2023,SE,FT,Computer Vision Engineer,280000,USD,280000,US,0,US,M
2023,SE,FT,Computer Vision Engineer,210000,USD,210000,US,0,US,M
2023,SE,FT,Data Architect,280100,USD,280100,US,100,US,M
2023,SE,FT,Data Architect,168100,USD,168100,US,100,US,M
2023,SE,FT,Data Engineer,193500,USD,193500,US,100,US,M
2023,SE,FT,Data Engineer,139000,USD,139000,US,100,US,M
2023,MI,FT,Data Scientist,510000,HKD,65058,HK,0,HK,L
2023,SE,FT,Machine Learning Engineer,150000,USD,150000,PT,100,US,M
2023,MI,FT,Applied Machine Learning Engineer,65000,EUR,70179,IN,100,DE,S
2023,MI,FT,Machine Learning Engineer,90000,EUR,97171,NL,100,NL,L
2023,SE,FT,Business Intelligence Engineer,185900,USD,185900,US,0,US,M
2023,SE,FT,Business Intelligence Engineer,129300,USD,129300,US,0,US,M
2023,SE,FT,Data Engineer,225000,USD,225000,US,100,US,M
2023,SE,FT,Data Engineer,175000,USD,175000,US,100,US,M
2023,SE,FT,Data Engineer,185000,USD,185000,US,0,US,M
2023,SE,FT,Data Engineer,140000,USD,140000,US,0,US,M
2023,SE,FT,Data Scientist,45000,EUR,48585,ES,0,ES,M
2023,SE,FT,Data Scientist,36000,EUR,38868,ES,0,ES,M
2023,SE,FT,Data Scientist,105000,USD,105000,US,0,US,M
2023,SE,FT,Data Scientist,70000,USD,70000,US,0,US,M
2023,EN,FT,Machine Learning Engineer,163196,USD,163196,US,0,US,M
2023,EN,FT,Machine Learning Engineer,145885,USD,145885,US,0,US,M
2023,SE,FT,Data Engineer,217000,USD,217000,US,100,US,M
2023,SE,FT,Data Engineer,185000,USD,185000,US,100,US,M
2023,SE,FT,Data Analyst,202800,USD,202800,US,0,US,L
2023,SE,FT,Data Analyst,104300,USD,104300,US,0,US,L
2023,SE,FT,Data Analyst,145000,USD,145000,US,0,US,M
2023,SE,FT,Data Analyst,65000,USD,65000,US,0,US,M
2023,SE,FT,Data Engineer,165000,USD,165000,US,0,US,M
2023,SE,FT,Data Engineer,132300,USD,132300,US,0,US,M
2023,SE,FT,Data Engineer,179170,USD,179170,US,0,US,M
2023,SE,FT,Data Engineer,94300,USD,94300,US,0,US,M
2023,SE,FT,Analytics Engineer,152500,USD,152500,US,0,US,M
2023,SE,FT,Analytics Engineer,116450,USD,116450,US,0,US,M
2023,SE,FT,Data Engineer,247300,USD,247300,US,0,US,M
2023,SE,FT,Data Engineer,133800,USD,133800,US,0,US,M
2023,SE,FT,Research Engineer,203000,USD,203000,US,0,US,M
2023,SE,FT,Research Engineer,133000,USD,133000,US,0,US,M
2023,EN,FT,Research Scientist,220000,USD,220000,US,50,US,L
2022,EN,FT,Machine Learning Engineer,54000,CHF,56536,CH,100,CH,S
2023,SE,FT,Data Scientist,150000,USD,150000,US,0,US,M
2023,SE,FT,Data Scientist,120000,USD,120000,US,0,US,M
2023,SE,FT,Analytics Engineer,289800,USD,289800,US,0,US,M
2023,SE,FT,Analytics Engineer,214000,USD,214000,US,0,US,M
2023,SE,FT,Analytics Engineer,179820,USD,179820,US,0,US,M
2023,SE,FT,Analytics Engineer,143860,USD,143860,US,0,US,M
2023,SE,FT,Machine Learning Engineer,283200,USD,283200,US,100,US,M
2023,SE,FT,Machine Learning Engineer,188800,USD,188800,US,100,US,M
2023,SE,FT,Analytics Engineer,289800,USD,289800,US,0,US,M
2023,SE,FT,Analytics Engineer,214200,USD,214200,US,0,US,M
2023,SE,FT,Data Engineer,185900,USD,185900,US,0,US,M
2023,SE,FT,Data Engineer,129300,USD,129300,US,0,US,M
2023,SE,FT,Data Engineer,252000,USD,252000,US,0,US,M
2023,SE,FT,Data Engineer,129000,USD,129000,US,0,US,M
2023,MI,FT,Data Analytics Manager,155000,USD,155000,US,0,US,M
2023,MI,FT,Data Analytics Manager,140000,USD,140000,US,0,US,M
2023,SE,FT,Data Engineer,161800,USD,161800,US,100,US,M
2023,SE,FT,Data Engineer,141600,USD,141600,US,100,US,M
2023,SE,FT,Machine Learning Engineer,342300,USD,342300,US,0,US,L
2023,SE,FT,Machine Learning Engineer,176100,USD,176100,US,0,US,L
2023,MI,FT,Data Engineer,100000,USD,100000,US,100,US,M
2023,MI,FT,Data Engineer,70000,USD,70000,US,100,US,M
2023,EN,FT,Data Engineer,85000,USD,85000,US,0,US,M
2023,EN,FT,Data Engineer,65000,USD,65000,US,0,US,M
2023,SE,FT,Data Scientist,138784,USD,138784,US,100,US,M
2023,SE,FT,Data Scientist,83270,USD,83270,US,100,US,M
2023,EN,FT,Data Analyst,75000,USD,75000,US,0,US,M
2023,EN,FT,Data Analyst,70000,USD,70000,US,0,US,M
2023,SE,FT,Data Analyst,204500,USD,204500,US,0,US,M
2023,SE,FT,Data Analyst,138900,USD,138900,US,0,US,M
2023,SE,FT,Machine Learning Engineer,318300,USD,318300,US,100,US,M
2023,SE,FT,Machine Learning Engineer,212200,USD,212200,US,100,US,M
2023,SE,FT,Data Engineer,95000,USD,95000,US,100,US,M
2023,SE,FT,Data Engineer,75000,USD,75000,US,100,US,M
2023,SE,FT,Data Scientist,195000,USD,195000,US,0,US,M
2023,SE,FT,Data Scientist,160000,USD,160000,US,0,US,M
2023,SE,FT,Analytics Engineer,230000,USD,230000,US,0,US,M
2023,SE,FT,Analytics Engineer,143200,USD,143200,US,0,US,M
2023,MI,FT,Data Engineer,100000,USD,100000,US,100,US,M
2023,MI,FT,Data Engineer,70000,USD,70000,US,100,US,M
2023,MI,FT,Business Data Analyst,105000,USD,105000,US,50,US,L
2023,MI,FT,Applied Data Scientist,1700000,INR,20673,IN,100,IN,L
2023,MI,FT,Data Analyst,38000,GBP,46755,GB,0,GB,M
2023,MI,FT,Data Analyst,35000,GBP,43064,GB,0,GB,M
2023,SE,FT,Data Engineer,145000,USD,145000,US,0,US,M
2023,SE,FT,Data Engineer,115000,USD,115000,US,0,US,M
2023,SE,FT,Data Analyst,168400,USD,168400,US,0,US,M
2023,SE,FT,Data Analyst,105200,USD,105200,US,0,US,M
2023,SE,FT,Applied Scientist,309400,USD,309400,US,0,US,L
2023,SE,FT,Applied Scientist,159100,USD,159100,US,0,US,L
2023,SE,FT,Machine Learning Engineer,190000,USD,190000,US,0,US,M
2023,SE,FT,Machine Learning Engineer,150000,USD,150000,US,0,US,M
2023,MI,FT,Data Engineer,162500,USD,162500,US,0,US,M
2023,MI,FT,Data Engineer,130000,USD,130000,US,0,US,M
2023,SE,FT,Analytics Engineer,150000,USD,150000,US,100,US,M
2023,SE,FT,Analytics Engineer,120000,USD,120000,US,100,US,M
2023,SE,FT,Data Engineer,145000,USD,145000,US,0,US,M
2023,SE,FT,Data Engineer,120000,USD,120000,US,0,US,M
2023,SE,FT,Applied Scientist,222200,USD,222200,US,0,US,L
2023,SE,FT,Applied Scientist,136000,USD,136000,US,0,US,L
2023,SE,FT,Data Analyst,45000,GBP,55368,CF,100,CF,M
2023,SE,FT,Data Analyst,35000,GBP,43064,CF,100,CF,M
2023,SE,FT,Data Engineer,241000,USD,241000,US,0,US,M
2023,SE,FT,Data Engineer,155000,USD,155000,US,0,US,M
2023,SE,FT,Data Engineer,220000,USD,220000,US,100,US,M
2023,SE,FT,Data Engineer,190000,USD,190000,US,100,US,M
2023,MI,FT,Data Scientist,55000,GBP,67672,GB,0,GB,M
2023,MI,FT,Data Scientist,45000,GBP,55368,GB,0,GB,M
2020,EX,FT,Staff Data Analyst,15000,USD,15000,NG,0,CA,M
2023,MI,FT,ETL Engineer,70000,GBP,86128,GB,100,GB,M
2023,MI,FT,ETL Engineer,47500,GBP,58444,GB,100,GB,M
2023,EN,FT,Data Analyst,85000,USD,85000,US,100,US,M
2023,EN,FT,Data Analyst,75000,USD,75000,US,100,US,M
2023,SE,FT,Data Engineer,160000,USD,160000,US,0,US,M
2023,SE,FT,Data Engineer,140000,USD,140000,US,0,US,M
2023,MI,FT,Machine Learning Engineer,300000,USD,300000,US,0,US,M
2023,MI,FT,Machine Learning Engineer,250000,USD,250000,US,0,US,M
2023,SE,FT,Data Scientist,228000,USD,228000,US,0,US,M
2023,SE,FT,Data Scientist,186000,USD,186000,US,0,US,M
2023,SE,FT,Data Scientist,190000,USD,190000,US,0,US,M
2023,SE,FT,Data Scientist,170000,USD,170000,US,0,US,M
2023,MI,FT,Research Engineer,230000,USD,230000,US,0,US,M
2023,MI,FT,Research Engineer,200000,USD,200000,US,0,US,M
2023,SE,FT,Data Architect,180000,USD,180000,US,100,US,M
2023,SE,FT,Data Architect,115000,USD,115000,US,100,US,M
2023,SE,FT,Data Architect,200000,USD,200000,US,100,US,M
2023,SE,FT,Data Architect,115000,USD,115000,US,100,US,M
2023,SE,FT,Data DevOps Engineer,50000,EUR,53984,FR,50,FR,S
2023,EX,FT,Data Engineer,220000,USD,220000,US,0,US,M
2023,EX,FT,Data Engineer,205000,USD,205000,US,0,US,M
2023,MI,FT,Data Engineer,180000,USD,180000,US,0,US,M
2023,MI,FT,Data Engineer,130000,USD,130000,US,0,US,M
2023,SE,FT,Data Engineer,200000,USD,200000,US,100,US,M
2023,SE,FT,Data Engineer,150000,USD,150000,US,100,US,M
2023,SE,FT,Computer Vision Engineer,215000,USD,215000,US,0,US,M
2023,SE,FT,Computer Vision Engineer,170000,USD,170000,US,0,US,M
2023,SE,FT,Machine Learning Engineer,247500,USD,247500,US,0,US,M
2023,SE,FT,Machine Learning Engineer,172200,USD,172200,US,0,US,M
2023,SE,FT,Data Scientist,224000,USD,224000,CA,0,CA,M
2023,SE,FT,Data Scientist,176000,USD,176000,CA,0,CA,M
2023,SE,FT,Data Analyst,120000,USD,120000,US,100,US,M
2023,SE,FT,Data Analyst,75000,USD,75000,US,100,US,M
2023,EN,FT,Data Engineer,1400000,INR,17025,IN,100,IN,L
2023,SE,FT,Applied Data Scientist,100000,AUD,67635,AU,100,FI,M
2023,MI,FT,AI Developer,100000,SGD,74883,FI,0,FI,M
2023,SE,FT,Data Analyst,140000,USD,140000,US,0,US,M
2023,SE,FT,Data Analyst,120000,USD,120000,US,0,US,M
2023,SE,FT,Data Engineer,128000,USD,128000,US,0,US,M
2023,SE,FT,Data Engineer,81500,USD,81500,US,0,US,M
2023,SE,FT,Data Engineer,145000,USD,145000,US,0,US,M
2023,SE,FT,Data Engineer,115000,USD,115000,US,0,US,M
2023,SE,FT,Data Engineer,185000,USD,185000,US,0,US,M
2023,SE,FT,Data Engineer,140000,USD,140000,US,0,US,M
2023,EX,FT,Head of Data,329500,USD,329500,US,0,US,M
2023,EX,FT,Head of Data,269600,USD,269600,US,0,US,M
2023,SE,FT,Data Quality Analyst,100000,USD,100000,US,0,US,M
2023,SE,FT,Data Quality Analyst,80000,USD,80000,US,0,US,M
2023,SE,FT,Data Scientist,250000,USD,250000,US,0,US,M
2023,SE,FT,Data Scientist,162500,USD,162500,US,0,US,M
2023,MI,FT,AI Developer,200000,USD,200000,US,100,US,M
2023,SE,FT,Data Engineer,145000,USD,145000,US,0,US,M
2023,SE,FT,Data Engineer,100000,USD,100000,US,0,US,M
2023,EX,FT,Data Engineer,145000,USD,145000,US,0,US,M
2023,EX,FT,Data Engineer,115000,USD,115000,US,0,US,M
2023,SE,FT,Data Scientist,203500,USD,203500,US,0,US,M
2023,SE,FT,Data Scientist,152000,USD,152000,US,0,US,M
2023,SE,FT,Data Scientist,239000,USD,239000,US,0,US,L
2023,SE,FT,Data Scientist,122900,USD,122900,US,0,US,L
2023,SE,FT,Data Scientist,237000,USD,237000,US,0,US,M
2023,SE,FT,Data Scientist,145000,USD,145000,US,0,US,M
2023,SE,FT,Data Scientist,191765,USD,191765,US,0,US,M
2023,SE,FT,Data Scientist,134236,USD,134236,US,0,US,M
2023,SE,FT,Analytics Engineer,190000,USD,190000,US,100,US,M
2023,SE,FT,Analytics Engineer,112000,USD,112000,US,100,US,M
2022,SE,FT,Data Scientist,84000,EUR,88256,ES,100,GB,L
2023,EN,FT,Data Engineer,85000,USD,85000,US,0,US,M
2023,EN,FT,Data Engineer,65000,USD,65000,US,0,US,M
2023,SE,FT,Data Analyst,135000,USD,135000,US,0,US,M
2023,SE,FT,Data Analyst,105500,USD,105500,US,0,US,M
2023,SE,FT,Research Engineer,293000,USD,293000,US,0,US,M
2023,SE,FT,Research Engineer,185000,USD,185000,US,0,US,M
2023,SE,FT,Data Analyst,80000,USD,80000,US,0,US,M
2023,SE,FT,Data Analyst,70000,USD,70000,US,0,US,M
2023,SE,FT,Data Engineer,220000,USD,220000,US,100,US,M
2023,SE,FT,Data Engineer,160000,USD,160000,US,100,US,M
2023,SE,FT,Data Scientist,175000,USD,175000,US,100,US,M
2023,SE,FT,Data Scientist,145000,USD,145000,US,100,US,M
2023,SE,FT,Data Analyst,200000,USD,200000,US,0,US,M
2023,SE,FT,Data Analyst,148500,USD,148500,US,0,US,M
2023,SE,FT,Data Scientist,45000,EUR,48585,ES,0,ES,M
2023,SE,FT,Data Scientist,36000,EUR,38868,ES,0,ES,M
2023,SE,FT,Data Engineer,240500,USD,240500,US,0,US,L
2023,SE,FT,Data Engineer,123700,USD,123700,US,0,US,L
2023,SE,FT,Analytics Engineer,152900,USD,152900,US,100,US,M
2023,SE,FT,Analytics Engineer,117100,USD,117100,US,100,US,M
2023,SE,FT,Analytics Engineer,173000,USD,173000,US,100,US,M
2023,SE,FT,Analytics Engineer,113000,USD,113000,US,100,US,M
2023,SE,FT,Applied Scientist,260000,USD,260000,US,0,US,L
2023,SE,FT,Applied Scientist,136000,USD,136000,US,0,US,L
2023,EX,FT,Data Engineer,175000,USD,175000,US,0,US,M
2023,EX,FT,Data Engineer,110000,USD,110000,US,0,US,M
2023,SE,FT,Applied Scientist,260000,USD,260000,US,0,US,L
2023,SE,FT,Applied Scientist,136000,USD,136000,US,0,US,L
2023,SE,FT,Research Scientist,130000,USD,130000,US,100,US,M
2023,SE,FT,Research Scientist,110000,USD,110000,US,100,US,M
2023,SE,FT,Applied Scientist,205000,USD,205000,US,100,US,M
2023,SE,FT,Applied Scientist,184000,USD,184000,US,100,US,M
2023,SE,FT,Data Analyst,149500,USD,149500,US,100,US,M
2023,SE,FT,Data Analyst,127075,USD,127075,US,100,US,M
2023,SE,FT,Data Scientist,195000,USD,195000,US,0,US,M
2023,SE,FT,Data Scientist,160000,USD,160000,US,0,US,M
2023,SE,FT,Data Engineer,219535,USD,219535,US,100,US,M
2023,SE,FT,Data Engineer,146115,USD,146115,US,100,US,M
2023,SE,FT,Data Scientist,170000,USD,170000,US,0,US,M
2023,SE,FT,Data Scientist,135000,USD,135000,US,0,US,M
2023,SE,FT,Data Scientist,175000,USD,175000,US,100,US,M
2023,SE,FT,Data Scientist,145000,USD,145000,US,100,US,M
2023,SE,FT,Data Scientist,199000,USD,199000,US,0,US,M
2023,SE,FT,Data Scientist,162000,USD,162000,US,0,US,M
2023,SE,FT,Applied Scientist,222200,USD,222200,US,0,US,L
2023,SE,FT,Applied Scientist,136000,USD,136000,US,0,US,L
2023,EX,FT,Analytics Engineer,221000,USD,221000,US,100,US,M
2023,EX,FT,Analytics Engineer,153000,USD,153000,US,100,US,M
2023,SE,FT,Data Analyst,187000,USD,187000,US,0,US,M
2023,SE,FT,Data Analyst,128000,USD,128000,US,0,US,M
2023,SE,FT,Research Scientist,210000,USD,210000,US,0,US,M
2023,SE,FT,Research Scientist,136000,USD,136000,US,0,US,M
2023,SE,FT,Data Scientist,175000,USD,175000,US,100,US,M
2023,SE,FT,Data Scientist,100000,USD,100000,US,100,US,M
2023,SE,FT,Data Engineer,179000,USD,179000,US,0,US,M
2023,SE,FT,Data Engineer,109000,USD,109000,US,0,US,M
2023,SE,FT,Data Scientist,245000,USD,245000,US,0,US,M
2023,SE,FT,Data Scientist,180000,USD,180000,US,0,US,M
2023,SE,FT,Data Analyst,142000,USD,142000,US,100,US,M
2023,SE,FT,Data Analyst,75000,USD,75000,US,100,US,M
2023,SE,FT,Data Manager,198800,USD,198800,US,0,US,M
2023,SE,FT,Data Manager,105200,USD,105200,US,0,US,M
2023,SE,FT,Data Analyst,125000,USD,125000,US,100,US,M
2023,SE,FT,Data Analyst,112000,USD,112000,US,100,US,M
2023,SE,FT,Data Scientist,210000,USD,210000,US,0,US,M
2023,SE,FT,Data Scientist,155000,USD,155000,US,0,US,M
2023,SE,FT,Data Manager,115000,USD,115000,US,100,US,M
2023,SE,FT,Data Manager,86000,USD,86000,US,100,US,M
2023,SE,FT,Data Scientist,165000,USD,165000,US,0,US,M
2023,SE,FT,Data Scientist,140000,USD,140000,US,0,US,M
2023,SE,FT,Data Analyst,139000,USD,139000,US,0,US,M
2023,SE,FT,Data Analyst,106000,USD,106000,US,0,US,M
2023,EN,FT,Data Analyst,55000,CAD,40747,CA,0,CA,L
2022,SE,FT,AI Developer,275000,USD,275000,CA,0,CA,S
2023,SE,FL,Machine Learning Researcher,50000,USD,50000,UA,50,UA,S
2023,MI,FT,Machine Learning Engineer,280700,USD,280700,US,100,US,M
2023,MI,FT,Machine Learning Engineer,150450,USD,150450,US,100,US,M
2023,EN,FT,Data Scientist,70000,CAD,51861,CA,100,CA,L
2023,SE,FT,Data Architect,250500,USD,250500,US,0,US,M
2023,SE,FT,Data Architect,159500,USD,159500,US,0,US,M
2023,SE,FT,Data Engineer,145000,USD,145000,US,0,US,M
2023,SE,FT,Data Engineer,115000,USD,115000,US,0,US,M
2023,SE,FT,Data Analyst,140000,USD,140000,US,0,US,M
2023,SE,FT,Data Analyst,120000,USD,120000,US,0,US,M
2023,EN,FT,Data Scientist,130001,USD,130001,US,100,US,M
2023,EN,FT,Data Scientist,71907,USD,71907,US,100,US,M
2023,MI,FT,Data Scientist,93918,USD,93918,US,100,US,M
2023,MI,FT,Data Scientist,51962,USD,51962,US,100,US,M
2023,SE,FT,Data Analyst,175000,USD,175000,CA,100,CA,M
2023,SE,FT,Data Analyst,135000,USD,135000,CA,100,CA,M
2023,EN,FT,Data Engineer,85000,USD,85000,US,0,US,M
2023,EN,FT,Data Engineer,65000,USD,65000,US,0,US,M
2023,SE,FT,Machine Learning Engineer,257000,USD,257000,US,0,US,M
2023,SE,FT,Machine Learning Engineer,147000,USD,147000,US,0,US,M
2023,SE,FT,Data Engineer,222000,USD,222000,US,100,US,M
2023,SE,FT,Data Engineer,175000,USD,175000,US,100,US,M
2023,SE,FT,Data Scientist,203000,USD,203000,US,100,US,M
2023,SE,FT,Data Scientist,133200,USD,133200,US,100,US,M
2023,EN,FT,Applied Scientist,213660,USD,213660,US,0,US,L
2023,EN,FT,Applied Scientist,130760,USD,130760,US,0,US,L
2023,SE,FT,Data Engineer,221000,USD,221000,US,0,US,M
2023,SE,FT,Data Engineer,147000,USD,147000,US,0,US,M
2023,SE,FT,Data Quality Analyst,100000,USD,100000,US,0,US,M
2023,SE,FT,Data Quality Analyst,80000,USD,80000,US,0,US,M
2023,SE,FT,Data Scientist,185900,USD,185900,US,0,US,M
2023,SE,FT,Data Scientist,129300,USD,129300,US,0,US,M
2023,SE,FT,Data Scientist,238000,USD,238000,US,100,US,M
2023,SE,FT,Data Scientist,156000,USD,156000,US,100,US,M
2023,SE,FT,Machine Learning Engineer,304000,USD,304000,US,100,US,M
2023,SE,FT,Machine Learning Engineer,199000,USD,199000,US,100,US,M
2023,MI,FT,Big Data Engineer,45000,EUR,48585,ES,100,ES,M
2023,SE,FT,Data Engineer,150000,USD,150000,US,0,US,M
2023,SE,FT,Data Engineer,130000,USD,130000,US,0,US,M
2023,SE,FT,Data Scientist,140000,USD,140000,US,100,US,M
2023,SE,FT,Data Scientist,110000,USD,110000,US,100,US,M
2023,MI,FT,Data Analyst,90000,USD,90000,US,0,US,M
2023,MI,FT,Data Analyst,75000,USD,75000,US,0,US,M
2023,MI,FT,Research Scientist,161200,GBP,198340,GB,0,GB,M
2023,MI,FT,Research Scientist,84570,GBP,104055,GB,0,GB,M
2023,SE,FT,Data Engineer,240000,USD,240000,US,0,US,M
2023,SE,FT,Data Engineer,183600,USD,183600,US,0,US,M
2023,MI,FT,Data Specialist,130000,USD,130000,US,0,US,M
2023,MI,FT,Data Specialist,80000,USD,80000,US,0,US,M
2023,SE,FT,Data Engineer,250000,USD,250000,US,0,US,M
2023,SE,FT,Data Engineer,150000,USD,150000,US,0,US,M
2023,SE,FT,Data Analytics Manager,160000,USD,160000,US,100,US,M
2023,SE,FT,Data Analytics Manager,120000,USD,120000,US,100,US,M
2023,SE,FT,Machine Learning Engineer,289076,USD,289076,US,0,US,M
2023,SE,FT,Machine Learning Engineer,202353,USD,202353,US,0,US,M
2023,SE,FT,Data Engineer,145000,USD,145000,US,0,US,M
2023,SE,FT,Data Engineer,120000,USD,120000,US,0,US,M
2023,SE,FT,Data Analyst,155000,USD,155000,US,0,US,M
2023,SE,FT,Data Analyst,106000,USD,106000,US,0,US,M
2023,SE,FT,Data Engineer,200000,USD,200000,US,0,US,M
2023,SE,FT,Data Engineer,160000,USD,160000,US,0,US,M
2023,SE,FT,Data Scientist,157750,USD,157750,US,100,US,M
2023,SE,FT,Data Scientist,104650,USD,104650,US,100,US,M
2023,MI,FT,Data Scientist,180000,USD,180000,US,100,US,M
2023,MI,FT,Data Scientist,140000,USD,140000,US,100,US,M
2023,EX,FT,Data Scientist,200000,USD,200000,US,0,US,M
2023,EX,FT,Data Scientist,145000,USD,145000,US,0,US,M
2023,MI,FT,Lead Data Analyst,68000,USD,68000,US,0,US,L
2023,EN,FT,BI Data Engineer,60000,USD,60000,US,100,US,M
2023,SE,FT,Data Scientist,45000,EUR,48585,ES,0,ES,M
2023,SE,FT,Data Scientist,36000,EUR,38868,ES,0,ES,M
2023,EN,FT,Data Engineer,85000,USD,85000,US,0,US,M
2023,EN,FT,Data Engineer,65000,USD,65000,US,0,US,M
2023,MI,FT,Data Engineer,125000,USD,125000,US,0,US,M
2023,MI,FT,Data Engineer,90000,USD,90000,US,0,US,M
2023,SE,FT,Data Analyst,105000,USD,105000,US,100,US,M
2023,SE,FT,Data Analyst,90000,USD,90000,US,100,US,M
2023,SE,FT,Analytics Engineer,179820,USD,179820,US,0,US,M
2023,SE,FT,Analytics Engineer,143860,USD,143860,US,0,US,M
2023,SE,FT,Data Analyst,135000,USD,135000,US,0,US,M
2023,SE,FT,Data Analyst,105500,USD,105500,US,0,US,M
2023,EN,FT,Research Engineer,155000,USD,155000,US,0,US,M
2023,EN,FT,Research Engineer,125000,USD,125000,US,0,US,M
2023,SE,FT,Machine Learning Engineer,241000,USD,241000,US,0,US,M
2023,SE,FT,Machine Learning Engineer,181000,USD,181000,US,0,US,M
2023,SE,FT,Data Scientist,252000,USD,252000,US,0,US,M
2023,SE,FT,Data Scientist,154000,USD,154000,US,0,US,M
2023,EX,FT,Data Architect,180000,USD,180000,US,0,US,M
2023,EX,FT,Data Architect,155000,USD,155000,US,0,US,M
2023,SE,FT,Data Scientist,191765,USD,191765,US,0,US,M
2023,SE,FT,Data Scientist,134236,USD,134236,US,0,US,M
2023,SE,FT,Data Scientist,175000,USD,175000,US,100,US,M
2023,SE,FT,Data Scientist,145000,USD,145000,US,100,US,M
2023,SE,FT,Data Scientist,237000,USD,237000,US,100,US,M
2023,SE,FT,Data Scientist,145000,USD,145000,US,100,US,M
2023,EN,FT,Research Engineer,155000,USD,155000,US,0,US,M
2023,EN,FT,Research Engineer,125000,USD,125000,US,0,US,M
2023,SE,FT,Data Analyst,80000,USD,80000,US,0,US,M
2023,SE,FT,Data Analyst,70000,USD,70000,US,0,US,M
2023,SE,FT,Data Engineer,146000,USD,146000,US,0,US,M
2023,SE,FT,Data Engineer,75000,USD,75000,US,0,US,M
2023,EN,FT,Data Analyst,64200,USD,64200,US,100,US,M
2023,EN,FT,Data Analyst,56100,USD,56100,US,100,US,M
2023,SE,FT,Machine Learning Engineer,170000,USD,170000,US,0,US,M
2023,SE,FT,Machine Learning Engineer,130000,USD,130000,US,0,US,M
2023,SE,FT,Data Analyst,208450,USD,208450,US,100,US,M
2023,SE,FT,Data Analyst,170550,USD,170550,US,100,US,M
2023,SE,FT,Machine Learning Engineer,125000,USD,125000,US,0,US,M
2023,SE,FT,Machine Learning Engineer,100000,USD,100000,US,0,US,M
2023,MI,FT,Data Manager,135000,USD,135000,US,0,US,M
2023,MI,FT,Data Manager,120000,USD,120000,US,0,US,M
2023,SE,FT,Data Scientist,200000,USD,200000,US,100,US,M
2023,SE,FT,Data Scientist,170000,USD,170000,US,100,US,M
2023,SE,FT,Data Scientist,171250,USD,171250,IE,0,IE,M
2023,SE,FT,Data Scientist,113750,USD,113750,IE,0,IE,M
2023,SE,FT,Applied Scientist,222200,USD,222200,US,0,US,L
2023,SE,FT,Applied Scientist,136000,USD,136000,US,0,US,L
2023,SE,FT,Applied Scientist,260000,USD,260000,US,0,US,L
2023,SE,FT,Applied Scientist,136000,USD,136000,US,0,US,L
2023,SE,FT,Data Analyst,153600,USD,153600,US,0,US,M
2023,SE,FT,Data Analyst,100500,USD,100500,US,0,US,M
2023,SE,FT,Applied Scientist,205000,USD,205000,US,100,US,M
2023,SE,FT,Applied Scientist,184000,USD,184000,US,100,US,M
2023,SE,FT,Machine Learning Engineer,115000,USD,115000,CA,100,CA,M
2023,SE,FT,Machine Learning Engineer,95000,USD,95000,CA,100,CA,M
2023,MI,FT,Data Analyst,182500,USD,182500,US,0,US,M
2023,MI,FT,Data Analyst,121500,USD,121500,US,0,US,M
2023,SE,FT,Data Engineer,203100,USD,203100,US,0,US,M
2023,SE,FT,Data Engineer,114500,USD,114500,US,0,US,M
2023,MI,FT,Data Analyst,60000,GBP,73824,GB,0,GB,M
2023,MI,FT,Data Analyst,45000,GBP,55368,GB,0,GB,M
2023,SE,FT,Data Engineer,252000,USD,252000,US,0,US,M
2023,SE,FT,Data Engineer,129000,USD,129000,US,0,US,M
2023,EN,FT,Data Engineer,92700,USD,92700,US,100,US,M
2023,EN,FT,Data Engineer,61800,USD,61800,US,100,US,M
2023,SE,FT,Data Engineer,160000,USD,160000,US,100,US,M
2023,SE,FT,Data Engineer,130000,USD,130000,US,100,US,M
2023,SE,FT,Data Scientist,258000,USD,258000,CA,0,CA,M
2023,SE,FT,Data Scientist,190000,USD,190000,CA,0,CA,M
2023,SE,FT,Data Scientist,170000,USD,170000,US,0,US,M
2023,SE,FT,Data Scientist,135000,USD,135000,US,0,US,M
2023,MI,FT,Data Architect,167500,USD,167500,US,0,US,M
2023,MI,FT,Data Architect,106500,USD,106500,US,0,US,M
2023,SE,FT,Data Scientist,195000,USD,195000,US,0,US,M
2023,SE,FT,Data Scientist,160000,USD,160000,US,0,US,M
2023,MI,FT,Data Engineer,146000,USD,146000,US,0,US,M
2023,MI,FT,Data Engineer,75000,USD,75000,US,0,US,M
2022,EN,FT,Data Engineer,57000,EUR,59888,NL,100,NL,L
2023,EX,FT,Data Engineer,286000,USD,286000,US,100,US,M
2023,EX,FT,Data Engineer,207000,USD,207000,US,100,US,M
2023,SE,FT,Data Analyst,100000,USD,100000,US,100,US,M
2023,SE,FT,Data Analyst,80000,USD,80000,US,100,US,M
2023,SE,FT,Data Engineer,223250,USD,223250,US,0,US,M
2023,SE,FT,Data Engineer,178600,USD,178600,US,0,US,M
2023,EX,FT,Data Scientist,353200,USD,353200,US,0,US,M
2023,EX,FT,Data Scientist,249300,USD,249300,US,0,US,M
2023,MI,FT,Machine Learning Scientist,230000,USD,230000,US,0,US,M
2023,MI,FT,Machine Learning Scientist,220000,USD,220000,US,0,US,M
2023,SE,FT,Data Scientist,297300,USD,297300,US,100,US,M
2023,SE,FT,Data Scientist,198200,USD,198200,US,100,US,M
2023,MI,FT,Research Scientist,210000,USD,210000,US,100,US,M
2023,MI,FT,Research Scientist,151800,USD,151800,US,100,US,M
2023,SE,FT,Data Scientist,200000,USD,200000,US,100,US,M
2023,SE,FT,Data Scientist,170000,USD,170000,US,100,US,M
2023,SE,FT,Data Scientist,317070,USD,317070,US,0,US,M
2023,SE,FT,Data Scientist,170730,USD,170730,US,0,US,M
2023,SE,FT,Data Engineer,128000,USD,128000,US,0,US,M
2023,SE,FT,Data Engineer,81500,USD,81500,US,0,US,M
2023,EN,FT,Business Data Analyst,20000,EUR,21593,ES,0,ES,M
2023,SE,FT,AI Developer,108000,USD,108000,UA,0,UA,M
2023,SE,FT,AI Developer,60000,USD,60000,UA,0,UA,M
2023,MI,FT,MLOps Engineer,134000,USD,134000,US,100,US,M
2023,MI,FT,MLOps Engineer,124000,USD,124000,US,100,US,M
2023,SE,FT,Data Engineer,171250,USD,171250,US,0,US,M
2023,SE,FT,Data Engineer,113750,USD,113750,US,0,US,M
2023,SE,FT,Data Engineer,165000,USD,165000,US,0,US,M
2023,SE,FT,Data Engineer,132300,USD,132300,US,0,US,M
2023,SE,FT,Data Scientist,225000,USD,225000,US,0,US,M
2023,SE,FT,Data Scientist,175000,USD,175000,US,0,US,M
2023,SE,FT,Data Engineer,230000,USD,230000,US,0,US,M
2023,SE,FT,Data Engineer,124500,USD,124500,US,0,US,M
2023,SE,FT,Machine Learning Engineer,247500,USD,247500,US,0,US,M
2023,SE,FT,Machine Learning Engineer,172200,USD,172200,US,0,US,M
2023,SE,FT,Data Analyst,175000,USD,175000,US,0,US,M
2023,SE,FT,Data Analyst,145000,USD,145000,US,0,US,M
2023,SE,FT,Data Analyst,148700,USD,148700,US,0,US,M
2023,SE,FT,Data Analyst,125600,USD,125600,US,0,US,M
2023,SE,FT,Data Engineer,145000,USD,145000,US,0,US,M
2023,SE,FT,Data Engineer,115000,USD,115000,US,0,US,M
2023,SE,FT,Research Scientist,200000,USD,200000,US,0,US,M
2023,SE,FT,Research Scientist,150000,USD,150000,US,0,US,M
2023,EN,FT,Research Engineer,160000,USD,160000,US,0,US,M
2023,EN,FT,Research Engineer,120000,USD,120000,US,0,US,M
2023,SE,FT,Data Analyst,185000,USD,185000,US,100,US,M
2023,SE,FT,Data Analyst,120250,USD,120250,US,100,US,M
2023,SE,FT,Data Scientist,275300,USD,275300,US,100,US,M
2023,SE,FT,Data Scientist,183000,USD,183000,US,100,US,M
2023,SE,FT,Data Architect,170000,USD,170000,US,100,US,M
2023,SE,FT,Data Architect,125000,USD,125000,US,100,US,M
2023,MI,FT,Data Architect,167500,USD,167500,US,0,US,M
2023,MI,FT,Data Architect,106500,USD,106500,US,0,US,M
2023,SE,FT,Research Scientist,250000,USD,250000,US,0,US,M
2023,SE,FT,Research Scientist,200000,USD,200000,US,0,US,M
2023,MI,FT,Machine Learning Engineer,135000,USD,135000,US,50,US,L
2023,SE,FT,AI Scientist,1500000,ILS,417937,IL,0,IL,L
2023,SE,FT,Machine Learning Engineer,216000,USD,216000,US,100,US,M
2023,SE,FT,Machine Learning Engineer,184000,USD,184000,US,100,US,M
2023,SE,FT,Data Engineer,180000,USD,180000,US,100,US,M
2023,SE,FT,Data Engineer,165000,USD,165000,US,100,US,M
2023,SE,FT,Data Scientist,185900,USD,185900,US,0,US,M
2023,SE,FT,Data Scientist,129300,USD,129300,US,0,US,M
2023,SE,FT,Data Engineer,145000,USD,145000,US,0,US,M
2023,SE,FT,Data Engineer,120000,USD,120000,US,0,US,M
2023,MI,FT,Data Engineer,143865,USD,143865,US,0,US,M
2023,MI,FT,Data Engineer,115092,USD,115092,US,0,US,M
2023,MI,FT,Machine Learning Engineer,130000,USD,130000,US,0,US,M
2023,MI,FT,Machine Learning Engineer,90000,USD,90000,US,0,US,M
2023,SE,FT,Data Scientist,173000,USD,173000,US,100,US,M
2023,SE,FT,Data Scientist,132000,USD,132000,US,100,US,M
2023,SE,FT,Data Analyst,208049,USD,208049,US,0,US,M
2023,SE,FT,Data Analyst,128500,USD,128500,US,0,US,M
2023,SE,FT,Analytics Engineer,179820,USD,179820,US,0,US,M
2023,SE,FT,Analytics Engineer,143860,USD,143860,US,0,US,M
2023,SE,FT,Data Engineer,167500,USD,167500,US,0,US,M
2023,SE,FT,Data Engineer,106500,USD,106500,US,0,US,M
2023,SE,FT,Data Scientist,275300,USD,275300,US,100,US,M
2023,SE,FT,Data Scientist,183500,USD,183500,US,100,US,M
2023,MI,FT,Data Engineer,149600,USD,149600,US,0,US,M
2023,MI,FT,Data Engineer,102000,USD,102000,US,0,US,M
2023,EX,FT,Data Scientist,145000,USD,145000,US,0,US,M
2023,EX,FT,Data Scientist,100000,USD,100000,US,0,US,M
2023,SE,FT,Data Analyst,190000,USD,190000,US,100,US,M
2023,SE,FT,Data Analyst,95000,USD,95000,US,100,US,M
2023,SE,FT,Data Analyst,153600,USD,153600,US,0,US,M
2023,SE,FT,Data Analyst,106800,USD,106800,US,0,US,M
2023,MI,FT,Data Scientist,90000,EUR,97171,IE,0,IE,M
2023,MI,FT,Data Scientist,75000,EUR,80976,IE,0,IE,M
2023,MI,FT,Data Analyst,128000,USD,128000,US,0,US,M
2023,MI,FT,Data Analyst,85000,USD,85000,US,0,US,M
2023,MI,FT,Data Engineer,151000,USD,151000,US,0,US,M
2023,MI,FT,Data Engineer,140000,USD,140000,US,0,US,M
2023,SE,FT,Data Scientist,275300,USD,275300,US,100,US,M
2023,SE,FT,Data Scientist,183500,USD,183500,US,100,US,M
2023,SE,FT,Machine Learning Scientist,220000,USD,220000,US,0,US,M
2023,SE,FT,Machine Learning Scientist,170000,USD,170000,US,0,US,M
2023,SE,FT,Data Analyst,135000,USD,135000,US,0,US,M
2023,SE,FT,Data Analyst,105500,USD,105500,US,0,US,M
2023,SE,FT,Data Analyst,100000,USD,100000,US,100,US,M
2023,SE,FT,Data Analyst,80000,USD,80000,US,100,US,M
2023,EN,FT,Applied Machine Learning Scientist,40000,EUR,43187,DE,50,DE,M
2023,SE,FT,Data Engineer,160000,USD,160000,CA,100,CA,M
2023,SE,FT,Data Engineer,145000,USD,145000,CA,100,CA,M
2023,MI,FT,Data Analyst,154000,USD,154000,US,0,US,M
2023,MI,FT,Data Analyst,143000,USD,143000,US,0,US,M
2023,MI,FT,Data Scientist,65000,GBP,79976,GB,0,GB,M
2023,MI,FT,Data Scientist,42000,GBP,51676,GB,0,GB,M
2023,EN,FT,Data Scientist,190000,USD,190000,US,0,US,M
2023,EN,FT,Data Scientist,120000,USD,120000,US,0,US,M
2023,MI,FT,Data Scientist,70000,GBP,86128,GB,0,GB,M
2023,MI,FT,Data Scientist,42000,GBP,51676,GB,0,GB,M
2023,MI,FT,Data Scientist,90000,GBP,110736,GB,0,GB,M
2023,MI,FT,Data Scientist,60000,GBP,73824,GB,0,GB,M
2023,SE,FT,Data Engineer,150000,USD,150000,US,0,US,M
2023,SE,FT,Data Engineer,111000,USD,111000,US,0,US,M
2023,EX,FT,Data Engineer,265000,USD,265000,US,0,US,M
2023,EX,FT,Data Engineer,235000,USD,235000,US,0,US,M
2023,EN,FT,Data Scientist,112000,CHF,122638,CH,50,CH,L
2022,MI,FT,Data Scientist,70000,EUR,73546,DE,100,DE,M
2023,SE,FT,Data Engineer,160000,USD,160000,US,100,US,M
2023,SE,FT,Data Engineer,130000,USD,130000,US,100,US,M
2023,MI,FT,Data Engineer,75000,USD,75000,US,100,US,M
2023,MI,FT,Data Engineer,60400,USD,60400,US,100,US,M
2023,EN,FT,Data Analyst,85000,USD,85000,US,100,US,M
2023,EN,FT,Data Analyst,75000,USD,75000,US,100,US,M
2023,SE,FT,Data Engineer,252000,USD,252000,US,0,US,M
2023,SE,FT,Data Engineer,129000,USD,129000,US,0,US,M
2023,EN,FT,Data Engineer,92700,USD,92700,US,100,US,M
2023,EN,FT,Data Engineer,61800,USD,61800,US,100,US,M
2022,SE,FT,Lead Data Scientist,164000,EUR,172309,IE,100,IE,L
2023,MI,FT,Data Scientist,56000,EUR,60462,AT,100,DE,M
2023,MI,FT,Data Analyst,83500,USD,83500,US,100,US,M
2023,MI,FT,Data Analyst,52500,USD,52500,US,100,US,M
2023,SE,FT,Data Scientist,201036,USD,201036,US,0,US,M
2023,SE,FT,Data Scientist,134024,USD,134024,US,0,US,M
2023,SE,FT,Data Analyst,165000,USD,165000,US,100,US,M
2023,SE,FT,Data Analyst,140000,USD,140000,US,100,US,M
2023,EN,FT,Data Engineer,62000,USD,62000,US,100,US,M
2023,EN,FT,Data Engineer,58000,USD,58000,US,100,US,M
2023,SE,FT,Data Scientist,172000,USD,172000,US,0,US,M
2023,SE,FT,Data Scientist,115000,USD,115000,US,0,US,M
2023,EN,FT,Data Engineer,125000,USD,125000,US,0,US,M
2023,EN,FT,Data Engineer,90000,USD,90000,US,0,US,M
2023,SE,FT,Data Engineer,163800,USD,163800,US,0,US,M
2023,SE,FT,Data Engineer,126000,USD,126000,US,0,US,M
2023,SE,FT,Data Scientist,237000,USD,237000,US,100,US,M
2023,SE,FT,Data Scientist,145000,USD,145000,US,100,US,M
2023,MI,FT,Data Engineer,90000,USD,90000,US,100,US,M
2023,MI,FT,Data Engineer,90000,USD,90000,US,100,US,M
2023,SE,FT,Data Engineer,139500,USD,139500,US,0,US,M
2023,SE,FT,Data Engineer,109400,USD,109400,US,0,US,M
2023,SE,FT,Data Scientist,258000,USD,258000,CA,0,CA,M
2023,SE,FT,Data Scientist,190000,USD,190000,CA,0,CA,M
2023,MI,FT,Data Engineer,145000,USD,145000,US,0,US,M
2023,MI,FT,Data Engineer,120000,USD,120000,US,0,US,M
2023,SE,FT,Data Engineer,205600,USD,205600,US,0,US,L
2023,SE,FT,Data Engineer,105700,USD,105700,US,0,US,L
2023,SE,FT,Data Engineer,252000,USD,252000,US,0,US,M
2023,SE,FT,Data Engineer,129000,USD,129000,US,0,US,M
2023,SE,FT,Data Scientist,239748,USD,239748,US,0,US,M
2023,SE,FT,Data Scientist,159832,USD,159832,US,0,US,M
2023,SE,FT,Data Scientist,186300,USD,186300,US,100,US,M
2023,SE,FT,Data Scientist,102500,USD,102500,US,100,US,M
2023,SE,FT,Data Engineer,165000,USD,165000,US,0,US,M
2023,SE,FT,Data Engineer,132300,USD,132300,US,0,US,M
2023,SE,FT,Data Scientist,190000,USD,190000,US,0,US,M
2023,SE,FT,Data Scientist,126000,USD,126000,US,0,US,M
2023,SE,FT,Data Architect,149040,USD,149040,US,100,US,M
2023,SE,FT,Data Architect,113900,USD,113900,US,100,US,M
2023,SE,FT,Data Engineer,153600,USD,153600,US,100,US,M
2023,SE,FT,Data Engineer,106800,USD,106800,US,100,US,M
2023,SE,FT,Data Engineer,172600,USD,172600,US,100,US,M
2023,SE,FT,Data Engineer,107900,USD,107900,US,100,US,M
2023,SE,FT,Data Analyst,180180,USD,180180,US,0,US,M
2023,SE,FT,Data Analyst,106020,USD,106020,US,0,US,M
2023,SE,FT,Data Architect,376080,USD,376080,US,100,US,M
2023,SE,FT,Data Architect,213120,USD,213120,US,100,US,M
2023,SE,FT,Data Analyst,153600,USD,153600,US,0,US,M
2023,SE,FT,Data Analyst,100500,USD,100500,US,0,US,M
2023,SE,FT,Data Analyst,206500,USD,206500,US,100,US,M
2023,SE,FT,Data Analyst,121600,USD,121600,US,100,US,M
2023,SE,FT,Data Engineer,260000,USD,260000,US,0,US,M
2023,SE,FT,Data Engineer,225000,USD,225000,US,0,US,M
2023,EX,FT,Data Engineer,194500,USD,194500,US,0,US,M
2023,EX,FT,Data Engineer,115500,USD,115500,US,0,US,M
2023,SE,FT,Cloud Database Engineer,170000,USD,170000,US,100,US,L
2023,SE,FT,Applied Machine Learning Scientist,90000,USD,90000,US,100,US,L
2023,EN,FT,Data Analyst,95000,USD,95000,US,100,US,M
2023,EN,FT,Data Analyst,70000,USD,70000,US,100,US,M
2023,SE,FT,Data Engineer,275000,USD,275000,US,0,US,M
2023,SE,FT,Data Engineer,160000,USD,160000,US,0,US,M
2023,SE,FT,Data Analyst,115934,USD,115934,US,100,US,M
2023,SE,FT,Data Analyst,81666,USD,81666,US,100,US,M
2023,SE,FT,Data Scientist,175000,USD,175000,US,0,US,M
2023,SE,FT,Data Scientist,120000,USD,120000,US,0,US,M
2023,SE,FT,Machine Learning Engineer,150000,USD,150000,US,100,US,M
2023,SE,FT,Machine Learning Engineer,120000,USD,120000,US,100,US,M
2023,SE,FT,Research Engineer,200000,USD,200000,US,0,US,M
2023,SE,FT,Research Engineer,175000,USD,175000,US,0,US,M
2023,MI,FT,Data Analyst,206000,USD,206000,US,0,US,M
2023,MI,FT,Data Analyst,130000,USD,130000,US,0,US,M
2023,SE,FT,Data Architect,138000,USD,138000,GB,100,GB,M
2023,SE,FT,Data Architect,92000,USD,92000,GB,100,GB,M
2023,SE,FT,Data Manager,65000,USD,65000,CO,0,CO,M
2023,SE,FT,Data Manager,48000,USD,48000,CO,0,CO,M
2023,SE,FT,Data Analyst,110000,USD,110000,US,100,US,M
2023,SE,FT,Data Analyst,75000,USD,75000,US,100,US,M
2023,SE,FT,Analytics Engineer,130000,USD,130000,US,0,US,M
2023,SE,FT,Analytics Engineer,87000,USD,87000,US,0,US,M
2023,MI,FT,Data Analyst,160000,USD,160000,US,0,US,M
2023,MI,FT,Data Analyst,112000,USD,112000,US,0,US,M
2023,MI,FT,Data Engineer,162500,USD,162500,US,0,US,M
2023,MI,FT,Data Engineer,130000,USD,130000,US,0,US,M
2023,SE,FT,Data Scientist,299500,USD,299500,US,0,US,M
2023,SE,FT,Data Scientist,245100,USD,245100,US,0,US,M
2023,MI,FT,Data Scientist,145000,USD,145000,US,0,US,M
2023,MI,FT,Data Scientist,100000,USD,100000,US,0,US,M
2023,SE,FT,Data Engineer,147100,USD,147100,US,0,US,M
2023,SE,FT,Data Engineer,90700,USD,90700,US,0,US,M
2023,EN,FT,Data Engineer,115100,USD,115100,US,0,US,M
2023,EN,FT,Data Engineer,73900,USD,73900,US,0,US,M
2023,SE,FT,Data Engineer,168400,USD,168400,US,0,US,M
2023,SE,FT,Data Engineer,105200,USD,105200,US,0,US,M
2023,SE,FT,Data Scientist,210000,USD,210000,US,0,US,M
2023,SE,FT,Data Scientist,160000,USD,160000,US,0,US,M
2023,MI,FT,Data Scientist,145000,USD,145000,US,0,US,M
2023,MI,FT,Data Scientist,100000,USD,100000,US,0,US,M
2023,SE,FT,Applied Scientist,222200,USD,222200,US,0,US,L
2023,SE,FT,Applied Scientist,136000,USD,136000,US,0,US,L
2023,MI,FT,Data Analyst,100000,USD,100000,US,0,US,M
2023,MI,FT,Data Analyst,85000,USD,85000,US,0,US,M
2023,MI,FT,Data Engineer,70000,GBP,86128,GB,100,GB,M
2023,MI,FT,Data Engineer,47500,GBP,58444,GB,100,GB,M
2023,EX,FT,Data Scientist,200000,USD,200000,US,0,US,M
2023,EX,FT,Data Scientist,145000,USD,145000,US,0,US,M
2023,MI,FT,Data Engineer,140000,USD,140000,US,0,US,M
2023,MI,FT,Data Engineer,95000,USD,95000,US,0,US,M
2023,SE,FT,Data Analyst,185000,USD,185000,US,100,US,M
2023,SE,FT,Data Analyst,120250,USD,120250,US,100,US,M
2023,MI,FT,Financial Data Analyst,130000,USD,130000,US,100,US,L
2023,SE,FT,Data Scientist,205000,USD,205000,US,0,US,M
2023,SE,FT,Data Scientist,140000,USD,140000,US,0,US,M
2023,SE,FT,Data Scientist,297300,USD,297300,US,100,US,M
2023,SE,FT,Data Scientist,198200,USD,198200,US,100,US,M
2023,SE,FT,Research Scientist,141288,USD,141288,US,0,US,M
2023,SE,FT,Research Scientist,94192,USD,94192,US,0,US,M
2023,SE,FT,Data Infrastructure Engineer,184000,USD,184000,US,100,US,M
2023,SE,FT,Data Infrastructure Engineer,143000,USD,143000,US,100,US,M
2023,SE,FT,Data Analyst,70000,USD,70000,US,0,US,M
2023,SE,FT,Data Analyst,55000,USD,55000,US,0,US,M
2023,SE,FT,Analytics Engineer,275300,USD,275300,US,100,US,M
2023,SE,FT,Analytics Engineer,183500,USD,183500,US,100,US,M
2023,MI,FT,Data Analyst,75000,USD,75000,US,100,US,M
2023,MI,FT,Data Analyst,65000,USD,65000,US,100,US,M
2023,MI,FT,Machine Learning Engineer,160000,USD,160000,US,0,US,M
2023,MI,FT,Machine Learning Engineer,147000,USD,147000,US,0,US,M
2023,SE,FT,Data Architect,149040,USD,149040,US,100,US,M
2023,SE,FT,Data Architect,113900,USD,113900,US,100,US,M
2023,MI,FT,Software Data Engineer,100000,SGD,74883,SG,100,SG,L
2023,SE,FT,Data Analyst,180180,USD,180180,US,0,US,M
2023,SE,FT,Data Analyst,106020,USD,106020,US,0,US,M
2023,MI,FT,Data Scientist,1400000,INR,17025,IN,100,IN,L
2023,EN,FT,AI Programmer,70000,USD,70000,IN,0,AU,L
2023,EN,FT,AI Developer,80000,USD,80000,SE,50,SE,M
2023,MI,FT,Lead Data Analyst,1500000,INR,18241,IN,50,IN,L
2023,MI,FT,Machine Learning Engineer,250000,USD,250000,US,0,US,M
2023,MI,FT,Machine Learning Engineer,150000,USD,150000,US,0,US,M
2023,SE,FT,Data Engineer,139500,USD,139500,US,0,US,M
2023,SE,FT,Data Engineer,109400,USD,109400,US,0,US,M
2023,SE,FT,Data Scientist,105000,USD,105000,US,0,US,M
2023,SE,FT,Data Scientist,70000,USD,70000,US,0,US,M
2023,EX,FT,Data Engineer,210914,USD,210914,US,100,US,M
2023,EX,FT,Data Engineer,116704,USD,116704,US,100,US,M
2023,EN,FT,Research Scientist,150000,USD,150000,US,0,US,M
2023,EN,FT,Research Scientist,100000,USD,100000,US,0,US,M
2023,SE,FT,Data Engineer,146000,USD,146000,US,0,US,M
2023,SE,FT,Data Engineer,75000,USD,75000,US,0,US,M
2023,EN,FT,Data Analyst,75000,USD,75000,US,100,US,M
2023,EN,FT,Data Analyst,60000,USD,60000,US,100,US,M
2023,MI,FT,Analytics Engineer,185700,USD,185700,US,0,US,M
2023,MI,FT,Analytics Engineer,165000,USD,165000,US,0,US,M
2023,SE,FT,Data Engineer,160000,USD,160000,US,100,US,M
2023,SE,FT,Data Engineer,130000,USD,130000,US,100,US,M
2023,SE,FT,Data Analyst,169000,USD,169000,US,0,US,M
2023,SE,FT,Data Analyst,110600,USD,110600,US,0,US,M
2023,SE,FT,Data Operations Engineer,193000,USD,193000,US,100,US,M
2023,SE,FT,Data Operations Engineer,136850,USD,136850,US,100,US,M
2023,SE,FT,Machine Learning Engineer,139500,USD,139500,US,0,US,M
2023,SE,FT,Machine Learning Engineer,109400,USD,109400,US,0,US,M
2023,SE,FT,Data Engineer,276000,USD,276000,US,100,US,M
2023,SE,FT,Data Engineer,178500,USD,178500,US,100,US,M
2023,MI,FT,Data Scientist,55000,EUR,59382,ES,0,ES,M
2023,MI,FT,Data Scientist,45000,EUR,48585,ES,0,ES,M
2023,MI,FT,Data Engineer,70000,EUR,75577,SI,100,SI,M
2023,MI,FT,Data Engineer,45000,EUR,48585,SI,100,SI,M
2023,SE,FT,Machine Learning Engineer,161000,GBP,198094,GB,0,GB,M
2023,SE,FT,Machine Learning Engineer,83300,GBP,102492,GB,0,GB,M
2023,SE,FT,Data Engineer,112700,GBP,138666,GB,0,GB,M
2023,SE,FT,Data Engineer,83300,GBP,102492,GB,0,GB,M
2023,SE,FT,Data Engineer,252000,USD,252000,US,0,US,M
2023,SE,FT,Data Engineer,129000,USD,129000,US,0,US,M
2022,SE,FT,BI Developer,130000,USD,130000,US,100,US,L
2021,MI,FT,Data Scientist,150000,USD,150000,US,100,US,M
2023,SE,FT,Data Engineer,163800,USD,163800,US,0,US,M
2023,SE,FT,Data Engineer,126000,USD,126000,US,0,US,M
2023,SE,FT,Machine Learning Engineer,260000,USD,260000,CA,100,CA,M
2023,SE,FT,Machine Learning Engineer,110000,USD,110000,CA,100,CA,M
2023,SE,FT,Analytics Engineer,170000,USD,170000,US,100,US,M
2023,SE,FT,Analytics Engineer,130000,USD,130000,US,100,US,M
2023,SE,FT,Machine Learning Engineer,247500,USD,247500,US,0,US,M
2023,SE,FT,Machine Learning Engineer,172200,USD,172200,US,0,US,M
2023,SE,FT,Data Scientist,239748,USD,239748,US,0,US,M
2023,SE,FT,Data Scientist,159832,USD,159832,US,0,US,M
2023,SE,FT,Machine Learning Engineer,163800,USD,163800,US,0,US,M
2023,SE,FT,Machine Learning Engineer,126000,USD,126000,US,0,US,M
2023,MI,FT,Data Scientist,128750,USD,128750,US,0,US,M
2023,MI,FT,Data Scientist,106250,USD,106250,US,0,US,M
2023,SE,FT,Data Engineer,252000,USD,252000,US,0,US,M
2023,SE,FT,Data Engineer,129000,USD,129000,US,0,US,M
2023,SE,FT,Data Scientist,299500,USD,299500,US,0,US,M
2023,SE,FT,Data Scientist,245100,USD,245100,US,0,US,M
2023,MI,FT,Data Analytics Manager,155000,USD,155000,US,0,US,M
2023,MI,FT,Data Analytics Manager,140000,USD,140000,US,0,US,M
2023,EX,FT,Data Engineer,167500,USD,167500,US,0,US,M
2023,EX,FT,Data Engineer,106500,USD,106500,US,0,US,M
2023,SE,FT,Data Architect,188500,USD,188500,US,100,US,M
2023,SE,FT,Data Architect,117000,USD,117000,US,100,US,M
2023,SE,FT,Data Analyst,250000,USD,250000,US,100,US,M
2023,SE,FT,Data Analyst,138000,USD,138000,US,100,US,M
2023,MI,FT,Data Analyst,130000,USD,130000,CA,100,CA,M
2023,MI,FT,Data Analyst,100000,USD,100000,CA,100,CA,M
2023,SE,FT,Deep Learning Researcher,115000,EUR,124163,DE,0,DE,L
2023,SE,FT,Data Engineer,140000,USD,140000,US,0,US,M
2023,SE,FT,Data Engineer,120000,USD,120000,US,0,US,M
2023,SE,FT,BI Analyst,160000,USD,160000,US,0,US,M
2023,SE,FT,BI Analyst,135000,USD,135000,US,0,US,M
2023,MI,FT,Data Scientist,104500,USD,104500,US,0,US,M
2023,MI,FT,Data Scientist,70000,USD,70000,US,0,US,M
2023,MI,FT,Data Scientist,90000,USD,90000,US,0,US,M
2023,MI,FT,Data Scientist,70000,USD,70000,US,0,US,M
2023,SE,FT,Data Engineer,153600,USD,153600,US,100,US,M
2023,SE,FT,Data Engineer,106800,USD,106800,US,100,US,M
2023,EN,FT,Data Engineer,125000,USD,125000,US,0,US,M
2023,EN,FT,Data Engineer,90000,USD,90000,US,0,US,M
2023,MI,FT,Research Scientist,185000,USD,185000,US,100,US,M
2023,MI,FT,Research Scientist,125000,USD,125000,US,100,US,M
2023,SE,FT,Data Analyst,127000,USD,127000,US,100,US,M
2023,SE,FT,Data Analyst,94000,USD,94000,US,100,US,M
2023,SE,FT,Data Scientist,210550,USD,210550,US,0,US,M
2023,SE,FT,Data Scientist,153300,USD,153300,US,0,US,M
2023,MI,FT,Data Scientist,200000,USD,200000,US,100,US,M
2023,MI,FT,Data Scientist,150000,USD,150000,US,100,US,M
2023,SE,FT,Data Analyst,161500,USD,161500,US,100,US,M
2023,SE,FT,Data Analyst,119500,USD,119500,US,100,US,M
2023,SE,FT,Data Analyst,175000,USD,175000,US,0,US,M
2023,SE,FT,Data Analyst,145000,USD,145000,US,0,US,M
2023,SE,FT,Data Scientist,175000,USD,175000,US,0,US,M
2023,SE,FT,Data Scientist,148750,USD,148750,US,0,US,M
2023,SE,FT,Data Analytics Specialist,105000,USD,105000,US,0,US,M
2023,SE,FT,Data Analytics Specialist,85000,USD,85000,US,0,US,M
2023,SE,FT,Research Scientist,215000,USD,215000,US,0,US,M
2023,SE,FT,Research Scientist,146300,USD,146300,US,0,US,M
2023,EN,FT,AI Developer,200000,EUR,215936,DE,100,DE,L
2023,MI,FT,Data Engineer,72000,USD,72000,MX,100,MX,M
2023,MI,FT,Data Engineer,60000,USD,60000,MX,100,MX,M
2023,SE,FT,Machine Learning Engineer,153400,USD,153400,US,0,US,M
2023,SE,FT,Machine Learning Engineer,122700,USD,122700,US,0,US,M
2023,MI,FT,Data Engineer,260000,USD,260000,US,0,US,M
2023,MI,FT,Data Engineer,175000,USD,175000,US,0,US,M
2023,SE,FT,Data Scientist,186300,USD,186300,US,100,US,M
2023,SE,FT,Data Scientist,123900,USD,123900,US,100,US,M
2023,MI,FT,Research Scientist,340000,USD,340000,US,100,US,M
2023,MI,FT,Research Scientist,150000,USD,150000,US,100,US,M
2023,SE,FT,Machine Learning Engineer,153400,USD,153400,US,0,US,M
2023,SE,FT,Machine Learning Engineer,122700,USD,122700,US,0,US,M
2023,MI,FT,Data Engineer,250000,USD,250000,US,0,US,M
2023,MI,FT,Data Engineer,175000,USD,175000,US,0,US,M
2023,MI,FT,Data Scientist,60000,EUR,64781,FR,50,FR,M
2023,SE,FT,Data Analyst,185900,USD,185900,US,0,US,M
2023,SE,FT,Data Analyst,121700,USD,121700,US,0,US,M
2023,SE,FT,Data Analyst,153600,USD,153600,US,0,US,M
2023,SE,FT,Data Analyst,106800,USD,106800,US,0,US,M
2023,SE,FL,Software Data Engineer,50000,USD,50000,NG,50,AU,M
2023,EN,FT,Data Analyst,100000,USD,100000,UZ,100,US,L
2023,SE,FT,Machine Learning Engineer,247500,USD,247500,US,0,US,M
2023,SE,FT,Machine Learning Engineer,172200,USD,172200,US,0,US,M
2023,EX,FT,Data Engineer,310000,USD,310000,US,100,US,M
2023,EX,FT,Data Engineer,239000,USD,239000,US,100,US,M
2023,SE,FT,Data Analyst,125000,USD,125000,US,0,US,M
2023,SE,FT,Data Analyst,110000,USD,110000,US,0,US,M
2023,EN,FT,Data Analyst,150000,USD,150000,US,0,US,M
2023,EN,FT,Data Analyst,100000,USD,100000,US,0,US,M
2023,SE,FT,Data Scientist,149076,USD,149076,US,0,US,M
2023,SE,FT,Data Scientist,82365,USD,82365,US,0,US,M
2023,MI,FT,Data Engineer,146000,USD,146000,US,0,US,M
2023,MI,FT,Data Engineer,75000,USD,75000,US,0,US,M
2023,SE,FT,Machine Learning Engineer,139500,USD,139500,US,0,US,M
2023,SE,FT,Machine Learning Engineer,109400,USD,109400,US,0,US,M
2023,SE,FT,Data Engineer,139500,USD,139500,US,0,US,M
2023,SE,FT,Data Engineer,109400,USD,109400,US,0,US,M
2023,MI,FT,Data Engineer,149600,USD,149600,US,0,US,M
2023,MI,FT,Data Engineer,102000,USD,102000,US,0,US,M
2023,MI,FT,Data Analyst,80000,GBP,98432,GB,0,GB,M
2023,MI,FT,Data Analyst,40000,GBP,49216,GB,0,GB,M
2023,SE,FT,Data Engineer,252000,USD,252000,US,0,US,M
2023,SE,FT,Data Engineer,129000,USD,129000,US,0,US,M
2023,SE,FT,Data Analyst,95000,USD,95000,US,0,US,M
2023,SE,FT,Data Analyst,85500,USD,85500,US,0,US,M
2023,SE,FT,Data Analyst,185900,USD,185900,US,0,US,M
2023,SE,FT,Data Analyst,121700,USD,121700,US,0,US,M
2023,EN,FT,Research Scientist,150000,USD,150000,US,0,US,M
2023,EN,FT,Research Scientist,100000,USD,100000,US,0,US,M
2023,MI,FT,Data Engineer,145000,USD,145000,US,0,US,M
2023,MI,FT,Data Engineer,125000,USD,125000,US,0,US,M
2023,MI,FT,Data Scientist,150000,USD,150000,US,100,US,M
2023,MI,FT,Data Scientist,97750,USD,97750,US,100,US,M
2023,SE,FT,Data Scientist,201000,USD,201000,US,0,US,M
2023,SE,FT,Data Scientist,122000,USD,122000,US,0,US,M
2023,SE,FT,Data Engineer,252000,USD,252000,US,0,US,M
2023,SE,FT,Data Engineer,129000,USD,129000,US,0,US,M
2023,SE,FT,Data Analyst,120000,USD,120000,US,100,US,M
2023,SE,FT,Data Analyst,75000,USD,75000,US,100,US,M
2023,MI,FT,Data Scientist,116990,USD,116990,US,100,US,M
2023,MI,FT,Data Scientist,82920,USD,82920,US,100,US,M
2023,SE,FT,Data Scientist,185900,USD,185900,US,0,US,M
2023,SE,FT,Data Scientist,129300,USD,129300,US,0,US,M
2023,MI,FT,Machine Learning Scientist,200000,USD,200000,US,0,US,S
2023,MI,FT,Machine Learning Scientist,125000,USD,125000,US,0,US,S
2023,SE,FT,Data Scientist,201000,USD,201000,US,0,US,M
2023,SE,FT,Data Scientist,122000,USD,122000,US,0,US,M
2023,SE,FT,Machine Learning Engineer,204500,USD,204500,US,0,US,M
2023,SE,FT,Machine Learning Engineer,142200,USD,142200,US,0,US,M
2023,SE,FT,Data Manager,155000,USD,155000,US,0,US,M
2023,SE,FT,Data Manager,140000,USD,140000,US,0,US,M
2023,MI,FT,Machine Learning Infrastructure Engineer,205920,USD,205920,US,0,US,M
2023,MI,FT,Machine Learning Infrastructure Engineer,171600,USD,171600,US,0,US,M
2023,SE,FT,Data Engineer,121500,USD,121500,US,100,US,M
2023,SE,FT,Data Engineer,78000,USD,78000,US,100,US,M
2023,MI,FT,Data Engineer,154000,USD,154000,US,0,US,M
2023,MI,FT,Data Engineer,116000,USD,116000,US,0,US,M
2023,SE,FT,Data Scientist,190000,USD,190000,US,0,US,M
2023,SE,FT,Data Scientist,136000,USD,136000,US,0,US,M
2023,MI,FT,Data Analyst,65000,GBP,79976,GB,100,GB,M
2023,MI,FT,Data Analyst,36050,GBP,44356,GB,100,GB,M
2023,SE,FT,Data Analyst,180000,USD,180000,US,0,US,M
2023,SE,FT,Data Analyst,110000,USD,110000,US,0,US,M
2023,SE,FT,Data Scientist,275300,USD,275300,US,100,US,M
2023,SE,FT,Data Scientist,183000,USD,183000,US,100,US,M
2023,SE,FT,Data Engineer,170000,USD,170000,US,0,US,M
2023,SE,FT,Data Engineer,140000,USD,140000,US,0,US,M
2023,SE,FT,Data Engineer,154000,USD,154000,US,0,US,M
2023,SE,FT,Data Engineer,116000,USD,116000,US,0,US,M
2023,SE,FT,Data Engineer,160000,USD,160000,US,100,US,M
2023,SE,FT,Data Engineer,130000,USD,130000,US,100,US,M
2023,MI,FT,Data Engineer,200000,USD,200000,US,0,US,M
2023,MI,FT,Data Engineer,120000,USD,120000,US,0,US,M
2023,SE,FT,Data Scientist,175000,USD,175000,US,100,US,M
2023,SE,FT,Data Scientist,160000,USD,160000,US,100,US,M
2023,MI,FT,Data Engineer,105000,GBP,129192,GB,0,GB,M
2023,MI,FT,Data Engineer,85000,GBP,104584,GB,0,GB,M
2023,SE,FT,Data Engineer,153600,USD,153600,US,0,US,M
2023,SE,FT,Data Engineer,106800,USD,106800,US,0,US,M
2023,EN,FT,Data Analyst,85000,USD,85000,US,100,US,M
2023,EN,FT,Data Analyst,75000,USD,75000,US,100,US,M
2023,SE,FT,Data Scientist,225000,USD,225000,US,0,US,M
2023,SE,FT,Data Scientist,156400,USD,156400,US,0,US,M
2023,SE,FT,Analytics Engineer,150000,USD,150000,US,0,US,M
2023,SE,FT,Analytics Engineer,120000,USD,120000,US,0,US,M
2023,SE,FT,Machine Learning Engineer,163800,USD,163800,US,0,US,M
2023,SE,FT,Machine Learning Engineer,126000,USD,126000,US,0,US,M
2023,SE,FT,Data Analyst,145000,USD,145000,US,100,US,M
2023,SE,FT,Data Analyst,90000,USD,90000,US,100,US,M
2023,SE,FT,Machine Learning Engineer,204500,USD,204500,US,0,US,M
2023,SE,FT,Machine Learning Engineer,142200,USD,142200,US,0,US,M
2023,SE,FT,Data Analyst,95000,USD,95000,US,0,US,M
2023,SE,FT,Data Analyst,85500,USD,85500,US,0,US,M
2023,SE,FT,Data Engineer,167500,USD,167500,US,0,US,M
2023,SE,FT,Data Engineer,106500,USD,106500,US,0,US,M
2023,SE,FT,Data Engineer,163800,USD,163800,US,0,US,M
2023,SE,FT,Data Engineer,126000,USD,126000,US,0,US,M
2023,MI,FT,Data Analytics Manager,155000,USD,155000,US,0,US,M
2023,MI,FT,Data Analytics Manager,140000,USD,140000,US,0,US,M
2023,SE,FT,Research Scientist,250000,USD,250000,US,0,US,M
2023,SE,FT,Research Scientist,200000,USD,200000,US,0,US,M
2023,SE,FT,Data Scientist,260000,USD,260000,US,0,US,M
2023,SE,FT,Data Scientist,186000,USD,186000,US,0,US,M
2023,SE,FT,Data Engineer,160000,USD,160000,US,100,US,M
2023,SE,FT,Data Engineer,130000,USD,130000,US,100,US,M
2023,SE,FT,Research Scientist,200000,USD,200000,US,0,US,M
2023,SE,FT,Research Scientist,150000,USD,150000,US,0,US,M
2023,SE,FT,Data Scientist,45000,EUR,48585,ES,0,ES,M
2023,SE,FT,Data Scientist,36000,EUR,38868,ES,0,ES,M
2023,SE,FT,Data Scientist,150000,USD,150000,US,0,US,M
2023,SE,FT,Data Scientist,120000,USD,120000,US,0,US,M
2023,EN,FT,Data Analyst,30000,USD,30000,IN,50,IN,M
2023,MI,FT,Research Scientist,185000,USD,185000,US,0,US,M
2023,MI,FT,Research Scientist,125000,USD,125000,US,0,US,M
2022,EN,PT,Data Analyst,34320,USD,34320,US,100,US,S
2023,SE,FT,Head of Data,70000,EUR,75577,PT,100,PT,L
2022,EX,FT,Data Scientist,106000,USD,106000,UZ,0,RU,L
2023,SE,FT,Data Analyst,175000,USD,175000,US,100,US,M
2023,SE,FT,Data Analyst,130000,USD,130000,US,100,US,M
2023,SE,FT,Data Analyst,122000,USD,122000,US,100,US,M
2023,SE,FT,Data Analyst,93800,USD,93800,US,100,US,M
2023,SE,FT,Data Scientist,150000,USD,150000,MX,100,MX,M
2023,SE,FT,Data Scientist,90000,USD,90000,MX,100,MX,M
2023,SE,FT,Data Analyst,165000,USD,165000,US,100,US,M
2023,SE,FT,Data Analyst,112000,USD,112000,US,100,US,M
2023,EN,FT,Computer Vision Engineer,220000,USD,220000,US,0,US,M
2023,SE,FT,BI Data Analyst,67000,EUR,72338,DE,100,DE,M
2023,EN,FT,AI Developer,60000,EUR,64781,DE,0,DE,M
2023,SE,FT,Machine Learning Engineer,204500,USD,204500,US,0,US,M
2023,SE,FT,Machine Learning Engineer,142200,USD,142200,US,0,US,M
2023,SE,FT,Data Analyst,1300000,INR,15809,IN,100,IN,S
2023,MI,FT,Machine Learning Engineer,200000,USD,200000,US,0,US,M
2023,MI,FT,Machine Learning Engineer,175000,USD,175000,US,0,US,M
2023,SE,FT,Data Engineer,185900,USD,185900,US,0,US,M
2023,SE,FT,Data Engineer,129300,USD,129300,US,0,US,M
2023,SE,FT,Data Analyst,185900,USD,185900,US,0,US,M
2023,SE,FT,Data Analyst,121700,USD,121700,US,0,US,M
2023,SE,FT,Machine Learning Engineer,204500,USD,204500,US,0,US,M
2023,SE,FT,Machine Learning Engineer,142200,USD,142200,US,0,US,M
2023,MI,FT,Data Scientist,40000,USD,40000,FR,50,FR,L
2023,SE,FT,Data Scientist,1000000,THB,29301,TH,50,TH,M
2023,SE,FT,Data Analyst,180180,USD,180180,US,0,US,M
2023,SE,FT,Data Analyst,106020,USD,106020,US,0,US,M
2023,SE,FT,Data Scientist,136000,USD,136000,US,100,US,M
2023,SE,FT,Data Scientist,104000,USD,104000,US,100,US,M
2023,SE,FT,Data Analyst,125000,USD,125000,US,0,US,M
2023,SE,FT,Data Analyst,110000,USD,110000,US,0,US,M
2023,SE,FT,Machine Learning Engineer,153400,USD,153400,US,0,US,M
2023,SE,FT,Machine Learning Engineer,122700,USD,122700,US,0,US,M
2023,EX,FT,Data Engineer,310000,USD,310000,US,100,US,M
2023,EX,FT,Data Engineer,239000,USD,239000,US,100,US,M
2023,SE,FT,Data Analyst,152380,USD,152380,US,0,US,M
2023,SE,FT,Data Analyst,121904,USD,121904,US,0,US,M
2023,SE,FT,Data Scientist,185900,USD,185900,US,0,US,M
2023,SE,FT,Data Scientist,129300,USD,129300,US,0,US,M
2023,SE,FT,Machine Learning Engineer,247500,USD,247500,US,0,US,M
2023,SE,FT,Machine Learning Engineer,172200,USD,172200,US,0,US,M
2023,SE,FT,Data Architect,168400,USD,168400,US,0,US,M
2023,SE,FT,Data Architect,105200,USD,105200,US,0,US,M
2023,SE,FT,Machine Learning Engineer,128280,USD,128280,US,0,US,M
2023,SE,FT,Machine Learning Engineer,106900,USD,106900,US,0,US,M
2022,SE,FT,Lead Data Scientist,192000,USD,192000,US,100,US,L
2023,MI,FT,Data Engineer,140000,USD,140000,US,0,US,M
2023,MI,FT,Data Engineer,100000,USD,100000,US,0,US,M
2023,SE,FT,Research Engineer,100000,EUR,107968,DE,100,DE,S
2023,SE,FT,Research Engineer,80000,EUR,86374,DE,100,DE,S
2023,SE,FT,Machine Learning Engineer,275000,USD,275000,DE,0,DE,M
2023,SE,FT,Machine Learning Engineer,174000,USD,174000,DE,0,DE,M
2023,SE,FT,Data Engineer,139500,USD,139500,US,0,US,M
2023,SE,FT,Data Engineer,109400,USD,109400,US,0,US,M
2023,SE,FT,Machine Learning Engineer,139500,USD,139500,US,0,US,M
2023,SE,FT,Machine Learning Engineer,109400,USD,109400,US,0,US,M
2023,SE,FT,Data Analyst,170500,USD,170500,US,100,US,M
2023,SE,FT,Data Analyst,85000,USD,85000,US,100,US,M
2023,SE,FT,Data Manager,60027,GBP,73857,GB,0,GB,M
2023,SE,FT,Data Manager,44737,GBP,55044,GB,0,GB,M
2023,EX,FT,Data Scientist,131899,GBP,162288,GB,0,GB,M
2023,EX,FT,Data Scientist,104891,GBP,129058,GB,0,GB,M
2023,SE,FT,Data Engineer,80000,USD,80000,US,0,US,M
2023,SE,FT,Data Engineer,65000,USD,65000,US,0,US,M
2023,SE,FT,Data Engineer,124740,USD,124740,US,0,US,M
2023,SE,FT,Data Engineer,65488,USD,65488,US,0,US,M
2023,SE,FT,Data Quality Analyst,72200,USD,72200,US,0,US,M
2023,SE,FT,Data Quality Analyst,64980,USD,64980,US,0,US,M
2023,SE,FT,Data Engineer,153600,USD,153600,US,0,US,M
2023,SE,FT,Data Engineer,106800,USD,106800,US,0,US,M
2023,SE,FT,Data Analyst,179975,USD,179975,US,100,US,M
2023,SE,FT,Data Analyst,86466,USD,86466,US,100,US,M
2023,SE,FT,Data Engineer,120000,USD,120000,US,0,US,M
2023,SE,FT,Data Engineer,90000,USD,90000,US,0,US,M
2023,MI,FT,Insight Analyst,42000,GBP,51676,GB,0,GB,M
2023,MI,FT,Insight Analyst,35000,GBP,43064,GB,0,GB,M
2023,SE,FT,Data Scientist,149076,USD,149076,US,0,US,M
2023,SE,FT,Data Scientist,82365,USD,82365,US,0,US,M
2023,SE,FT,Data Analyst,169000,USD,169000,US,0,US,M
2023,SE,FT,Data Analyst,110600,USD,110600,US,0,US,M
2023,SE,FT,Data Scientist,175000,USD,175000,US,0,US,M
2023,SE,FT,Data Scientist,120000,USD,120000,US,0,US,M
2023,SE,FT,Data Analyst,230000,USD,230000,US,0,US,M
2023,SE,FT,Data Analyst,180000,USD,180000,US,0,US,M
2023,SE,FT,Data Analyst,153600,USD,153600,US,0,US,M
2023,SE,FT,Data Analyst,106800,USD,106800,US,0,US,M
2023,SE,FT,Data Manager,140000,USD,140000,US,0,US,M
2023,SE,FT,Data Manager,120000,USD,120000,US,0,US,M
2023,SE,FT,Machine Learning Infrastructure Engineer,205920,USD,205920,US,0,US,M
2023,SE,FT,Machine Learning Infrastructure Engineer,171600,USD,171600,US,0,US,M
2023,SE,FT,Data Analyst,165000,USD,165000,US,100,US,M
2023,SE,FT,Data Analyst,125000,USD,125000,US,100,US,M
2023,SE,FT,Data Engineer,265000,USD,265000,US,0,US,M
2023,SE,FT,Data Engineer,185000,USD,185000,US,0,US,M
2023,MI,FT,Applied Machine Learning Engineer,130000,USD,130000,US,0,US,M
2022,EN,FT,Data Scientist,168000,USD,168000,US,100,US,M
2023,MI,FT,AI Scientist,36000,EUR,38868,ES,50,ES,L
2023,SE,FT,Data Analyst,95000,USD,95000,US,0,US,M
2023,SE,FT,Data Analyst,85500,USD,85500,US,0,US,M
2023,SE,FT,Data Scientist,147100,USD,147100,US,0,US,M
2023,SE,FT,Data Scientist,90700,USD,90700,US,0,US,M
2023,SE,FT,Data Engineer,167580,USD,167580,US,0,US,M
2023,SE,FT,Data Engineer,87980,USD,87980,US,0,US,M
2023,SE,FT,Data Engineer,202000,USD,202000,US,100,US,M
2023,SE,FT,Data Engineer,135000,USD,135000,US,100,US,M
2023,SE,FT,Data Engineer,163800,USD,163800,US,0,US,M
2023,SE,FT,Data Engineer,126000,USD,126000,US,0,US,M
2023,SE,FT,Machine Learning Engineer,163800,USD,163800,US,0,US,M
2023,SE,FT,Machine Learning Engineer,126000,USD,126000,US,0,US,M
2023,SE,FT,Data Engineer,104000,USD,104000,US,100,US,M
2023,SE,FT,Data Engineer,65000,USD,65000,US,100,US,M
2023,SE,FT,Research Engineer,230000,USD,230000,US,0,US,M
2023,SE,FT,Research Engineer,148000,USD,148000,US,0,US,M
2023,SE,FT,Machine Learning Engineer,269000,USD,269000,CA,100,CA,M
2023,SE,FT,Machine Learning Engineer,158000,USD,158000,CA,100,CA,M
2023,SE,FT,Analytics Engineer,197000,USD,197000,US,0,US,M
2023,SE,FT,Analytics Engineer,106000,USD,106000,US,0,US,M
2023,MI,FT,Deep Learning Engineer,150000,USD,150000,US,100,US,M
2023,MI,FT,Deep Learning Engineer,100000,USD,100000,US,100,US,M
2023,SE,FT,Data Engineer,290000,USD,290000,US,100,US,M
2023,SE,FT,Data Engineer,210000,USD,210000,US,100,US,M
2023,SE,FT,Data Engineer,192000,USD,192000,US,0,US,M
2023,SE,FT,Data Engineer,172800,USD,172800,US,0,US,M
2023,SE,FT,Data Scientist,300240,USD,300240,US,0,US,M
2023,SE,FT,Data Scientist,200160,USD,200160,US,0,US,M
2023,SE,FT,Data Scientist,300240,USD,300240,US,0,US,M
2023,SE,FT,Data Scientist,200160,USD,200160,US,0,US,M
2023,SE,FT,Analytics Engineer,175000,USD,175000,US,0,US,M
2023,SE,FT,Analytics Engineer,140000,USD,140000,US,0,US,M
2023,SE,FT,Data Manager,169000,USD,169000,US,0,US,M
2023,SE,FT,Data Manager,100000,USD,100000,US,0,US,M
2023,SE,FT,Data Scientist,370000,USD,370000,US,0,US,M
2023,SE,FT,Data Scientist,245000,USD,245000,US,0,US,M
2023,MI,FT,Data Engineer,95000,GBP,116888,GB,100,GB,L
2023,SE,FT,Data Analyst,110000,USD,110000,US,100,US,S
2023,SE,FT,Data Analyst,80000,USD,80000,US,100,US,S
2023,EN,FT,Data Analyst,55000,USD,55000,US,0,US,M
2023,EN,FT,Data Analyst,48000,USD,48000,US,0,US,M
2023,SE,FT,Data Analyst,95000,USD,95000,US,0,US,M
2023,SE,FT,Data Analyst,85000,USD,85000,US,0,US,M
2023,SE,FT,Data Engineer,137500,USD,137500,US,100,US,M
2023,SE,FT,Data Engineer,81500,USD,81500,US,100,US,M
2023,SE,FT,Machine Learning Engineer,323300,USD,323300,US,0,US,M
2023,SE,FT,Machine Learning Engineer,184700,USD,184700,US,0,US,M
2021,MI,FT,AI Scientist,30000,USD,30000,GH,0,GH,S
2023,SE,FT,Machine Learning Engineer,186000,USD,186000,US,100,US,M
2023,SE,FT,Machine Learning Engineer,153088,USD,153088,US,100,US,M
2023,MI,FT,Data Infrastructure Engineer,190000,USD,190000,US,100,US,M
2023,MI,FT,Data Infrastructure Engineer,160000,USD,160000,US,100,US,M
2023,SE,FT,Machine Learning Engineer,200000,USD,200000,US,100,US,M
2023,SE,FT,Machine Learning Engineer,150000,USD,150000,US,100,US,M
2023,MI,FT,Data Infrastructure Engineer,190000,USD,190000,US,0,US,M
2023,MI,FT,Data Infrastructure Engineer,183310,USD,183310,US,0,US,M
2023,SE,FT,Machine Learning Engineer,240000,USD,240000,US,100,US,M
2023,SE,FT,Machine Learning Engineer,180000,USD,180000,US,100,US,M
2023,SE,FT,Machine Learning Engineer,200000,USD,200000,US,100,US,M
2023,SE,FT,Machine Learning Engineer,150000,USD,150000,US,100,US,M
2023,SE,FT,Data Scientist,299500,USD,299500,US,0,US,M
2023,SE,FT,Data Scientist,245100,USD,245100,US,0,US,M
2023,SE,FT,Data Engineer,144000,USD,144000,US,100,US,M
2023,SE,FT,Data Engineer,66000,USD,66000,US,100,US,M
2023,MI,FT,Machine Learning Engineer,148500,USD,148500,US,0,US,M
2023,MI,FT,Machine Learning Engineer,126277,USD,126277,US,0,US,M
2023,SE,FT,Data Architect,228000,USD,228000,US,0,US,M
2023,SE,FT,Data Architect,120000,USD,120000,US,0,US,M
2023,SE,FT,Machine Learning Software Engineer,180000,USD,180000,US,0,US,M
2023,SE,FT,Machine Learning Software Engineer,90000,USD,90000,US,0,US,M
2023,SE,FT,Data Scientist,126500,USD,126500,US,0,US,M
2023,SE,FT,Data Scientist,78000,USD,78000,US,0,US,M
2023,SE,FT,Data Engineer,180000,USD,180000,US,0,US,M
2023,SE,FT,Data Engineer,160000,USD,160000,US,0,US,M
2023,SE,FT,Machine Learning Software Engineer,272000,USD,272000,US,0,US,M
2023,SE,FT,Machine Learning Software Engineer,170000,USD,170000,US,0,US,M
2023,MI,FT,Data Analyst,80000,USD,80000,US,0,US,M
2023,MI,FT,Data Analyst,60000,USD,60000,US,0,US,M
2023,SE,FT,Data Engineer,259000,USD,259000,US,100,US,M
2023,SE,FT,Data Engineer,146000,USD,146000,US,100,US,M
2023,SE,FT,Data Engineer,200000,USD,200000,US,0,US,M
2023,SE,FT,Data Engineer,160000,USD,160000,US,0,US,M
2023,EX,FT,Data Engineer,310000,USD,310000,US,100,US,M
2023,EX,FT,Data Engineer,239000,USD,239000,US,100,US,M
2023,SE,FT,Data Analyst,142000,USD,142000,US,100,US,M
2023,SE,FT,Data Analyst,95000,USD,95000,US,100,US,M
2023,SE,FT,Data Scientist,155000,USD,155000,US,0,US,M
2023,SE,FT,Data Scientist,139500,USD,139500,US,0,US,M
2023,MI,FT,Data Engineer,140000,USD,140000,US,100,US,M
2023,MI,FT,Data Engineer,120000,USD,120000,US,100,US,M
2023,SE,FT,Data Engineer,259000,USD,259000,US,100,US,M
2023,SE,FT,Data Engineer,146000,USD,146000,US,100,US,M
2023,MI,FT,Data Analyst,90000,GBP,110736,HR,0,HR,M
2023,MI,FT,Data Analyst,60000,GBP,73824,HR,0,HR,M
2023,EN,PT,Data Analyst,78000,PLN,18160,PL,100,IN,L
2023,EN,FT,Data Scientist,101400,BRL,19910,BR,100,BR,L
2023,SE,FT,Data Scientist,247500,USD,247500,US,0,US,M
2023,SE,FT,Data Scientist,172200,USD,172200,US,0,US,M
2023,SE,FT,Data Scientist,225000,USD,225000,US,0,US,M
2023,SE,FT,Data Scientist,156400,USD,156400,US,0,US,M
2023,SE,FT,Data Engineer,139500,USD,139500,US,0,US,M
2023,SE,FT,Data Engineer,109400,USD,109400,US,0,US,M
2023,MI,FT,Data Engineer,125000,USD,125000,US,0,US,M
2023,MI,FT,Data Engineer,90000,USD,90000,US,0,US,M
2023,SE,FT,Machine Learning Infrastructure Engineer,100000,EUR,107968,FR,100,FR,M
2023,SE,FT,Machine Learning Infrastructure Engineer,70000,EUR,75577,FR,100,FR,M
2023,SE,FT,Data Scientist,185900,USD,185900,US,0,US,M
2023,SE,FT,Data Scientist,129300,USD,129300,US,0,US,M
2023,SE,FT,Machine Learning Engineer,139500,USD,139500,US,0,US,M
2023,SE,FT,Machine Learning Engineer,109400,USD,109400,US,0,US,M
2023,SE,FT,Data Analyst,120000,USD,120000,US,100,US,M
2023,SE,FT,Data Analyst,75000,USD,75000,US,100,US,M
2023,SE,FT,Data Analyst,169000,USD,169000,US,0,US,M
2023,SE,FT,Data Analyst,110600,USD,110600,US,0,US,M
2023,SE,FT,Machine Learning Engineer,288000,USD,288000,US,100,US,M
2023,SE,FT,Machine Learning Engineer,140000,USD,140000,US,100,US,M
2023,SE,FT,Machine Learning Engineer,288000,USD,288000,US,100,US,M
2023,SE,FT,Machine Learning Engineer,140000,USD,140000,US,100,US,M
2023,MI,FT,Data Engineer,120000,USD,120000,US,0,US,M
2023,MI,FT,Data Engineer,90000,USD,90000,US,0,US,M
2023,MI,FT,Data Scientist,60000,GBP,73824,GB,0,GB,M
2023,MI,FT,Data Scientist,50000,GBP,61520,GB,0,GB,M
2023,SE,FT,Data Scientist,215050,USD,215050,US,100,US,M
2023,SE,FT,Data Scientist,156400,USD,156400,US,100,US,M
2023,SE,FT,Data Architect,198000,USD,198000,US,100,US,M
2023,SE,FT,Data Architect,114000,USD,114000,US,100,US,M
2023,EN,FT,Data Analyst,75000,USD,75000,US,100,US,M
2023,EN,FT,Data Analyst,60000,USD,60000,US,100,US,M
2023,SE,FT,Machine Learning Engineer,204500,USD,204500,US,0,US,M
2023,SE,FT,Machine Learning Engineer,142200,USD,142200,US,0,US,M
2023,SE,FT,Data Scientist,209300,USD,209300,US,100,US,M
2023,SE,FT,Data Scientist,182200,USD,182200,US,100,US,M
2023,SE,FT,Data Manager,140000,USD,140000,US,0,US,M
2023,SE,FT,Data Manager,120000,USD,120000,US,0,US,M
2022,EN,FT,Data Scientist,85000,USD,85000,US,0,US,M
2023,MI,FT,Machine Learning Engineer,40000,GBP,49216,GB,100,GB,M
2023,EN,FT,Research Engineer,120000,USD,120000,GB,100,GB,M
2023,EN,FT,Research Engineer,60000,USD,60000,GB,100,GB,M
2023,SE,FT,Machine Learning Engineer,147100,USD,147100,US,0,US,M
2023,SE,FT,Machine Learning Engineer,90700,USD,90700,US,0,US,M
2023,SE,FT,Data Engineer,230000,USD,230000,US,0,US,M
2023,SE,FT,Data Engineer,170000,USD,170000,US,0,US,M
2023,SE,FT,Data Analyst,227000,USD,227000,US,0,US,M
2023,SE,FT,Data Analyst,108000,USD,108000,US,0,US,M
2023,SE,FT,Data Engineer,180000,USD,180000,US,100,US,M
2023,SE,FT,Data Engineer,160000,USD,160000,US,100,US,M
2023,SE,FT,Data Architect,180000,USD,180000,US,100,US,M
2023,SE,FT,Data Architect,160000,USD,160000,US,100,US,M
2023,SE,FT,Data Engineer,180000,USD,180000,US,0,US,M
2023,SE,FT,Data Engineer,130000,USD,130000,US,0,US,M
2023,SE,FT,Data Analyst,52000,EUR,56143,ES,100,ES,M
2023,SE,FT,Data Analyst,48000,EUR,51824,ES,100,ES,M
2023,EN,FT,Data Analyst,60000,USD,60000,US,100,US,L
2023,EN,FT,Data Analyst,50000,USD,50000,KW,50,US,L
2023,SE,FT,Data Engineer,226700,USD,226700,US,0,US,M
2023,SE,FT,Data Engineer,133300,USD,133300,US,0,US,M
2023,SE,FT,Data Engineer,252000,USD,252000,US,0,US,M
2023,SE,FT,Data Engineer,129000,USD,129000,US,0,US,M
2023,SE,FT,Big Data Architect,124999,GBP,153799,GB,100,GB,L
2023,SE,FT,Data Analyst,80000,USD,80000,US,0,US,M
2023,SE,FT,Data Analyst,52500,USD,52500,US,0,US,M
2023,SE,FT,Data Engineer,250000,USD,250000,US,100,US,M
2023,SE,FT,Data Engineer,162500,USD,162500,US,100,US,M
2023,EN,FT,Data Analyst,85000,USD,85000,US,100,US,M
2023,EN,FT,Data Analyst,75000,USD,75000,US,100,US,M
2023,SE,FT,Data Analyst,153600,USD,153600,US,0,US,M
2023,SE,FT,Data Analyst,106800,USD,106800,US,0,US,M
2023,MI,FT,Data Analyst,165000,USD,165000,US,0,US,M
2023,MI,FT,Data Analyst,124000,USD,124000,US,0,US,M
2023,SE,FT,Data Analyst,115934,USD,115934,US,100,US,M
2023,SE,FT,Data Analyst,81666,USD,81666,US,100,US,M
2023,SE,FT,Data Engineer,167580,USD,167580,US,0,US,M
2023,SE,FT,Data Engineer,87980,USD,87980,US,0,US,M
2023,SE,FT,Data Engineer,250000,USD,250000,US,100,US,M
2023,SE,FT,Data Engineer,63000,USD,63000,US,100,US,M
2023,SE,FT,Research Scientist,253750,USD,253750,ES,0,ES,M
2023,SE,FT,Research Scientist,169200,USD,169200,ES,0,ES,M
2023,SE,FT,Research Scientist,253750,USD,253750,ES,0,ES,M
2023,SE,FT,Research Scientist,169200,USD,169200,ES,0,ES,M
2023,MI,FT,Data Scientist,170000,USD,170000,US,0,US,M
2023,MI,FT,Data Scientist,120000,USD,120000,US,0,US,M
2023,SE,FT,Data Engineer,124740,USD,124740,US,0,US,M
2023,SE,FT,Data Engineer,65488,USD,65488,US,0,US,M
2023,SE,FT,Data Engineer,213580,USD,213580,US,100,US,M
2023,SE,FT,Data Engineer,163625,USD,163625,US,100,US,M
2022,SE,FT,Machine Learning Software Engineer,375000,USD,375000,US,100,US,M
2023,SE,FT,Data Engineer,95000,EUR,102569,IE,100,IE,M
2023,MI,FT,Product Data Analyst,1350000,INR,16417,IN,100,IN,L
2023,SE,FT,Machine Learning Engineer,220000,USD,220000,US,0,US,M
2023,SE,FT,Machine Learning Engineer,170000,USD,170000,US,0,US,M
2023,EX,FT,Data Engineer,235000,USD,235000,US,0,US,M
2023,EX,FT,Data Engineer,210000,USD,210000,US,0,US,M
2023,SE,FT,Data Architect,180000,USD,180000,US,100,US,M
2023,SE,FT,Data Architect,115000,USD,115000,US,100,US,M
2023,SE,FT,Data Architect,200000,USD,200000,US,100,US,M
2023,SE,FT,Data Architect,115000,USD,115000,US,100,US,M
2023,SE,FT,Data Scientist,231250,USD,231250,US,100,US,M
2023,SE,FT,Data Scientist,138750,USD,138750,US,100,US,M
2023,SE,FT,Machine Learning Engineer,284310,USD,284310,US,0,US,M
2023,SE,FT,Machine Learning Engineer,153090,USD,153090,US,0,US,M
2023,SE,FT,Data Engineer,160000,USD,160000,US,100,US,M
2023,SE,FT,Data Engineer,75000,USD,75000,US,100,US,M
2023,MI,FT,Data Analyst,125000,USD,125000,US,0,US,M
2023,MI,FT,Data Analyst,105000,USD,105000,US,0,US,M
2023,MI,FT,Data Analyst,90000,GBP,110736,GB,0,GB,M
2023,MI,FT,Data Analyst,70000,GBP,86128,GB,0,GB,M
2023,EN,FT,Data Analyst,55000,USD,55000,US,0,US,M
2023,EN,FT,Data Analyst,48000,USD,48000,US,0,US,M
2023,EN,FT,Data Analyst,100000,USD,100000,US,50,US,M
2023,SE,FT,Data Scientist,225900,USD,225900,US,0,US,M
2023,SE,FT,Data Scientist,156400,USD,156400,US,0,US,M
2023,SE,FT,Data Engineer,250000,USD,250000,US,100,US,M
2023,SE,FT,Data Engineer,162500,USD,162500,US,100,US,M
2023,SE,FT,Machine Learning Engineer,318300,USD,318300,US,100,US,M
2023,SE,FT,Machine Learning Engineer,188800,USD,188800,US,100,US,M
2023,SE,FT,Data Analyst,385000,USD,385000,US,0,US,M
2023,SE,FT,Data Analyst,60000,USD,60000,US,0,US,M
2023,MI,FT,Data Analyst,110000,USD,110000,US,100,US,M
2023,MI,FT,Data Analyst,95000,USD,95000,US,100,US,M
2023,SE,FT,Data Scientist,145000,USD,145000,US,100,US,M
2023,SE,FT,Data Scientist,135000,USD,135000,US,100,US,M
2023,SE,FT,Data Analyst,180180,USD,180180,US,0,US,M
2023,SE,FT,Data Analyst,106020,USD,106020,US,0,US,M
2023,SE,FT,Data Analyst,93919,USD,93919,US,100,US,M
2023,SE,FT,Data Analyst,51962,USD,51962,US,100,US,M
2023,SE,FT,Data Engineer,241871,USD,241871,US,0,US,M
2023,SE,FT,Data Engineer,133832,USD,133832,US,0,US,M
2023,SE,FT,Data Scientist,170000,USD,170000,US,100,US,M
2023,SE,FT,Data Scientist,90000,USD,90000,US,100,US,M
2023,EX,FT,Data Engineer,210914,USD,210914,US,100,US,M
2023,EX,FT,Data Engineer,116704,USD,116704,US,100,US,M
2023,SE,FT,Data Analyst,192500,USD,192500,US,100,US,M
2023,SE,FT,Data Analyst,140000,USD,140000,US,100,US,M
2023,SE,FT,Data Scientist,149076,USD,149076,US,0,US,M
2023,SE,FT,Data Scientist,82365,USD,82365,US,0,US,M
2023,MI,FT,Machine Learning Engineer,36000,USD,36000,MX,100,MX,S
2023,SE,FT,Data Scientist,175000,USD,175000,US,0,US,M
2023,SE,FT,Data Scientist,148750,USD,148750,US,0,US,M
2023,SE,FT,Research Scientist,370000,USD,370000,US,0,US,M
2023,SE,FT,Research Scientist,200000,USD,200000,US,0,US,M
2023,SE,FT,Data Scientist,235000,USD,235000,US,100,US,M
2023,SE,FT,Data Scientist,185000,USD,185000,US,100,US,M
2023,MI,FT,Machine Learning Engineer,100000,GBP,123040,GB,0,GB,M
2023,MI,FT,Machine Learning Engineer,80000,GBP,98432,GB,0,GB,M
2023,SE,FT,Data Scientist,216100,USD,216100,US,0,US,M
2023,SE,FT,Data Scientist,140800,USD,140800,US,0,US,M
2023,MI,FT,Machine Learning Engineer,120000,GBP,147648,GB,0,GB,M
2023,MI,FT,Machine Learning Engineer,100000,GBP,123040,GB,0,GB,M
2023,SE,FT,Computer Vision Software Engineer,50000,EUR,53984,NL,100,CA,L
2023,EN,FT,Data Scientist,110000,USD,110000,US,50,US,S
2023,SE,FT,Data Engineer,128000,USD,128000,US,0,US,M
2023,SE,FT,Data Engineer,81500,USD,81500,US,0,US,M
2023,MI,FT,Data Engineer,55000,GBP,67672,GB,100,GB,M
2023,MI,FT,Data Engineer,52000,GBP,63980,GB,100,GB,M
2023,MI,FT,Data Analyst,50000,GBP,61520,GB,0,GB,M
2023,MI,FT,Data Analyst,45000,GBP,55368,GB,0,GB,M
2023,EX,FT,Data Engineer,284000,USD,284000,US,100,US,M
2023,EX,FT,Data Engineer,236000,USD,236000,US,100,US,M
2023,SE,FT,Research Scientist,248100,USD,248100,CA,0,CA,M
2023,SE,FT,Research Scientist,145900,USD,145900,CA,0,CA,M
2023,SE,FT,Research Engineer,155850,USD,155850,US,0,US,M
2023,SE,FT,Research Engineer,102544,USD,102544,US,0,US,M
2023,MI,FT,Data Scientist,151410,USD,151410,US,100,US,M
2023,MI,FT,Data Scientist,115360,USD,115360,US,100,US,M
2023,MI,FT,Data Engineer,62000,EUR,66940,ES,100,ES,M
2023,MI,FT,Data Engineer,55000,EUR,59382,ES,100,ES,M
2023,SE,FT,Data Scientist,170000,CAD,125948,CA,50,CA,M
2023,SE,FT,Azure Data Engineer,100000,USD,100000,NL,50,NL,L
2023,SE,FT,Data Scientist,250000,USD,250000,US,0,US,M
2023,SE,FT,Data Scientist,162500,USD,162500,US,0,US,M
2023,SE,FT,Data Scientist,185000,USD,185000,GB,0,GB,M
2023,SE,FT,Data Scientist,120250,USD,120250,GB,0,GB,M
2023,EN,FT,Data Engineer,25000,EUR,26992,DE,100,DE,L
2022,EN,FT,Data Scientist,180000,USD,180000,US,100,US,M
2023,MI,FT,Research Scientist,85000,USD,85000,US,0,US,M
2023,MI,FT,Research Scientist,70000,USD,70000,US,0,US,M
2023,SE,FT,BI Developer,135000,USD,135000,US,100,US,M
2023,SE,FT,BI Developer,100000,USD,100000,US,100,US,M
2023,EX,FT,Data Analytics Manager,155000,USD,155000,US,0,US,M
2023,EX,FT,Data Analytics Manager,140000,USD,140000,US,0,US,M
2023,SE,FT,Machine Learning Engineer,204500,USD,204500,US,0,US,M
2023,SE,FT,Machine Learning Engineer,142200,USD,142200,US,0,US,M
2023,SE,FT,Data Engineer,226700,USD,226700,US,0,US,M
2023,SE,FT,Data Engineer,133300,USD,133300,US,0,US,M
2023,SE,FT,Data Scientist,225000,USD,225000,US,100,US,M
2023,SE,FT,Data Scientist,156400,USD,156400,US,100,US,M
2023,SE,FT,Data Engineer,163800,USD,163800,US,0,US,M
2023,SE,FT,Data Engineer,126000,USD,126000,US,0,US,M
2023,SE,FT,Machine Learning Engineer,163800,USD,163800,US,0,US,M
2023,SE,FT,Machine Learning Engineer,126000,USD,126000,US,0,US,M
2023,SE,FT,Machine Learning Engineer,220000,USD,220000,US,0,US,M
2023,SE,FT,Machine Learning Engineer,150000,USD,150000,US,0,US,M
2023,SE,FT,Data Engineer,145000,USD,145000,US,0,US,M
2023,SE,FT,Data Engineer,115000,USD,115000,US,0,US,M
2023,SE,FT,Data Analytics Manager,204500,USD,204500,US,0,US,M
2023,SE,FT,Data Analytics Manager,138900,USD,138900,US,0,US,M
2023,MI,FT,Data Engineer,162500,USD,162500,US,0,US,M
2023,MI,FT,Data Engineer,130000,USD,130000,US,0,US,M
2023,SE,FT,Data Engineer,150000,USD,150000,US,100,US,M
2023,SE,FT,Data Engineer,107000,USD,107000,US,100,US,M
2023,EX,FT,Data Engineer,175000,USD,175000,US,0,US,M
2023,EX,FT,Data Engineer,110000,USD,110000,US,0,US,M
2023,SE,FT,Data Engineer,226700,USD,226700,US,0,US,M
2023,SE,FT,Data Engineer,133300,USD,133300,US,0,US,M
2023,SE,FT,Data Engineer,252000,USD,252000,US,0,US,M
2023,SE,FT,Data Engineer,129000,USD,129000,US,0,US,M
2023,SE,FT,Machine Learning Engineer,150000,USD,150000,US,0,US,M
2023,SE,FT,Machine Learning Engineer,125000,USD,125000,US,0,US,M
2023,SE,FT,Data Engineer,252000,USD,252000,US,0,US,M
2023,SE,FT,Data Engineer,129000,USD,129000,US,0,US,M
2023,SE,FT,Data Scientist,225000,USD,225000,US,0,US,M
2023,SE,FT,Data Scientist,156400,USD,156400,US,0,US,M
2022,MI,FT,Research Scientist,23000,USD,23000,IN,100,IN,L
2023,MI,FT,Machine Learning Engineer,110000,USD,110000,US,100,US,L
2023,SE,FT,Data Engineer,265000,USD,265000,US,100,US,M
2023,SE,FT,Data Engineer,182750,USD,182750,US,100,US,M
2023,MI,FT,Data Analyst,130000,USD,130000,US,0,US,M
2023,MI,FT,Data Analyst,100000,USD,100000,US,0,US,M
2023,SE,FT,Data Analyst,153600,USD,153600,US,0,US,M
2023,SE,FT,Data Analyst,106800,USD,106800,US,0,US,M
2023,SE,FT,Data Engineer,137500,USD,137500,US,0,US,M
2023,SE,FT,Data Engineer,81500,USD,81500,US,0,US,M
2023,EX,FT,Data Scientist,314100,USD,314100,US,0,US,M
2023,EX,FT,Data Scientist,195800,USD,195800,US,0,US,M
2023,SE,FT,Applied Scientist,205000,USD,205000,US,0,US,M
2023,SE,FT,Applied Scientist,180000,USD,180000,US,0,US,M
2023,SE,FT,Data Scientist,165000,USD,165000,US,100,US,M
2023,SE,FT,Data Scientist,144000,USD,144000,US,100,US,M
2023,EN,FT,BI Developer,160000,USD,160000,US,0,US,M
2023,EN,FT,BI Developer,100000,USD,100000,US,0,US,M
2023,EX,FT,Data Engineer,200000,USD,200000,US,0,US,M
2023,EX,FT,Data Engineer,145000,USD,145000,US,0,US,M
2023,MI,FT,Data Analyst,150000,USD,150000,US,0,US,M
2023,MI,FT,Data Analyst,100000,USD,100000,US,0,US,M
2023,SE,FT,Data Manager,199000,USD,199000,US,0,US,M
2023,SE,FT,Data Manager,112000,USD,112000,US,0,US,M
2023,SE,FT,Data Scientist,105000,USD,105000,US,0,US,M
2023,SE,FT,Data Scientist,70000,USD,70000,US,0,US,M
2023,EN,FT,Big Data Engineer,130000,USD,130000,SE,100,SE,S
2023,SE,FT,Data Analyst,180180,USD,180180,US,0,US,M
2023,SE,FT,Data Analyst,106020,USD,106020,US,0,US,M
2023,EN,FT,Data Engineer,160000,USD,160000,US,0,US,M
2023,EN,FT,Data Engineer,135000,USD,135000,US,0,US,M
2023,SE,FT,Data Scientist,183000,USD,183000,US,0,US,M
2023,SE,FT,Data Scientist,134000,USD,134000,US,0,US,M
2023,SE,FT,Machine Learning Engineer,220000,USD,220000,US,0,US,M
2023,SE,FT,Machine Learning Engineer,150000,USD,150000,US,0,US,M
2023,SE,FT,Applied Scientist,350000,USD,350000,US,0,US,L
2023,SE,FT,Applied Scientist,262500,USD,262500,US,0,US,L
2023,SE,FT,Data Analyst,122000,USD,122000,US,0,US,M
2023,SE,FT,Data Analyst,94000,USD,94000,US,0,US,M
2023,SE,FT,Machine Learning Engineer,276000,USD,276000,US,0,US,M
2023,SE,FT,Machine Learning Engineer,184000,USD,184000,US,0,US,M
2023,EX,FT,Data Engineer,310000,USD,310000,US,100,US,M
2023,EX,FT,Data Engineer,239000,USD,239000,US,100,US,M
2023,SE,FT,Data Scientist,225000,USD,225000,US,100,US,M
2023,SE,FT,Data Scientist,156400,USD,156400,US,100,US,M
2023,MI,FT,Machine Learning Engineer,180000,USD,180000,US,100,US,M
2023,MI,FT,Machine Learning Engineer,150000,USD,150000,US,100,US,M
2023,SE,FT,Data Scientist,228000,USD,228000,US,0,US,M
2023,SE,FT,Data Scientist,152000,USD,152000,US,0,US,M
2023,SE,FT,Data Scientist,209450,USD,209450,US,100,US,M
2023,SE,FT,Data Scientist,158677,USD,158677,US,100,US,M
2023,SE,FT,Data Analyst,175000,USD,175000,US,0,US,M
2023,SE,FT,Data Analyst,145000,USD,145000,US,0,US,M
2023,SE,FT,Data Engineer,240000,USD,240000,US,0,US,M
2023,SE,FT,Data Engineer,170000,USD,170000,US,0,US,M
2023,MI,FT,Data Analyst,103200,USD,103200,US,0,US,M
2023,MI,FT,Data Analyst,61200,USD,61200,US,0,US,M
2022,MI,FT,Data Scientist,155000,USD,155000,US,100,US,L
2021,EN,FT,Marketing Data Engineer,90000,SGD,66970,SG,50,SG,L
2023,SE,FT,Data Scientist,59000,EUR,63701,CY,50,EE,L
2023,SE,FT,Data Scientist,237000,USD,237000,US,100,US,M
2023,SE,FT,Data Scientist,145000,USD,145000,US,100,US,M
2023,SE,FT,Data Scientist,240000,USD,240000,US,100,US,M
2023,SE,FT,Data Scientist,139000,USD,139000,US,100,US,M
2023,SE,FT,Data Architect,174500,USD,174500,US,0,US,M
2023,SE,FT,Data Architect,113000,USD,113000,US,0,US,M
2023,SE,FT,Data Analyst,130000,USD,130000,US,100,US,M
2023,SE,FT,Data Analyst,87000,USD,87000,US,100,US,M
2023,SE,FT,Data Analyst,160000,USD,160000,US,100,US,M
2023,SE,FT,Data Analyst,108000,USD,108000,US,100,US,M
2023,SE,FT,Data Engineer,165000,USD,165000,US,100,US,M
2023,SE,FT,Data Engineer,107250,USD,107250,US,100,US,M
2023,SE,FT,Data Engineer,300000,USD,300000,US,0,US,M
2023,SE,FT,Data Engineer,119000,USD,119000,US,0,US,M
2023,SE,FT,Data Scientist,285800,USD,285800,US,100,US,M
2023,SE,FT,Data Scientist,154600,USD,154600,US,100,US,M
2023,MI,FT,Data Scientist,5000000,INR,60805,IN,50,IN,L
2023,EN,FT,Data Analyst,30000,USD,30000,AR,100,US,S
2023,MI,FT,Data Scientist,220000,USD,220000,US,0,US,M
2023,MI,FT,Data Scientist,195000,USD,195000,US,0,US,M
2023,SE,FT,Data Manager,168400,USD,168400,US,0,US,M
2023,SE,FT,Data Manager,105200,USD,105200,US,0,US,M
2023,MI,FT,Data Analyst,206000,USD,206000,US,0,US,M
2023,MI,FT,Data Analyst,160000,USD,160000,US,0,US,M
2023,SE,FT,Analytics Engineer,200000,USD,200000,US,100,US,M
2023,SE,FT,Analytics Engineer,175000,USD,175000,US,100,US,M
2023,SE,FT,Analytics Engineer,231250,USD,231250,US,100,US,M
2023,SE,FT,Analytics Engineer,138750,USD,138750,US,100,US,M
2023,SE,FT,Data Engineer,153000,USD,153000,CA,100,CA,M
2023,SE,FT,Data Engineer,94000,USD,94000,CA,100,CA,M
2023,SE,FT,Data Engineer,240500,USD,240500,US,0,US,L
2023,SE,FT,Data Engineer,123700,USD,123700,US,0,US,L
2023,SE,FT,Data Engineer,160000,USD,160000,US,100,US,M
2023,SE,FT,Data Engineer,90000,USD,90000,US,100,US,M
2023,EN,FT,Data Scientist,124234,USD,124234,US,0,US,M
2023,EN,FT,Data Scientist,74540,USD,74540,US,0,US,M
2023,MI,FT,Data Analyst,109000,USD,109000,US,0,US,M
2023,MI,FT,Data Analyst,79000,USD,79000,US,0,US,M
2022,SE,FT,Machine Learning Engineer,80000,EUR,84053,FR,50,FR,L
2023,MI,FT,Machine Learning Engineer,50000,USD,50000,AM,0,AM,S
2023,SE,FT,Data Scientist,275300,USD,275300,US,100,US,M
2023,SE,FT,Data Scientist,183500,USD,183500,US,100,US,M
2023,SE,FT,Data Scientist,275300,USD,275300,US,100,US,M
2023,SE,FT,Data Scientist,183500,USD,183500,US,100,US,M
2023,SE,FT,Data Analyst,160000,USD,160000,US,100,US,M
2023,SE,FT,Data Analyst,125600,USD,125600,US,100,US,M
2023,SE,FT,Data Engineer,170000,USD,170000,US,0,US,M
2023,SE,FT,Data Engineer,120000,USD,120000,US,0,US,M
2023,SE,FT,Data Engineer,225000,USD,225000,US,0,US,M
2023,SE,FT,Data Engineer,140000,USD,140000,US,0,US,M
2023,SE,FT,Data Analyst,141290,USD,141290,US,0,US,M
2023,SE,FT,Data Analyst,74178,USD,74178,US,0,US,M
2023,SE,FT,Data Scientist,150000,USD,150000,US,0,US,M
2023,SE,FT,Data Scientist,120000,USD,120000,US,0,US,M
2023,SE,FT,Data Engineer,85000,USD,85000,US,100,US,M
2023,SE,FT,Data Engineer,75000,USD,75000,US,100,US,M
2023,SE,FT,Data Engineer,220000,USD,220000,US,0,US,M
2023,SE,FT,Data Engineer,160000,USD,160000,US,0,US,M
2023,SE,FT,Data Engineer,205600,USD,205600,US,100,US,M
2023,SE,FT,Data Engineer,107500,USD,107500,US,100,US,M
2023,MI,FT,Data Engineer,120000,USD,120000,US,0,US,M
2023,MI,FT,Data Engineer,95000,USD,95000,US,0,US,M
2023,SE,FT,Data Engineer,185900,USD,185900,US,0,US,M
2023,SE,FT,Data Engineer,129300,USD,129300,US,0,US,M
2023,SE,FT,Data Engineer,160000,USD,160000,US,100,US,M
2023,SE,FT,Data Engineer,130000,USD,130000,US,100,US,M
2023,MI,FT,Data Engineer,250000,USD,250000,US,0,US,M
2023,MI,FT,Data Engineer,175000,USD,175000,US,0,US,M
2023,SE,FT,Data Scientist,136000,USD,136000,US,100,US,M
2023,SE,FT,Data Scientist,104000,USD,104000,US,100,US,M
2023,MI,FT,Data Analyst,80000,USD,80000,US,0,US,M
2023,MI,FT,Data Analyst,52500,USD,52500,US,0,US,M
2023,SE,FT,Data Scientist,110000,USD,110000,US,100,US,M
2023,SE,FT,Data Scientist,84000,USD,84000,US,100,US,M
2023,SE,FT,BI Analyst,125000,USD,125000,US,0,US,M
2023,SE,FT,BI Analyst,110000,USD,110000,US,0,US,M
2023,MI,FT,Data Analyst,90000,USD,90000,US,0,US,M
2023,MI,FT,Data Analyst,80000,USD,80000,US,0,US,M
2023,SE,FT,Machine Learning Engineer,200000,USD,200000,US,0,US,M
2023,SE,FT,Machine Learning Engineer,135000,USD,135000,US,0,US,M
2022,EN,FT,Business Data Analyst,48000,USD,48000,US,50,US,L
2023,EN,FT,AI Developer,120000,USD,120000,BA,50,BA,S
2023,SE,FT,Data Engineer,130000,USD,130000,US,0,US,M
2023,SE,FT,Data Engineer,75000,USD,75000,US,0,US,M
2023,SE,FT,Data Engineer,252000,USD,252000,US,0,US,M
2023,SE,FT,Data Engineer,129000,USD,129000,US,0,US,M
2023,MI,FT,Data Analyst,150000,USD,150000,US,0,US,M
2023,MI,FT,Data Analyst,100000,USD,100000,US,0,US,M
2023,SE,FT,Data Engineer,226700,USD,226700,US,0,US,M
2023,SE,FT,Data Engineer,133300,USD,133300,US,0,US,M
2023,SE,FT,Data Scientist,190000,USD,190000,US,0,US,M
2023,SE,FT,Data Scientist,165000,USD,165000,US,0,US,M
2023,SE,FT,Data Engineer,170000,USD,170000,US,100,US,M
2023,SE,FT,Data Engineer,150000,USD,150000,US,100,US,M
2023,MI,FT,Data Engineer,150000,USD,150000,US,0,US,M
2023,MI,FT,Data Engineer,130000,USD,130000,US,0,US,M
2023,SE,FT,Data Scientist,225000,USD,225000,US,0,US,M
2023,SE,FT,Data Scientist,156400,USD,156400,US,0,US,M
2023,SE,FT,Computer Vision Engineer,200000,USD,200000,US,100,US,S
2023,MI,FT,Applied Data Scientist,80000,USD,80000,KE,100,KE,S
2023,MI,FT,Data Analytics Lead,1440000,INR,17511,IN,50,SG,M
2023,SE,FT,Data Scientist,257000,USD,257000,US,0,US,M
2023,SE,FT,Data Scientist,134000,USD,134000,US,0,US,M
2023,SE,FT,Data Scientist,72000,EUR,77737,LV,0,LV,M
2023,SE,FT,Data Scientist,36000,EUR,38868,LV,0,LV,M
2023,SE,FT,Data Engineer,205600,USD,205600,US,0,US,L
2023,SE,FT,Data Engineer,105700,USD,105700,US,0,US,L
2023,SE,FT,BI Developer,140000,USD,140000,US,100,US,M
2023,SE,FT,BI Developer,110000,USD,110000,US,100,US,M
2023,SE,FT,Data Scientist,299500,USD,299500,US,0,US,M
2023,SE,FT,Data Scientist,245100,USD,245100,US,0,US,M
2023,SE,FT,Research Scientist,210000,USD,210000,US,0,US,M
2023,SE,FT,Research Scientist,151800,USD,151800,US,0,US,M
2023,MI,FT,Data Scientist,50000,EUR,53984,RO,50,RO,L
2023,SE,FT,Data Analyst,48000,EUR,51824,ES,0,ES,M
2023,SE,FT,Data Analyst,38000,EUR,41027,ES,0,ES,M
2023,SE,FT,Data Analyst,48000,EUR,51824,ES,0,ES,M
2023,SE,FT,Data Analyst,38000,EUR,41027,ES,0,ES,M
2023,EN,FT,Data Engineer,160000,USD,160000,US,0,US,M
2023,EN,FT,Data Engineer,135000,USD,135000,US,0,US,M
2023,MI,FT,Data Engineer,120000,USD,120000,US,100,US,M
2023,MI,FT,Data Engineer,95000,USD,95000,US,100,US,M
2023,SE,FT,Data Engineer,250000,USD,250000,US,100,US,M
2023,SE,FT,Data Engineer,63000,USD,63000,US,100,US,M
2023,SE,FT,Data Scientist,237000,USD,237000,US,100,US,M
2023,SE,FT,Data Scientist,145000,USD,145000,US,100,US,M
2023,SE,FT,Data Scientist,130000,USD,130000,US,100,US,M
2023,SE,FT,Data Scientist,90000,USD,90000,US,100,US,M
2023,MI,FT,Data Analyst,120000,USD,120000,US,100,US,M
2023,MI,FT,Data Analyst,100000,USD,100000,US,100,US,M
2023,SE,FT,Data Architect,174500,USD,174500,US,0,US,M
2023,SE,FT,Data Architect,113000,USD,113000,US,0,US,M
2023,MI,FT,Data Scientist,183310,USD,183310,US,0,US,M
2023,MI,FT,Data Scientist,183310,USD,183310,US,0,US,M
2023,SE,FT,Data Analyst,145000,USD,145000,US,100,US,M
2023,SE,FT,Data Analyst,102500,USD,102500,US,100,US,M
2023,SE,FT,Data Scientist,210000,USD,210000,US,0,US,M
2023,SE,FT,Data Scientist,185000,USD,185000,US,0,US,M
2023,SE,FT,Data Architect,174500,USD,174500,US,0,US,M
2023,SE,FT,Data Architect,113000,USD,113000,US,0,US,M
2023,SE,FT,Data Scientist,122000,USD,122000,US,0,US,M
2023,SE,FT,Data Scientist,94000,USD,94000,US,0,US,M
2023,SE,FT,Data Scientist,220000,USD,220000,US,0,US,M
2023,SE,FT,Data Scientist,146000,USD,146000,US,0,US,M
2023,SE,FT,Data Engineer,300000,USD,300000,US,0,US,M
2023,SE,FT,Data Engineer,130000,USD,130000,US,0,US,M
2023,MI,FT,Data Scientist,840000,THB,24613,TH,50,TH,L
2022,MI,FT,Computer Vision Engineer,1250000,INR,15897,IN,100,IN,M
2023,SE,FT,Data Scientist,145000,USD,145000,US,0,US,M
2023,SE,FT,Data Scientist,128000,USD,128000,US,0,US,M
2023,SE,FT,Data Scientist,182000,USD,182000,US,0,US,M
2023,SE,FT,Data Scientist,140000,USD,140000,US,0,US,M
2023,SE,FT,Data Engineer,122000,USD,122000,US,0,US,M
2023,SE,FT,Data Engineer,94000,USD,94000,US,0,US,M
2023,SE,FT,Machine Learning Engineer,72000,EUR,77737,LV,0,LV,M
2023,SE,FT,Machine Learning Engineer,36000,EUR,38868,LV,0,LV,M
2023,EX,FT,Data Scientist,300000,USD,300000,US,0,US,M
2023,EX,FT,Data Scientist,200000,USD,200000,US,0,US,M
2023,MI,FT,Data Analyst,135000,USD,135000,US,0,US,M
2023,MI,FT,Data Analyst,105500,USD,105500,US,0,US,M
2023,SE,FT,Data Engineer,252000,USD,252000,US,0,US,M
2023,SE,FT,Data Engineer,129000,USD,129000,US,0,US,M
2022,MI,FT,Data Scientist,110000,USD,110000,US,100,US,L
2023,SE,FT,Data Scientist,136000,USD,136000,US,100,US,M
2023,SE,FT,Data Scientist,104000,USD,104000,US,100,US,M
2023,SE,FT,Data Scientist,168000,USD,168000,US,100,US,M
2023,SE,FT,Data Scientist,130000,USD,130000,US,100,US,M
2023,MI,FT,Data Analyst,65000,GBP,79976,GB,0,GB,M
2023,MI,FT,Data Analyst,36050,GBP,44356,GB,0,GB,M
2023,MI,FT,Data Engineer,120000,USD,120000,US,0,US,M
2023,MI,FT,Data Engineer,95000,USD,95000,US,0,US,M
2023,SE,FT,Data Scientist,153400,USD,153400,US,0,US,M
2023,SE,FT,Data Scientist,122700,USD,122700,US,0,US,M
2023,SE,FT,Data Scientist,185000,USD,185000,US,0,US,M
2023,SE,FT,Data Scientist,160000,USD,160000,US,0,US,M
2023,SE,FT,Data Scientist,205000,USD,205000,US,100,US,M
2023,SE,FT,Data Scientist,185000,USD,185000,US,100,US,M
2023,SE,FT,Machine Learning Engineer,204500,USD,204500,US,0,US,M
2023,SE,FT,Machine Learning Engineer,142200,USD,142200,US,0,US,M
2023,MI,FT,Machine Learning Engineer,145000,USD,145000,US,0,US,M
2023,MI,FT,Machine Learning Engineer,87000,USD,87000,US,0,US,M
2023,EN,FT,Data Scientist,50000,USD,50000,IN,100,US,M
2023,SE,FT,Machine Learning Engineer,234100,USD,234100,US,100,US,M
2023,SE,FT,Machine Learning Engineer,203500,USD,203500,US,100,US,M
2023,SE,FT,Data Scientist,223800,USD,223800,US,0,US,M
2023,SE,FT,Data Scientist,172100,USD,172100,US,0,US,M
2023,SE,FT,Data Scientist,180000,USD,180000,US,0,US,M
2023,SE,FT,Data Scientist,150000,USD,150000,US,0,US,M
2023,SE,FT,Data Engineer,232200,USD,232200,US,100,US,M
2023,SE,FT,Data Engineer,167200,USD,167200,US,100,US,M
2023,SE,FT,BI Developer,197000,USD,197000,US,0,US,M
2023,SE,FT,BI Developer,106000,USD,106000,US,0,US,M
2023,SE,FT,Research Scientist,180000,USD,180000,US,0,US,M
2023,SE,FT,Research Scientist,145000,USD,145000,US,0,US,M
2023,SE,FT,Data Lead,225000,USD,225000,US,0,US,M
2023,SE,FT,Data Lead,200000,USD,200000,US,0,US,M
2023,SE,FT,Data Engineer,170000,USD,170000,US,100,US,M
2023,SE,FT,Data Engineer,114000,USD,114000,US,100,US,M
2023,SE,FT,Data Engineer,291500,USD,291500,US,0,US,M
2023,SE,FT,Data Engineer,180000,USD,180000,US,0,US,M
2023,EX,FT,Data Engineer,196200,USD,196200,US,0,US,M
2023,EX,FT,Data Engineer,150900,USD,150900,US,0,US,M
2023,SE,FT,Data Scientist,168400,USD,168400,US,0,US,M
2023,SE,FT,Data Scientist,105200,USD,105200,US,0,US,M
2023,MI,FT,Data Engineer,95000,USD,95000,ES,100,ES,M
2023,MI,FT,Data Engineer,80000,USD,80000,ES,100,ES,M
2023,MI,FT,Data Analyst,116000,USD,116000,US,0,US,M
2023,MI,FT,Data Analyst,72000,USD,72000,US,0,US,M
2023,SE,FT,Analytics Engineer,207000,USD,207000,US,0,US,M
2023,SE,FT,Analytics Engineer,167000,USD,167000,US,0,US,M
2023,SE,FT,Machine Learning Engineer,145000,USD,145000,US,0,US,M
2023,SE,FT,Machine Learning Engineer,135000,USD,135000,US,0,US,M
2023,MI,FT,Data Engineer,105000,USD,105000,US,0,US,M
2023,MI,FT,Data Engineer,70000,USD,70000,US,0,US,M
2023,SE,FT,Data Architect,180000,USD,180000,US,100,US,M
2023,SE,FT,Data Architect,115000,USD,115000,US,100,US,M
2023,SE,FT,Data Engineer,133800,USD,133800,US,100,US,M
2023,SE,FT,Data Engineer,96100,USD,96100,US,100,US,M
2023,MI,FT,Data Analyst,120000,USD,120000,US,0,US,M
2023,MI,FT,Data Analyst,80000,USD,80000,US,0,US,M
2023,SE,FT,Data Scientist,140000,USD,140000,US,0,US,M
2023,SE,FT,Data Scientist,100000,USD,100000,US,0,US,M
2023,SE,FT,Research Scientist,150000,USD,150000,US,0,US,M
2023,SE,FT,Research Scientist,120000,USD,120000,US,0,US,M
2023,SE,FT,Cloud Database Engineer,140000,USD,140000,US,100,US,M
2023,SE,FT,Cloud Database Engineer,115000,USD,115000,US,100,US,M
2023,SE,FT,Data Scientist,297300,USD,297300,US,100,US,M
2023,SE,FT,Data Scientist,198200,USD,198200,US,100,US,M
2023,SE,FT,Data Scientist,297300,USD,297300,US,100,US,M
2023,SE,FT,Data Scientist,198200,USD,198200,US,100,US,M
2023,SE,FT,Data Engineer,202000,USD,202000,US,100,US,M
2023,SE,FT,Data Engineer,135000,USD,135000,US,100,US,M
2023,SE,FT,Data Scientist,110000,USD,110000,US,100,US,M
2023,SE,FT,Data Scientist,84000,USD,84000,US,100,US,M
2023,MI,FT,Machine Learning Engineer,219000,USD,219000,US,50,US,L
2023,SE,FT,Applied Scientist,230000,USD,230000,US,100,US,M
2023,SE,FT,Applied Scientist,196000,USD,196000,US,100,US,M
2023,SE,FT,BI Developer,140000,USD,140000,US,100,US,M
2023,SE,FT,BI Developer,110000,USD,110000,US,100,US,M
2023,MI,FT,Data Analyst,150000,USD,150000,US,0,US,M
2023,MI,FT,Data Analyst,100000,USD,100000,US,0,US,M
2023,SE,FT,Data Engineer,160000,USD,160000,US,0,US,M
2023,SE,FT,Data Engineer,110000,USD,110000,US,0,US,M
2023,SE,FT,Data Scientist,185900,USD,185900,US,0,US,M
2023,SE,FT,Data Scientist,129300,USD,129300,US,0,US,M
2023,SE,FT,Applied Scientist,126100,USD,126100,US,0,US,L
2023,SE,FT,Applied Scientist,72000,USD,72000,US,0,US,L
2023,SE,FT,Data Engineer,170000,USD,170000,US,100,US,M
2023,SE,FT,Data Engineer,150000,USD,150000,US,100,US,M
2023,MI,FT,Machine Learning Engineer,175000,USD,175000,US,100,US,M
2023,MI,FT,Machine Learning Engineer,140000,USD,140000,US,100,US,M
2023,SE,FT,Data Analyst,240500,USD,240500,US,0,US,M
2023,SE,FT,Data Analyst,137500,USD,137500,US,0,US,M
2023,MI,FT,Data Scientist,187500,USD,187500,US,0,US,M
2023,MI,FT,Data Scientist,165000,USD,165000,US,0,US,M
2023,MI,FT,Machine Learning Research Engineer,60000,GBP,73824,GB,0,GB,L
2022,EN,PT,Data Analyst,24000,EUR,25216,ES,100,US,L
2023,SE,FT,Research Scientist,210000,USD,210000,US,0,US,M
2023,SE,FT,Research Scientist,165750,USD,165750,US,0,US,M
2023,SE,FT,Machine Learning Scientist,225000,USD,225000,US,100,US,M
2023,SE,FT,Machine Learning Scientist,165750,USD,165750,US,100,US,M
2023,MI,FT,Machine Learning Engineer,89700,GBP,110367,GB,0,GB,M
2023,MI,FT,Machine Learning Engineer,55250,GBP,67979,GB,0,GB,M
2023,SE,FT,Data Scientist,135000,USD,135000,US,100,US,M
2023,SE,FT,Data Scientist,115000,USD,115000,US,100,US,M
2023,SE,FT,NLP Engineer,275000,USD,275000,US,0,US,M
2023,SE,FT,NLP Engineer,175000,USD,175000,US,0,US,M
2023,SE,FT,Data Scientist,170000,USD,170000,US,100,US,M
2023,SE,FT,Data Scientist,140000,USD,140000,US,100,US,M
2023,SE,FT,Data Engineer,175308,USD,175308,US,0,US,M
2023,SE,FT,Data Engineer,100706,USD,100706,US,0,US,M
2023,SE,FT,NLP Engineer,235000,USD,235000,US,0,US,M
2023,SE,FT,NLP Engineer,135000,USD,135000,US,0,US,M
2023,SE,FT,Data Engineer,310000,USD,310000,US,0,US,M
2023,SE,FT,Data Engineer,229000,USD,229000,US,0,US,M
2023,SE,FT,Machine Learning Engineer,289076,USD,289076,US,0,US,M
2023,SE,FT,Machine Learning Engineer,202353,USD,202353,US,0,US,M
2023,SE,FT,Data Engineer,65000,EUR,70179,PT,0,PT,M
2023,SE,FT,Data Engineer,35000,EUR,37788,PT,0,PT,M
2023,MI,FT,Research Engineer,120000,USD,120000,US,100,US,M
2023,MI,FT,Research Engineer,100000,USD,100000,US,100,US,M
2023,SE,FT,Data Engineer,226700,USD,226700,US,0,US,M
2023,SE,FT,Data Engineer,133300,USD,133300,US,0,US,M
2023,SE,FT,Data Analyst,125000,USD,125000,US,0,US,M
2023,SE,FT,Data Analyst,85000,USD,85000,US,0,US,M
2023,SE,FT,Data Analyst,130000,USD,130000,US,100,US,M
2023,SE,FT,Data Analyst,80000,USD,80000,US,100,US,M
2023,MI,FT,Data Engineer,120000,USD,120000,US,0,US,M
2023,MI,FT,Data Engineer,100000,USD,100000,US,0,US,M
2021,SE,FT,Data Scientist,4000000,INR,54094,IN,100,IN,L
2022,MI,FT,Business Data Analyst,1440000,INR,18314,IN,50,IN,L
2023,SE,FT,Data Engineer,231250,USD,231250,US,100,US,M
2023,SE,FT,Data Engineer,138750,USD,138750,US,100,US,M
2023,SE,FT,Data Engineer,199000,USD,199000,US,0,US,M
2023,SE,FT,Data Engineer,162000,USD,162000,US,0,US,M
2023,EN,FT,Data Engineer,160000,USD,160000,US,0,US,M
2023,EN,FT,Data Engineer,135000,USD,135000,US,0,US,M
2022,EN,FT,Data Scientist,100000,USD,100000,US,100,US,M
2023,SE,FT,Research Scientist,200000,USD,200000,US,0,US,M
2023,SE,FT,Research Scientist,150000,USD,150000,US,0,US,M
2023,EN,FT,Research Engineer,160000,USD,160000,US,0,US,M
2023,EN,FT,Research Engineer,120000,USD,120000,US,0,US,M
2023,SE,FT,Research Scientist,250000,USD,250000,US,0,US,M
2023,SE,FT,Research Scientist,200000,USD,200000,US,0,US,M
2023,EN,FT,Deep Learning Engineer,150000,USD,150000,US,0,US,M
2023,EN,FT,Deep Learning Engineer,120000,USD,120000,US,0,US,M
2023,SE,FT,Research Engineer,150000,USD,150000,US,0,US,M
2023,SE,FT,Research Engineer,100000,USD,100000,US,0,US,M
2022,SE,FT,Data Analytics Manager,133000,USD,133000,NL,0,NL,L
2023,SE,FT,Data Scientist,272550,USD,272550,US,0,US,M
2023,SE,FT,Data Scientist,198200,USD,198200,US,0,US,M
2023,SE,FT,Data Scientist,182000,USD,182000,US,0,US,M
2023,SE,FT,Data Scientist,140000,USD,140000,US,0,US,M
2023,SE,FT,Data Engineer,200000,USD,200000,US,0,US,M
2023,SE,FT,Data Engineer,160000,USD,160000,US,0,US,M
2023,SE,FT,Machine Learning Engineer,204500,USD,204500,US,0,US,M
2023,SE,FT,Machine Learning Engineer,142200,USD,142200,US,0,US,M
2023,MI,FT,Data Scientist,120000,USD,120000,US,0,US,M
2023,MI,FT,Data Scientist,105000,USD,105000,US,0,US,M
2023,SE,FT,Data Engineer,187500,USD,187500,US,100,US,M
2023,SE,FT,Data Engineer,175000,USD,175000,US,100,US,M
2023,SE,FT,Machine Learning Engineer,204500,USD,204500,US,0,US,M
2023,SE,FT,Machine Learning Engineer,142200,USD,142200,US,0,US,M
2023,SE,FT,Data Analyst,155000,USD,155000,US,100,US,M
2023,SE,FT,Data Analyst,64000,USD,64000,US,100,US,M
2023,SE,FT,Computer Vision Engineer,235000,USD,235000,US,0,US,M
2023,SE,FT,Computer Vision Engineer,185000,USD,185000,US,0,US,M
2023,SE,FT,Data Architect,174500,USD,174500,US,0,US,M
2023,SE,FT,Data Architect,113000,USD,113000,US,0,US,M
2023,SE,FT,Data Scientist,143100,USD,143100,CA,0,CA,M
2023,SE,FT,Data Scientist,113000,USD,113000,CA,0,CA,M
2023,SE,FT,Applied Scientist,184000,USD,184000,US,100,US,M
2023,SE,FT,Applied Scientist,142000,USD,142000,US,100,US,M
2023,SE,FT,Data Scientist,140000,USD,140000,US,0,US,M
2023,SE,FT,Data Scientist,120000,USD,120000,US,0,US,M
2023,SE,FT,Data Architect,174500,USD,174500,US,0,US,M
2023,SE,FT,Data Architect,113000,USD,113000,US,0,US,M
2023,SE,FT,Data Scientist,180560,USD,180560,US,0,US,M
2023,SE,FT,Data Scientist,115440,USD,115440,US,0,US,M
2023,SE,FT,Data Scientist,140000,USD,140000,US,0,US,M
2023,SE,FT,Data Scientist,120000,USD,120000,US,0,US,M
2023,SE,FT,Research Scientist,248100,USD,248100,US,0,US,M
2023,SE,FT,Research Scientist,145900,USD,145900,US,0,US,M
2023,SE,FT,Data Scientist,120000,USD,120000,CA,0,CA,M
2023,SE,FT,Data Scientist,110000,USD,110000,CA,0,CA,M
2023,SE,FT,Data Engineer,291500,USD,291500,US,0,US,M
2023,SE,FT,Data Engineer,180000,USD,180000,US,0,US,M
2023,MI,FT,Machine Learning Engineer,62000,GBP,76284,GB,100,GB,M
2023,MI,FT,Machine Learning Engineer,52000,GBP,63980,GB,100,GB,M
2023,SE,FT,Data Engineer,161800,USD,161800,US,0,US,M
2023,SE,FT,Data Engineer,141600,USD,141600,US,0,US,M
2023,MI,FT,Machine Learning Engineer,48000,GBP,59059,GB,100,GB,M
2023,MI,FT,Machine Learning Engineer,38000,GBP,46755,GB,100,GB,M
2023,SE,FT,Data Engineer,166000,USD,166000,US,100,US,M
2023,SE,FT,Data Engineer,128000,USD,128000,US,100,US,M
2023,SE,FT,Data Architect,170000,USD,170000,US,100,US,M
2023,SE,FT,Data Architect,110000,USD,110000,US,100,US,M
2023,SE,FT,Data Engineer,160000,USD,160000,US,100,US,M
2023,SE,FT,Data Engineer,75000,USD,75000,US,100,US,M
2023,SE,FT,Data Engineer,236000,USD,236000,US,100,US,M
2023,SE,FT,Data Engineer,182000,USD,182000,US,100,US,M
2022,EN,FT,Data Scientist,130000,USD,130000,US,0,US,M
2023,MI,FT,Data Analyst,150000,USD,150000,US,0,US,M
2023,MI,FT,Data Analyst,100000,USD,100000,US,0,US,M
2023,SE,FT,Machine Learning Engineer,261500,USD,261500,US,0,US,L
2023,SE,FT,Machine Learning Engineer,134500,USD,134500,US,0,US,L
2023,MI,FT,Data Scientist,130000,USD,130000,US,0,US,M
2023,MI,FT,Data Scientist,90000,USD,90000,US,0,US,M
2023,EN,FT,Data Engineer,160000,USD,160000,US,0,US,M
2023,EN,FT,Data Engineer,135000,USD,135000,US,0,US,M
2022,SE,FT,Manager Data Management,125000,USD,125000,US,100,US,L
2022,SE,FT,Data Engineer,175000,USD,175000,US,0,US,M
2022,SE,FT,Data Engineer,155000,USD,155000,US,0,US,M
2022,SE,FT,Data Engineer,153600,USD,153600,US,0,US,M
2022,SE,FT,Data Engineer,106800,USD,106800,US,0,US,M
2022,SE,FT,Data Scientist,150000,USD,150000,US,0,US,M
2022,SE,FT,Data Scientist,140000,USD,140000,US,0,US,M
2022,SE,FT,Data Scientist,122000,USD,122000,US,0,US,M
2022,SE,FT,Data Scientist,94500,USD,94500,US,0,US,M
2022,SE,FT,Data Engineer,170000,USD,170000,US,0,US,M
2022,SE,FT,Data Engineer,130000,USD,130000,US,0,US,M
2022,SE,FT,Data Scientist,145000,USD,145000,US,0,US,M
2022,SE,FT,Data Scientist,128000,USD,128000,US,0,US,M
2022,SE,FT,Data Engineer,145000,USD,145000,US,0,US,M
2022,SE,FT,Data Engineer,100000,USD,100000,US,0,US,M
2022,SE,FT,Data Engineer,175000,USD,175000,US,0,US,M
2022,SE,FT,Data Engineer,120000,USD,120000,US,0,US,M
2022,SE,FT,Data Engineer,145000,USD,145000,US,0,US,M
2022,SE,FT,Data Engineer,115000,USD,115000,US,0,US,M
2022,SE,FT,Applied Machine Learning Scientist,150000,USD,150000,US,100,US,M
2022,MI,FT,Data Analyst,150000,USD,150000,US,0,US,M
2022,MI,FT,Data Analyst,100000,USD,100000,US,0,US,M
2022,MI,FT,Data Scientist,150000,USD,150000,US,100,US,M
2022,MI,FT,Data Scientist,127500,USD,127500,US,100,US,M
2022,SE,FT,Data Scientist,126500,USD,126500,US,100,US,M
2022,SE,FT,Data Scientist,51000,USD,51000,US,100,US,M
2022,MI,FT,Data Engineer,260000,USD,260000,US,0,US,M
2022,MI,FT,Data Engineer,175000,USD,175000,US,0,US,M
2022,EN,FT,Applied Data Scientist,40000,USD,40000,AU,100,PK,M
2022,EN,FT,AI Programmer,40000,USD,40000,PK,100,AU,M
2022,SE,FT,Data Engineer,250000,USD,250000,US,100,US,M
2022,SE,FT,Data Engineer,63000,USD,63000,US,100,US,M
2022,SE,FT,Machine Learning Engineer,210000,USD,210000,US,100,US,M
2022,SE,FT,Machine Learning Engineer,160000,USD,160000,US,100,US,M
2022,SE,FT,Data Scientist,272550,USD,272550,US,100,US,M
2022,SE,FT,Data Scientist,198200,USD,198200,US,100,US,M
2022,MI,FT,Data Scientist,90000,EUR,94560,FR,100,FR,M
2022,MI,FT,Data Scientist,50000,EUR,52533,FR,100,FR,M
2022,SE,FT,Data Scientist,220000,USD,220000,US,0,US,M
2022,SE,FT,Data Scientist,146000,USD,146000,US,0,US,M
2022,MI,FT,Data Analyst,150000,USD,150000,US,0,US,M
2022,MI,FT,Data Analyst,100000,USD,100000,US,0,US,M
2022,SE,FT,Machine Learning Software Engineer,248400,USD,248400,CA,100,CA,M
2022,SE,FT,Machine Learning Software Engineer,183600,USD,183600,CA,100,CA,M
2022,MI,FT,Data Engineer,150000,USD,150000,US,100,US,M
2022,MI,FT,Data Engineer,150000,USD,150000,US,100,US,M
2022,EN,FT,Machine Learning Developer,40000,USD,40000,PK,100,AU,M
2022,SE,FT,Lead Data Scientist,4460000,INR,56723,IN,0,IN,L
2022,MI,FT,Data Engineer,120000,USD,120000,US,0,US,M
2022,MI,FT,Data Engineer,95000,USD,95000,US,0,US,M
2022,EN,FT,Data Engineer,160000,USD,160000,US,0,US,M
2022,EN,FT,Data Engineer,135000,USD,135000,US,0,US,M
2022,EN,FT,Data Scientist,23000,EUR,24165,IT,50,IT,M
2022,SE,FT,Data Engineer,216000,USD,216000,US,100,US,M
2022,SE,FT,Data Engineer,144000,USD,144000,US,100,US,M
2022,EN,FT,Data Engineer,85000,USD,85000,US,0,US,M
2022,EN,FT,Data Engineer,65000,USD,65000,US,0,US,M
2022,SE,FT,Data Analyst,149000,USD,149000,US,100,US,M
2022,SE,FT,Data Analyst,119000,USD,119000,US,100,US,M
2022,SE,FT,Data Scientist,140000,USD,140000,US,0,US,M
2022,SE,FT,Data Scientist,120000,USD,120000,US,0,US,M
2022,MI,FT,Data Scientist,150000,USD,150000,US,0,US,M
2022,MI,FT,Data Scientist,110000,USD,110000,US,0,US,M
2022,SE,FT,Machine Learning Engineer,246000,USD,246000,US,100,US,M
2022,SE,FT,Machine Learning Engineer,201000,USD,201000,US,100,US,M
2022,SE,FT,Data Scientist,190000,USD,190000,US,0,US,M
2022,SE,FT,Data Scientist,155000,USD,155000,US,0,US,M
2022,SE,FT,Machine Learning Engineer,235000,USD,235000,US,100,US,M
2022,SE,FT,Machine Learning Engineer,185000,USD,185000,US,100,US,M
2022,SE,FT,Cloud Database Engineer,190000,USD,190000,US,100,US,M
2022,SE,FT,Cloud Database Engineer,160000,USD,160000,US,100,US,M
2022,EN,FT,Product Data Analyst,100000,USD,100000,US,100,US,M
2022,MI,FT,Data Engineer,130000,USD,130000,US,0,US,M
2022,MI,FT,Data Engineer,115000,USD,115000,US,0,US,M
2022,MI,FT,Data Scientist,75000,GBP,92350,GB,0,GB,M
2022,MI,FT,Data Scientist,55000,GBP,67723,GB,0,GB,M
2022,MI,FT,Data Engineer,105000,USD,105000,US,0,US,M
2022,MI,FT,Data Engineer,70000,USD,70000,US,0,US,M
2022,SE,FT,Machine Learning Engineer,204500,USD,204500,US,0,US,M
2022,SE,FT,Machine Learning Engineer,142200,USD,142200,US,0,US,M
2022,SE,FT,Machine Learning Engineer,192000,USD,192000,US,100,US,M
2022,SE,FT,Machine Learning Engineer,164000,USD,164000,US,100,US,M
2022,SE,FT,Data Engineer,185900,USD,185900,US,0,US,M
2022,SE,FT,Data Engineer,129300,USD,129300,US,0,US,M
2022,SE,FT,Data Engineer,130000,USD,130000,US,0,US,M
2022,SE,FT,Data Engineer,75000,USD,75000,US,0,US,M
2022,SE,FT,Data Scientist,175000,USD,175000,US,0,US,M
2022,SE,FT,Data Scientist,120000,USD,120000,US,0,US,M
2022,SE,FT,Data Engineer,167500,USD,167500,US,0,US,M
2022,SE,FT,Data Engineer,106500,USD,106500,US,0,US,M
2022,MI,FT,Data Analyst,75000,USD,75000,US,100,US,M
2022,MI,FT,Data Analyst,60000,USD,60000,US,100,US,M
2022,SE,FT,Applied Scientist,184000,USD,184000,US,100,US,M
2022,SE,FT,Applied Scientist,142000,USD,142000,US,100,US,M
2022,MI,FT,Data Scientist,145000,USD,145000,US,0,US,M
2022,MI,FT,Data Scientist,100000,USD,100000,US,0,US,M
2022,MI,FT,Data Scientist,2500000,INR,31795,IN,100,US,M
2022,MI,FT,NLP Engineer,198000,PLN,44365,PL,100,PL,S
2022,SE,FT,Data Engineer,175000,USD,175000,US,0,US,M
2022,SE,FT,Data Engineer,120000,USD,120000,US,0,US,M
2022,SE,FT,Data Engineer,175000,USD,175000,US,0,US,M
2022,SE,FT,Data Engineer,120000,USD,120000,US,0,US,M
2022,EX,FT,Data Engineer,200000,USD,200000,US,0,US,M
2022,EX,FT,Data Engineer,145000,USD,145000,US,0,US,M
2022,MI,FT,Data Engineer,75000,GBP,92350,GB,100,GB,M
2022,MI,FT,Data Engineer,60000,GBP,73880,GB,100,GB,M
2022,SE,FT,Data Engineer,145000,USD,145000,US,0,US,M
2022,SE,FT,Data Engineer,100000,USD,100000,US,0,US,M
2022,SE,FT,Applied Scientist,192000,USD,192000,US,100,US,M
2022,SE,FT,Applied Scientist,164000,USD,164000,US,100,US,M
2022,EX,FT,Data Engineer,310000,USD,310000,US,100,US,M
2022,EX,FT,Data Engineer,239000,USD,239000,US,100,US,M
2022,SE,FT,Data Analyst,120000,USD,120000,US,0,US,M
2022,SE,FT,Data Analyst,95000,USD,95000,US,0,US,M
2022,SE,FT,Machine Learning Engineer,145000,USD,145000,US,0,US,M
2022,SE,FT,Machine Learning Engineer,135000,USD,135000,US,0,US,M
2022,SE,FT,Data Engineer,100000,USD,100000,US,0,US,M
2022,SE,FT,Data Engineer,78000,USD,78000,US,0,US,M
2022,SE,FT,Data Engineer,70000,EUR,73546,ES,0,ES,M
2022,SE,FT,Data Engineer,35000,EUR,36773,ES,0,ES,M
2022,MI,FT,Data Engineer,160000,USD,160000,US,100,US,M
2022,MI,FT,Data Engineer,120000,USD,120000,US,100,US,M
2022,SE,FT,Data Scientist,190000,USD,190000,US,0,US,M
2022,SE,FT,Data Scientist,150000,USD,150000,US,0,US,M
2022,MI,FT,Data Engineer,2800000,INR,35610,IN,50,IN,L
2022,SE,FT,AI Scientist,125000,USD,125000,CO,100,CO,L
2022,SE,FT,Data Engineer,120000,USD,120000,US,0,US,M
2022,SE,FT,Data Engineer,95000,USD,95000,US,0,US,M
2022,MI,FT,Data Analyst,150000,USD,150000,US,0,US,M
2022,MI,FT,Data Analyst,100000,USD,100000,US,0,US,M
2022,SE,FT,Data Scientist,45000,EUR,47280,ES,0,ES,M
2022,SE,FT,Data Scientist,36000,EUR,37824,ES,0,ES,M
2022,SE,FT,Data Analyst,115934,USD,115934,US,100,US,M
2022,SE,FT,Data Analyst,81666,USD,81666,US,100,US,M
2022,SE,FT,Data Scientist,175000,USD,175000,US,100,US,M
2022,SE,FT,Data Scientist,140000,USD,140000,US,100,US,M
2022,SE,FT,Data Engineer,120000,USD,120000,US,0,US,M
2022,SE,FT,Data Engineer,95000,USD,95000,US,0,US,M
2022,SE,FT,Research Engineer,249500,USD,249500,US,0,US,M
2022,SE,FT,Research Engineer,149850,USD,149850,US,0,US,M
2022,MI,FT,Analytics Engineer,122500,USD,122500,US,100,US,M
2022,MI,FT,Analytics Engineer,100000,USD,100000,US,100,US,M
2022,SE,FT,Data Scientist,249500,USD,249500,US,0,US,M
2022,SE,FT,Data Scientist,149850,USD,149850,US,0,US,M
2022,EN,FT,Data Analyst,55000,USD,55000,US,0,US,M
2022,EN,FT,Data Analyst,48000,USD,48000,US,0,US,M
2022,SE,FT,Research Scientist,249500,USD,249500,US,0,US,M
2022,SE,FT,Research Scientist,149850,USD,149850,US,0,US,M
2022,MI,FT,Computer Vision Engineer,56000,EUR,58837,FR,100,FR,S
2022,SE,FT,Data Engineer,190000,USD,190000,US,100,US,M
2022,SE,FT,Data Engineer,120000,USD,120000,US,100,US,M
2022,SE,FT,Data Analyst,127000,USD,127000,US,100,US,M
2022,SE,FT,Data Analyst,104000,USD,104000,US,100,US,M
2022,SE,FT,Data Scientist,210000,USD,210000,US,100,US,M
2022,SE,FT,Data Scientist,150000,USD,150000,US,100,US,M
2022,SE,FT,Machine Learning Engineer,210000,USD,210000,US,100,US,M
2022,SE,FT,Machine Learning Engineer,150000,USD,150000,US,100,US,M
2022,SE,FT,Data Engineer,210000,USD,210000,US,100,US,M
2022,SE,FT,Data Engineer,130000,USD,130000,US,100,US,M
2022,SE,FT,Data Scientist,182750,USD,182750,US,100,US,M
2022,SE,FT,Data Scientist,161500,USD,161500,US,100,US,M
2022,MI,FT,Data Analyst,102640,USD,102640,US,100,US,M
2022,MI,FT,Data Analyst,66100,USD,66100,US,100,US,M
2022,SE,FT,Research Scientist,210000,USD,210000,US,100,US,M
2022,SE,FT,Research Scientist,150000,USD,150000,US,100,US,M
2022,SE,FT,Data Engineer,198800,USD,198800,US,0,US,M
2022,SE,FT,Data Engineer,122600,USD,122600,US,0,US,M
2022,MI,FT,Data Engineer,130000,USD,130000,US,100,US,M
2022,MI,FT,Data Engineer,80000,USD,80000,US,100,US,M
2022,SE,FT,Data Scientist,136000,USD,136000,US,100,US,M
2022,SE,FT,Data Scientist,104000,USD,104000,US,100,US,M
2022,SE,FT,Data Analyst,150000,USD,150000,US,100,US,M
2022,SE,FT,Data Analyst,100000,USD,100000,US,100,US,M
2022,EN,FT,Data Engineer,160000,USD,160000,US,0,US,M
2022,EN,FT,Data Engineer,135000,USD,135000,US,0,US,M
2022,SE,FT,Data Engineer,216000,USD,216000,US,100,US,M
2022,SE,FT,Data Engineer,144000,USD,144000,US,100,US,M
2022,EX,FT,Data Scientist,159000,USD,159000,US,100,US,M
2022,EX,FT,Data Scientist,130000,USD,130000,US,100,US,M
2022,SE,FT,Data Analyst,115934,USD,115934,US,100,US,M
2022,SE,FT,Data Analyst,81666,USD,81666,US,100,US,M
2022,SE,FT,Data Engineer,215000,USD,215000,US,100,US,M
2022,SE,FT,Data Engineer,150000,USD,150000,US,100,US,M
2022,SE,FT,Machine Learning Engineer,246000,USD,246000,US,100,US,M
2022,SE,FT,Machine Learning Engineer,201000,USD,201000,US,100,US,M
2022,MI,FT,Data Engineer,187000,USD,187000,US,100,US,M
2022,MI,FT,Data Engineer,153000,USD,153000,US,100,US,M
2022,SE,FT,Machine Learning Engineer,255000,USD,255000,MX,100,MX,M
2022,SE,FT,Machine Learning Engineer,185000,USD,185000,MX,100,MX,M
2022,MI,FT,Data Analyst,350000,GBP,430967,GB,0,GB,M
2022,MI,FT,Data Analyst,45000,GBP,55410,GB,0,GB,M
2022,SE,FT,Data Analyst,48000,EUR,50432,ES,0,ES,M
2022,SE,FT,Data Analyst,38000,EUR,39925,ES,0,ES,M
2022,SE,FT,Data Analyst,169000,USD,169000,US,0,US,M
2022,SE,FT,Data Analyst,110600,USD,110600,US,0,US,M
2022,EN,FT,BI Data Analyst,58000,EUR,60938,DE,0,DE,L
2022,SE,FT,BI Developer,140000,USD,140000,US,100,US,M
2022,SE,FT,BI Developer,120000,USD,120000,US,100,US,M
2022,MI,FT,Data Analyst,75000,USD,75000,US,100,US,M
2022,MI,FT,Data Analyst,60000,USD,60000,US,100,US,M
2022,EN,FT,Data Analyst,50000,USD,50000,US,50,US,L
2022,MI,FT,MLOps Engineer,134000,USD,134000,US,100,US,M
2022,MI,FT,MLOps Engineer,124000,USD,124000,US,100,US,M
2022,SE,FT,Data Analyst,166700,USD,166700,US,0,US,M
2022,SE,FT,Data Analyst,119000,USD,119000,US,0,US,M
2022,EN,FT,Data Scientist,124234,USD,124234,US,0,US,M
2022,EN,FT,Data Scientist,74540,USD,74540,US,0,US,M
2022,MI,FT,Data Analyst,100000,USD,100000,US,100,US,M
2022,MI,FT,Data Analyst,65000,USD,65000,US,100,US,M
2021,MI,FT,Data Analyst,1250000,INR,16904,IN,50,IN,L
2022,EN,FT,AI Scientist,200000,USD,200000,CA,50,CA,L
2022,SE,FT,Data Engineer,220000,USD,220000,US,100,US,M
2022,SE,FT,Data Engineer,146000,USD,146000,US,100,US,M
2022,SE,FT,Data Engineer,65000,EUR,68293,ES,0,ES,M
2022,SE,FT,Data Engineer,35000,EUR,36773,ES,0,ES,M
2022,SE,FT,Data Specialist,110000,USD,110000,US,0,US,M
2022,SE,FT,Data Specialist,70000,USD,70000,US,0,US,M
2022,EN,FT,Data Analyst,50000,USD,50000,US,50,US,L
2022,SE,FT,Data Engineer,120000,USD,120000,US,0,US,M
2022,SE,FT,Data Engineer,95000,USD,95000,US,0,US,M
2022,MI,FT,Data Analyst,150000,USD,150000,US,0,US,M
2022,MI,FT,Data Analyst,100000,USD,100000,US,0,US,M
2022,SE,FT,Data Scientist,45000,EUR,47280,ES,0,ES,M
2022,SE,FT,Data Scientist,36000,EUR,37824,ES,0,ES,M
2022,SE,FT,Data Architect,190000,USD,190000,US,100,US,M
2022,SE,FT,Data Architect,135000,USD,135000,US,100,US,M
2022,SE,FT,Data Scientist,128000,USD,128000,US,0,US,M
2022,SE,FT,Data Scientist,81500,USD,81500,US,0,US,M
2022,SE,FT,Data Scientist,173000,USD,173000,US,100,US,M
2022,SE,FT,Data Scientist,110000,USD,110000,US,100,US,M
2022,SE,FT,Machine Learning Engineer,192000,USD,192000,US,0,US,M
2022,SE,FT,Machine Learning Engineer,120000,USD,120000,US,0,US,M
2022,SE,FT,Data Analyst,115934,USD,115934,US,100,US,M
2022,SE,FT,Data Analyst,81666,USD,81666,US,100,US,M
2022,SE,FT,Data Analyst,120000,USD,120000,US,0,US,M
2022,SE,FT,Data Analyst,95000,USD,95000,US,0,US,M
2022,SE,FT,Principal Machine Learning Engineer,190000,USD,190000,US,100,US,L
2022,SE,FT,Data Engineer,194000,USD,194000,US,100,US,M
2022,SE,FT,Data Engineer,129400,USD,129400,US,100,US,M
2022,SE,FT,Data Analyst,201000,USD,201000,US,100,US,M
2022,SE,FT,Data Analyst,89200,USD,89200,US,100,US,M
2022,SE,FT,Data Scientist,165000,USD,165000,US,0,US,M
2022,SE,FT,Data Scientist,125000,USD,125000,US,0,US,M
2022,SE,FT,Applied Scientist,230000,USD,230000,US,100,US,M
2022,SE,FT,Applied Scientist,196000,USD,196000,US,100,US,M
2022,MI,FT,Machine Learning Engineer,130000,USD,130000,US,0,US,M
2022,MI,FT,Machine Learning Engineer,90000,USD,90000,US,0,US,M
2022,MI,FT,Machine Learning Researcher,150000,USD,150000,US,100,US,M
2022,MI,FT,Machine Learning Researcher,100000,USD,100000,US,100,US,M
2022,MI,FT,Machine Learning Engineer,230000,USD,230000,US,0,US,M
2022,MI,FT,Machine Learning Engineer,150000,USD,150000,US,0,US,M
2022,SE,FT,Data Engineer,153600,USD,153600,US,0,US,M
2022,SE,FT,Data Engineer,106800,USD,106800,US,0,US,M
2022,MI,FT,Machine Learning Researcher,130000,USD,130000,US,100,US,M
2022,MI,FT,Machine Learning Researcher,100000,USD,100000,US,100,US,M
2022,SE,FT,Data Engineer,216000,USD,216000,US,100,US,M
2022,SE,FT,Data Engineer,144000,USD,144000,US,100,US,M
2022,MI,FT,Data Scientist,180000,USD,180000,US,0,US,M
2022,MI,FT,Data Scientist,120000,USD,120000,US,0,US,M
2022,EN,FT,Data Engineer,160000,USD,160000,US,0,US,M
2022,EN,FT,Data Engineer,135000,USD,135000,US,0,US,M
2022,SE,FT,Data Analyst,192500,USD,192500,US,100,US,M
2022,SE,FT,Data Analyst,140000,USD,140000,US,100,US,M
2022,SE,FT,Data Engineer,152500,USD,152500,US,0,US,M
2022,SE,FT,Data Engineer,130000,USD,130000,US,0,US,M
2022,SE,FT,Data Analyst,65000,USD,65000,US,100,US,M
2022,SE,FT,Data Analyst,55000,USD,55000,US,100,US,M
2022,SE,FT,Data Engineer,178750,USD,178750,US,0,US,M
2022,SE,FT,Data Engineer,160000,USD,160000,US,0,US,M
2022,MI,FT,Data Scientist,60000,EUR,63040,FR,100,FR,M
2022,MI,FT,Data Scientist,50000,EUR,52533,FR,100,FR,M
2022,MI,FT,Machine Learning Scientist,165000,USD,165000,US,0,US,M
2022,MI,FT,Machine Learning Scientist,135000,USD,135000,US,0,US,M
2022,SE,FT,Analytics Engineer,170000,USD,170000,US,100,US,M
2022,SE,FT,Analytics Engineer,125000,USD,125000,US,100,US,M
2022,SE,FT,Data Engineer,105000,USD,105000,US,0,US,M
2022,SE,FT,Data Engineer,70000,USD,70000,US,0,US,M
2022,SE,FT,Data Scientist,130000,USD,130000,US,0,US,M
2022,SE,FT,Data Scientist,95000,USD,95000,US,0,US,M
2022,SE,FT,Data Scientist,203500,USD,203500,US,0,US,M
2022,SE,FT,Data Scientist,152000,USD,152000,US,0,US,M
2022,SE,FT,Data Engineer,197430,USD,197430,US,100,US,M
2022,SE,FT,Data Engineer,134760,USD,134760,US,100,US,M
2022,MI,FT,Data Scientist,120000,USD,120000,US,100,US,M
2022,SE,FT,Data Engineer,197000,USD,197000,US,0,US,M
2022,SE,FT,Data Engineer,99000,USD,99000,US,0,US,M
2022,SE,FT,Data Engineer,220000,USD,220000,US,100,US,M
2022,SE,FT,Data Engineer,162000,USD,162000,US,100,US,M
2022,MI,FT,Data Engineer,105120,EUR,110446,LT,0,LT,M
2022,MI,FT,Data Engineer,75360,EUR,79178,LT,0,LT,M
2022,MI,FT,Data Scientist,57000,GBP,70186,GB,0,GB,M
2022,MI,FT,Data Scientist,42000,GBP,51716,GB,0,GB,M
2022,SE,FT,Data Architect,149040,USD,149040,US,100,US,M
2022,SE,FT,Data Architect,113900,USD,113900,US,100,US,M
2020,MI,FT,Business Data Analyst,95000,USD,95000,US,0,US,M
2021,SE,FT,Data Analyst,115000,USD,115000,US,100,US,S
2022,SE,FT,Data Analyst,171000,USD,171000,US,100,AU,L
2022,SE,FT,Data Engineer,100000,USD,100000,US,0,US,M
2022,SE,FT,Data Engineer,78000,USD,78000,US,0,US,M
2022,SE,FT,Data Engineer,120000,USD,120000,US,0,US,M
2022,SE,FT,Data Engineer,95000,USD,95000,US,0,US,M
2022,SE,FT,Data Specialist,110000,USD,110000,US,0,US,M
2022,SE,FT,Data Specialist,70000,USD,70000,US,0,US,M
2022,EN,FL,Data Analytics Consultant,50000,USD,50000,BE,100,US,S
2022,SE,FT,Data Scientist,185900,USD,185900,US,0,US,M
2022,SE,FT,Data Scientist,129300,USD,129300,US,0,US,M
2022,MI,FT,Data Analyst,150000,USD,150000,US,0,US,M
2022,MI,FT,Data Analyst,100000,USD,100000,US,0,US,M
2022,SE,FT,Data Engineer,230000,USD,230000,US,100,US,M
2022,SE,FT,Data Engineer,154600,USD,154600,US,100,US,M
2022,SE,FT,Machine Learning Engineer,204500,USD,204500,US,0,US,M
2022,SE,FT,Machine Learning Engineer,142200,USD,142200,US,0,US,M
2022,MI,FT,Data Engineer,160000,USD,160000,US,100,US,M
2022,MI,FT,Data Engineer,75000,USD,75000,US,100,US,M
2022,SE,FT,Data Scientist,45000,EUR,47280,ES,0,ES,M
2022,SE,FT,Data Scientist,36000,EUR,37824,ES,0,ES,M
2022,SE,FT,Data Engineer,213000,USD,213000,US,0,US,M
2022,SE,FT,Data Engineer,152000,USD,152000,US,0,US,M
2022,SE,FT,Data Scientist,140000,USD,140000,US,100,US,M
2022,SE,FT,Data Scientist,120000,USD,120000,US,100,US,M
2022,SE,FT,Data Scientist,110000,USD,110000,US,0,US,M
2022,SE,FT,Data Scientist,70000,USD,70000,US,0,US,M
2022,SE,FT,Machine Learning Software Engineer,227200,USD,227200,CA,100,CA,M
2022,SE,FT,Machine Learning Software Engineer,168000,USD,168000,CA,100,CA,M
2022,MI,FT,Data Scientist,61000,EUR,64090,DE,0,DE,M
2022,MI,FT,Data Scientist,58000,EUR,60938,DE,0,DE,M
2022,SE,FT,Machine Learning Engineer,243000,USD,243000,US,100,US,M
2022,SE,FT,Machine Learning Engineer,183000,USD,183000,US,100,US,M
2022,SE,FT,Data Engineer,175000,USD,175000,US,0,US,M
2022,SE,FT,Data Engineer,150000,USD,150000,US,0,US,M
2022,MI,FT,Data Scientist,130000,USD,130000,US,100,US,M
2022,MI,FT,Data Scientist,90000,USD,90000,US,100,US,M
2022,MI,FT,Data Analyst,165000,USD,165000,US,0,US,M
2022,MI,FT,Data Analyst,124000,USD,124000,US,0,US,M
2022,SE,FT,Data Engineer,178000,USD,178000,CA,0,CA,M
2022,SE,FT,Data Engineer,132000,USD,132000,CA,0,CA,M
2022,SE,FT,Data Engineer,300000,USD,300000,US,0,US,M
2022,SE,FT,Data Engineer,130000,USD,130000,US,0,US,M
2022,SE,FT,Data Analyst,169000,USD,169000,US,0,US,M
2022,SE,FT,Data Analyst,110600,USD,110600,US,0,US,M
2022,SE,FT,Data Analyst,116000,USD,116000,US,100,US,M
2022,SE,FT,Data Analyst,96000,USD,96000,US,100,US,M
2022,SE,FT,Data Analyst,75000,GBP,92350,GB,0,GB,M
2022,SE,FT,Data Analyst,57000,GBP,70186,GB,0,GB,M
2022,SE,FT,Data Analyst,105000,USD,105000,US,0,US,M
2022,SE,FT,Data Analyst,70000,USD,70000,US,0,US,M
2022,MI,FT,Machine Learning Researcher,137000,CAD,105236,CA,50,CA,L
2022,SE,FT,Data Engineer,194000,USD,194000,US,100,US,M
2022,SE,FT,Data Engineer,129400,USD,129400,US,100,US,M
2022,SE,FT,Data Architect,190000,USD,190000,US,100,US,M
2022,SE,FT,Data Architect,135000,USD,135000,US,100,US,M
2022,SE,FT,Data Analyst,100000,USD,100000,US,0,US,M
2022,SE,FT,Data Analyst,70000,USD,70000,US,0,US,M
2022,EN,FT,Machine Learning Engineer,189750,USD,189750,US,0,US,M
2022,EN,FT,Machine Learning Engineer,140250,USD,140250,US,0,US,M
2022,SE,FT,Data Analyst,130000,USD,130000,US,0,US,M
2022,SE,FT,Data Analyst,100000,USD,100000,US,0,US,M
2022,MI,FT,Data Analyst,160000,USD,160000,US,0,US,M
2022,MI,FT,Data Analyst,109000,USD,109000,US,0,US,M
2022,SE,FT,Research Engineer,250000,USD,250000,US,0,US,M
2022,SE,FT,Research Engineer,150000,USD,150000,US,0,US,M
2022,MI,FT,Data Analyst,206000,USD,206000,US,0,US,M
2022,MI,FT,Data Analyst,160000,USD,160000,US,0,US,M
2022,SE,FT,Data Engineer,135000,USD,135000,US,0,US,M
2022,SE,FT,Data Engineer,120000,USD,120000,US,0,US,M
2022,SE,FT,Machine Learning Engineer,110000,EUR,115573,FR,100,FR,M
2022,SE,FT,Machine Learning Engineer,70000,EUR,73546,FR,100,FR,M
2022,EN,FT,Data Engineer,160000,USD,160000,US,0,US,M
2022,EN,FT,Data Engineer,135000,USD,135000,US,0,US,M
2022,MI,FT,Data Analyst,150000,USD,150000,US,0,US,M
2022,MI,FT,Data Analyst,100000,USD,100000,US,0,US,M
2022,MI,FT,Data Engineer,120000,USD,120000,US,0,US,M
2022,MI,FT,Data Engineer,95000,USD,95000,US,0,US,M
2022,SE,FT,Data Engineer,65000,EUR,68293,ES,0,ES,M
2022,SE,FT,Data Engineer,40000,EUR,42026,ES,0,ES,M
2022,SE,FT,Data Engineer,191200,USD,191200,US,0,US,M
2022,SE,FT,Data Engineer,130000,USD,130000,US,0,US,M
2022,SE,FT,Data Engineer,191200,USD,191200,US,0,US,M
2022,SE,FT,Data Engineer,130000,USD,130000,US,0,US,M
2022,EN,FT,Machine Learning Research Engineer,63000,EUR,66192,DE,50,DE,L
2022,SE,FT,Data Engineer,230000,USD,230000,US,0,US,L
2022,SE,FT,Data Engineer,154600,USD,154600,US,0,US,L
2022,SE,FT,Data Engineer,120000,USD,120000,US,0,US,M
2022,SE,FT,Data Engineer,95000,USD,95000,US,0,US,M
2022,SE,FT,Data Scientist,140000,USD,140000,US,0,US,M
2022,SE,FT,Data Scientist,120000,USD,120000,US,0,US,M
2022,SE,FT,Data Analyst,169000,USD,169000,US,0,US,M
2022,SE,FT,Data Analyst,110600,USD,110600,US,0,US,M
2022,MI,FT,Data Analyst,80000,USD,80000,US,100,US,L
2022,SE,FT,Data Engineer,185900,USD,185900,US,0,US,M
2022,SE,FT,Data Engineer,129300,USD,129300,US,0,US,M
2022,SE,FT,Analytics Engineer,135000,USD,135000,US,0,US,M
2022,SE,FT,Analytics Engineer,110000,USD,110000,US,0,US,M
2022,MI,FT,Data Analytics Manager,155000,USD,155000,US,0,US,M
2022,MI,FT,Data Analytics Manager,140000,USD,140000,US,0,US,M
2022,SE,FT,Data Engineer,205000,USD,205000,US,100,US,M
2022,SE,FT,Data Engineer,150000,USD,150000,US,100,US,M
2022,SE,FT,Data Engineer,179500,USD,179500,US,0,US,M
2022,SE,FT,Data Engineer,134000,USD,134000,US,0,US,M
2022,MI,FT,Data Scientist,180000,USD,180000,US,0,US,M
2022,MI,FT,Data Scientist,120000,USD,120000,US,0,US,M
2022,SE,FT,Data Scientist,185900,USD,185900,US,0,US,M
2022,SE,FT,Data Scientist,129300,USD,129300,US,0,US,M
2022,SE,FT,Data Scientist,175000,USD,175000,US,100,US,M
2022,SE,FT,Data Scientist,145000,USD,145000,US,100,US,M
2022,SE,FT,Data Architect,235000,USD,235000,US,100,US,M
2022,SE,FT,Data Architect,175000,USD,175000,US,100,US,M
2022,EN,FT,Data Scientist,26000,EUR,27317,ES,50,ES,L
2022,MI,FT,Data Engineer,160000,USD,160000,US,100,US,M
2022,MI,FT,Data Engineer,90000,USD,90000,US,100,US,M
2022,SE,FT,Data Engineer,65000,EUR,68293,ES,0,ES,M
2022,SE,FT,Data Engineer,35000,EUR,36773,ES,0,ES,M
2022,SE,FT,Data Engineer,145000,USD,145000,US,0,US,M
2022,SE,FT,Data Engineer,115000,USD,115000,US,0,US,M
2022,MI,FT,Data Specialist,165000,USD,165000,US,0,US,M
2022,MI,FT,Data Specialist,135000,USD,135000,US,0,US,M
2022,SE,FT,Data Engineer,168400,USD,168400,US,0,US,M
2022,SE,FT,Data Engineer,105200,USD,105200,US,0,US,M
2022,MI,FT,Deep Learning Engineer,70000,GBP,86193,GB,100,GB,M
2022,MI,FT,Deep Learning Engineer,40000,GBP,49253,GB,100,GB,M
2022,SE,FT,Data Engineer,200000,USD,200000,US,0,US,M
2022,SE,FT,Data Engineer,160000,USD,160000,US,0,US,M
2022,SE,FT,Data Scientist,45000,EUR,47280,ES,0,ES,M
2022,SE,FT,Data Scientist,36000,EUR,37824,ES,0,ES,M
2022,SE,FT,Data Scientist,198800,USD,198800,US,0,US,M
2022,SE,FT,Data Scientist,122600,USD,122600,US,0,US,M
2022,EN,FL,Machine Learning Engineer,100000,USD,100000,IR,100,IR,M
2022,MI,FT,BI Data Analyst,100000,EUR,105066,FR,50,FR,M
2022,SE,FT,Data Analyst,130000,USD,130000,US,0,US,M
2022,SE,FT,Data Analyst,100000,USD,100000,US,0,US,M
2022,MI,FT,Analytics Engineer,85000,GBP,104663,GB,0,GB,M
2022,MI,FT,Analytics Engineer,60000,GBP,73880,GB,0,GB,M
2022,SE,FT,Data Engineer,125000,USD,125000,US,100,US,M
2022,SE,FT,Data Engineer,110000,USD,110000,US,100,US,M
2022,MI,FT,Data Analyst,165000,USD,165000,US,0,US,M
2022,MI,FT,Data Analyst,124000,USD,124000,US,0,US,M
2022,SE,FT,Data Scientist,148000,USD,148000,US,100,US,M
2022,SE,FT,Data Scientist,107000,USD,107000,US,100,US,M
2022,MI,FT,Data Analyst,150000,USD,150000,US,0,US,M
2022,MI,FT,Data Analyst,100000,USD,100000,US,0,US,M
2022,EN,FT,Data Engineer,160000,USD,160000,US,0,US,M
2022,EN,FT,Data Engineer,135000,USD,135000,US,0,US,M
2022,MI,FT,Data Engineer,120000,USD,120000,US,0,US,M
2022,MI,FT,Data Engineer,95000,USD,95000,US,0,US,M
2022,SE,FT,Data Engineer,153600,USD,153600,US,0,US,M
2022,SE,FT,Data Engineer,106800,USD,106800,US,0,US,M
2022,MI,FT,Data Analyst,100000,USD,100000,CA,0,CA,M
2022,MI,FT,Data Analyst,65000,USD,65000,CA,0,CA,M
2022,MI,FT,Data Engineer,120000,USD,120000,US,0,US,M
2022,MI,FT,Data Engineer,95000,USD,95000,US,0,US,M
2022,SE,FT,Data Engineer,60000,EUR,63040,PT,0,PT,M
2022,SE,FT,Data Engineer,35000,EUR,36773,PT,0,PT,M
2022,EX,FT,Data Engineer,310000,USD,310000,US,100,US,M
2022,EX,FT,Data Engineer,239000,USD,239000,US,100,US,M
2022,SE,FT,Data Scientist,299500,USD,299500,US,0,US,M
2022,SE,FT,Data Scientist,245100,USD,245100,US,0,US,M
2022,SE,FT,Data Scientist,168000,USD,168000,US,100,US,M
2022,SE,FT,Data Scientist,130000,USD,130000,US,100,US,M
2022,SE,FT,Data Scientist,136000,USD,136000,US,100,US,M
2022,SE,FT,Data Scientist,104000,USD,104000,US,100,US,M
2022,MI,FT,Data Engineer,161000,USD,161000,US,100,US,M
2022,MI,FT,Data Engineer,118000,USD,118000,US,100,US,M
2022,SE,FT,Applied Scientist,205000,USD,205000,US,100,US,M
2022,SE,FT,Applied Scientist,184000,USD,184000,US,100,US,M
2022,SE,FT,Data Scientist,185900,USD,185900,US,0,US,M
2022,SE,FT,Data Scientist,129300,USD,129300,US,0,US,M
2022,SE,FT,Data Scientist,247500,USD,247500,US,0,US,M
2022,SE,FT,Data Scientist,172200,USD,172200,US,0,US,M
2022,SE,FT,Data Management Specialist,65000,EUR,68293,IT,0,IT,L
2022,SE,FT,Data Analyst,177000,USD,177000,US,0,US,M
2022,SE,FT,Data Analyst,131000,USD,131000,US,0,US,M
2022,SE,FT,Applied Scientist,205000,USD,205000,US,100,US,M
2022,SE,FT,Applied Scientist,184000,USD,184000,US,100,US,M
2022,SE,FT,Data Engineer,146000,USD,146000,US,0,US,M
2022,SE,FT,Data Engineer,102000,USD,102000,US,0,US,M
2022,SE,FT,Data Analyst,169000,USD,169000,US,0,US,M
2022,SE,FT,Data Analyst,110600,USD,110600,US,0,US,M
2022,SE,FT,Applied Scientist,230000,USD,230000,US,100,US,M
2022,SE,FT,Applied Scientist,196000,USD,196000,US,100,US,M
2022,SE,FT,Data Engineer,135000,USD,135000,US,0,US,M
2022,SE,FT,Data Engineer,100000,USD,100000,US,0,US,M
2022,MI,FT,Data Engineer,80000,USD,80000,US,0,US,M
2022,MI,FT,Data Engineer,65000,USD,65000,US,0,US,M
2022,SE,FT,Data Engineer,135000,USD,135000,US,0,US,M
2022,SE,FT,Data Engineer,100000,USD,100000,US,0,US,M
2022,SE,FT,Data Engineer,50000,GBP,61566,GB,100,GB,M
2022,SE,FT,Data Engineer,35000,GBP,43096,GB,100,GB,M
2022,MI,FT,Data Engineer,175000,USD,175000,US,100,US,M
2022,MI,FT,Data Engineer,135000,USD,135000,US,100,US,M
2022,EN,FT,Data Scientist,80000,USD,80000,US,0,US,M
2022,SE,FT,Data Engineer,231250,USD,231250,US,100,US,M
2022,SE,FT,Data Engineer,138750,USD,138750,US,100,US,M
2022,SE,FT,Analytics Engineer,193750,USD,193750,US,100,US,M
2022,SE,FT,Analytics Engineer,116250,USD,116250,US,100,US,M
2022,SE,FT,Data Engineer,231250,USD,231250,US,100,US,M
2022,SE,FT,Data Engineer,138750,USD,138750,US,100,US,M
2022,SE,FT,Analytics Engineer,231250,USD,231250,US,100,US,M
2022,SE,FT,Analytics Engineer,138750,USD,138750,US,100,US,M
2022,SE,FT,Analytics Engineer,231250,USD,231250,US,100,US,M
2022,SE,FT,Analytics Engineer,138750,USD,138750,US,100,US,M
2022,SE,FT,Data Engineer,193750,USD,193750,US,100,US,M
2022,SE,FT,Data Engineer,116250,USD,116250,US,100,US,M
2022,SE,FT,Data Scientist,208000,USD,208000,US,100,US,M
2022,SE,FT,Data Scientist,127000,USD,127000,US,100,US,M
2022,SE,FT,Research Scientist,300000,USD,300000,US,100,US,M
2022,SE,FT,Research Scientist,196000,USD,196000,US,100,US,M
2022,SE,FT,Machine Learning Engineer,204500,USD,204500,US,0,US,M
2022,SE,FT,Machine Learning Engineer,142200,USD,142200,US,0,US,M
2021,MI,FL,Autonomous Vehicle Technician,45555,USD,45555,AS,50,BS,M
2022,SE,FT,Data Engineer,185900,USD,185900,US,0,US,M
2022,SE,FT,Data Engineer,129300,USD,129300,US,0,US,M
2022,SE,FT,Data Scientist,45000,EUR,47280,ES,0,ES,M
2022,SE,FT,Data Scientist,36000,EUR,37824,ES,0,ES,M
2022,SE,FT,Machine Learning Engineer,204500,USD,204500,US,0,US,M
2022,SE,FT,Machine Learning Engineer,142200,USD,142200,US,0,US,M
2022,SE,FT,Data Scientist,205000,USD,205000,US,100,US,M
2022,SE,FT,Data Scientist,185000,USD,185000,US,100,US,M
2022,SE,FT,Data Scientist,185900,USD,185900,US,0,US,M
2022,SE,FT,Data Scientist,129300,USD,129300,US,0,US,M
2022,SE,FT,Machine Learning Engineer,247500,USD,247500,US,0,US,M
2022,SE,FT,Machine Learning Engineer,172200,USD,172200,US,0,US,M
2022,EN,FT,Data Engineer,160000,USD,160000,US,0,US,M
2022,EN,FT,Data Engineer,135000,USD,135000,US,0,US,M
2022,MI,FT,Data Analyst,150000,USD,150000,US,0,US,M
2022,MI,FT,Data Analyst,100000,USD,100000,US,0,US,M
2022,SE,FT,Data Analyst,110000,USD,110000,US,0,US,M
2022,SE,FT,Data Analyst,95000,USD,95000,US,0,US,M
2022,SE,FT,Data Scientist,185900,USD,185900,US,0,US,M
2022,SE,FT,Data Scientist,129300,USD,129300,US,0,US,M
2022,SE,FT,Applied Scientist,205000,USD,205000,US,100,US,M
2022,SE,FT,Applied Scientist,184000,USD,184000,US,100,US,M
2022,EN,FT,Data Scientist,6600000,HUF,17684,HU,100,HU,M
2022,SE,FT,Data Science Tech Lead,375000,USD,375000,US,50,US,L
2022,SE,FT,Data Engineer,191200,USD,191200,US,0,US,M
2022,SE,FT,Data Engineer,130000,USD,130000,US,0,US,M
2022,SE,FT,Data Scientist,225000,USD,225000,US,0,US,M
2022,SE,FT,Data Scientist,156400,USD,156400,US,0,US,M
2022,SE,FT,Data Analyst,169000,USD,169000,US,0,US,M
2022,SE,FT,Data Analyst,110600,USD,110600,US,0,US,M
2022,SE,FT,Machine Learning Engineer,204500,USD,204500,US,0,US,M
2022,SE,FT,Machine Learning Engineer,142200,USD,142200,US,0,US,M
2022,MI,FT,Machine Learning Engineer,85000,GBP,104663,GB,0,GB,M
2022,MI,FT,Machine Learning Engineer,65000,GBP,80036,GB,0,GB,M
2022,SE,FT,Data Scientist,185900,USD,185900,US,0,US,M
2022,SE,FT,Data Scientist,129300,USD,129300,US,0,US,M
2022,SE,FT,Data Scientist,140700,USD,140700,US,0,US,M
2022,SE,FT,Data Scientist,93800,USD,93800,US,0,US,M
2022,SE,FT,Data Scientist,350000,USD,350000,US,100,US,M
2022,SE,FT,Data Scientist,135000,USD,135000,US,100,US,M
2022,SE,FT,Data Analyst,115934,USD,115934,US,100,US,M
2022,SE,FT,Data Analyst,81666,USD,81666,US,100,US,M
2022,MI,FT,Machine Learning Engineer,100000,CHF,104697,CH,100,CH,L
2022,EN,FT,Machine Learning Developer,33000,USD,33000,IT,100,DE,S
2022,EN,FT,Machine Learning Scientist,33000,EUR,34672,IT,100,DE,S
2022,SE,FT,Machine Learning Engineer,201000,USD,201000,US,0,US,M
2022,SE,FT,Machine Learning Engineer,119000,USD,119000,US,0,US,M
2022,SE,FT,Data Engineer,175000,USD,175000,US,100,US,M
2022,SE,FT,Data Engineer,150000,USD,150000,US,100,US,M
2022,SE,FT,Data Analyst,154560,USD,154560,US,0,US,M
2022,SE,FT,Data Analyst,123648,USD,123648,US,0,US,M
2022,SE,FT,Data Analyst,130000,USD,130000,US,0,US,M
2022,SE,FT,Data Analyst,100000,USD,100000,US,0,US,M
2022,MI,FT,Data Engineer,170000,USD,170000,US,0,US,M
2022,MI,FT,Data Engineer,145000,USD,145000,US,0,US,M
2022,SE,FT,Data Engineer,135000,USD,135000,US,100,US,M
2022,SE,FT,Data Engineer,100000,USD,100000,US,100,US,M
2022,SE,FT,Data Scientist,247500,USD,247500,US,0,US,M
2022,SE,FT,Data Scientist,172200,USD,172200,US,0,US,M
2022,SE,FT,Data Scientist,177500,USD,177500,US,100,US,M
2022,SE,FT,Data Scientist,134000,USD,134000,US,100,US,M
2022,SE,FT,Data Scientist,185900,USD,185900,US,0,US,M
2022,SE,FT,Data Scientist,129300,USD,129300,US,0,US,M
2022,SE,FT,Data Architect,192564,USD,192564,US,100,US,M
2022,SE,FT,Data Architect,144854,USD,144854,US,100,US,M
2022,SE,FT,Data Analyst,130000,USD,130000,US,0,US,M
2022,SE,FT,Data Analyst,105000,USD,105000,US,0,US,M
2022,SE,FT,Data Engineer,179305,USD,179305,US,100,US,M
2022,SE,FT,Data Engineer,142127,USD,142127,US,100,US,M
2022,SE,FT,Data Engineer,315000,USD,315000,US,100,US,M
2022,SE,FT,Data Engineer,225000,USD,225000,US,100,US,M
2022,SE,FT,Data Scientist,243900,USD,243900,US,100,US,M
2022,SE,FT,Data Scientist,156600,USD,156600,US,100,US,M
2022,MI,FT,Data Analyst,206000,USD,206000,US,0,US,M
2022,MI,FT,Data Analyst,160000,USD,160000,US,0,US,M
2022,MI,FT,Data Analyst,109000,USD,109000,US,0,US,M
2022,MI,FT,Data Analyst,79000,USD,79000,US,0,US,M
2022,MI,FT,Data Analyst,160000,USD,160000,US,0,US,M
2022,MI,FT,Data Analyst,109000,USD,109000,US,0,US,M
2022,MI,FT,Data Scientist Lead,85000,EUR,89306,AT,50,AT,L
2022,SE,FT,Data Engineer,182500,USD,182500,US,100,US,M
2022,SE,FT,Data Engineer,128500,USD,128500,US,100,US,M
2022,MI,FT,Data Engineer,160000,USD,160000,US,100,US,M
2022,MI,FT,Data Engineer,90000,USD,90000,US,100,US,M
2022,EN,FT,Data Manager,77300,USD,77300,US,100,US,M
2022,EN,FT,Data Manager,45600,USD,45600,US,100,US,M
2022,SE,FT,Data Analyst,127000,USD,127000,US,100,US,M
2022,SE,FT,Data Analyst,110000,USD,110000,US,100,US,M
2022,SE,FT,Data Architect,210000,USD,210000,US,100,US,M
2022,SE,FT,Data Architect,136000,USD,136000,US,100,US,M
2022,SE,FT,Data Engineer,170000,USD,170000,US,100,US,M
2022,SE,FT,Data Engineer,140000,USD,140000,US,100,US,M
2022,SE,FT,Data Engineer,247500,USD,247500,US,0,US,M
2022,SE,FT,Data Engineer,172200,USD,172200,US,0,US,M
2022,SE,FT,Data Engineer,225000,USD,225000,US,0,US,M
2022,SE,FT,Data Engineer,184100,USD,184100,US,0,US,M
2022,MI,FT,Machine Learning Engineer,130000,USD,130000,US,0,US,M
2022,MI,FT,Machine Learning Engineer,90000,USD,90000,US,0,US,M
2022,MI,FT,Data Scientist,120000,USD,120000,US,100,US,M
2022,MI,FT,Data Scientist,100000,USD,100000,US,100,US,M
2022,MI,FT,Data Scientist,85000,USD,85000,US,100,US,M
2022,MI,FT,Data Scientist,78000,USD,78000,US,100,US,M
2022,SE,FT,Data Engineer,161000,USD,161000,US,100,US,M
2022,SE,FT,Data Engineer,110000,USD,110000,US,100,US,M
2022,SE,FT,Data Scientist,136000,USD,136000,US,100,US,M
2022,SE,FT,Data Scientist,104000,USD,104000,US,100,US,M
2022,SE,FT,Data Scientist,45000,EUR,47280,ES,0,ES,M
2022,SE,FT,Data Scientist,36000,EUR,37824,ES,0,ES,M
2022,EX,FT,Head of Data,205000,USD,205000,US,0,US,M
2022,EX,FT,Head of Data,160000,USD,160000,US,0,US,M
2022,SE,FT,Data Analyst,169000,USD,169000,US,0,US,M
2022,SE,FT,Data Analyst,110600,USD,110600,US,0,US,M
2022,EN,FT,Data Engineer,50000,GBP,61566,GB,100,GB,M
2022,EN,FT,Data Engineer,40000,GBP,49253,GB,100,GB,M
2022,SE,FT,Data Engineer,160000,USD,160000,US,0,US,M
2022,SE,FT,Data Engineer,130000,USD,130000,US,0,US,M
2022,SE,FT,Data Scientist,245000,USD,245000,US,0,US,M
2022,SE,FT,Data Scientist,180000,USD,180000,US,0,US,M
2022,SE,FT,Data Engineer,135000,USD,135000,US,0,US,M
2022,SE,FT,Data Engineer,100000,USD,100000,US,0,US,M
2022,SE,FT,Data Engineer,220000,USD,220000,US,0,US,M
2022,SE,FT,Data Engineer,150000,USD,150000,US,0,US,M
2022,SE,FT,Data Scientist,198440,USD,198440,US,0,US,L
2022,SE,FT,Data Scientist,144000,USD,144000,US,0,US,L
2022,SE,FT,Data Engineer,240000,USD,240000,US,0,US,M
2022,SE,FT,Data Engineer,170000,USD,170000,US,0,US,M
2022,SE,FT,Data Scientist,198440,USD,198440,US,0,US,M
2022,SE,FT,Data Scientist,144000,USD,144000,US,0,US,M
2022,MI,FT,Data Analyst,150000,USD,150000,US,100,US,M
2022,MI,FT,Data Analyst,100000,USD,100000,US,100,US,M
2022,SE,FT,Data Analyst,120000,USD,120000,US,0,US,M
2022,SE,FT,Data Analyst,95000,USD,95000,US,0,US,M
2022,MI,FT,Data Scientist,47000,GBP,57872,GB,50,GB,M
2022,EN,FT,Data Analyst,64000,USD,64000,US,100,US,L
2022,EN,FT,Data Scientist,38000,EUR,39925,FR,50,FR,L
2022,SE,FT,Machine Learning Engineer,187200,USD,187200,CA,100,CA,M
2022,SE,FT,Machine Learning Engineer,116100,USD,116100,CA,100,CA,M
2022,SE,FT,Data Analyst,150000,USD,150000,US,0,US,M
2022,SE,FT,Data Analyst,127000,USD,127000,US,0,US,M
2022,SE,FT,Data Engineer,275000,USD,275000,US,100,US,M
2022,SE,FT,Data Engineer,166000,USD,166000,US,100,US,M
2022,SE,FT,Data Scientist,159699,USD,159699,US,0,US,M
2022,SE,FT,Data Scientist,138938,USD,138938,US,0,US,M
2022,EN,FT,BI Analyst,76000,USD,76000,US,50,US,L
2022,SE,FT,Data Analyst,166700,USD,166700,US,0,US,M
2022,SE,FT,Data Analyst,119000,USD,119000,US,0,US,M
2022,SE,FT,Data Analyst,130000,USD,130000,US,0,US,M
2022,SE,FT,Data Analyst,100000,USD,100000,US,0,US,M
2022,SE,FT,Analytics Engineer,84000,GBP,103432,GB,0,GB,M
2022,SE,FT,Analytics Engineer,75000,GBP,92350,GB,0,GB,M
2022,SE,FT,Data Analyst,80000,USD,80000,US,0,US,M
2022,SE,FT,Data Analyst,52500,USD,52500,US,0,US,M
2022,SE,FT,Data Engineer,236000,USD,236000,US,100,US,M
2022,SE,FT,Data Engineer,182000,USD,182000,US,100,US,M
2022,SE,FT,Data Scientist,180000,USD,180000,US,100,US,M
2022,SE,FT,Data Scientist,140000,USD,140000,US,100,US,M
2022,SE,FT,Data Scientist,225000,USD,225000,US,0,US,M
2022,SE,FT,Data Scientist,156400,USD,156400,US,0,US,M
2022,SE,FT,Data Analyst,135000,USD,135000,US,100,US,M
2022,SE,FT,Data Analyst,100000,USD,100000,US,100,US,M
2022,SE,FT,Machine Learning Engineer,204500,USD,204500,US,0,US,M
2022,SE,FT,Machine Learning Engineer,142200,USD,142200,US,0,US,M
2022,MI,FT,Research Engineer,240000,USD,240000,US,100,US,M
2022,EN,PT,Data Analyst,125404,USD,125404,CN,50,US,S
2022,SE,FT,Data Engineer,300000,USD,300000,US,0,US,M
2022,SE,FT,Data Engineer,130000,USD,130000,US,0,US,M
2022,SE,FT,Data Engineer,195000,USD,195000,US,100,US,M
2022,SE,FT,Data Engineer,175000,USD,175000,US,100,US,M
2022,SE,FT,Data Engineer,155000,USD,155000,US,0,US,M
2022,SE,FT,Data Engineer,110000,USD,110000,US,0,US,M
2022,SE,FT,Data Operations Analyst,123000,USD,123000,US,0,US,M
2022,SE,FT,Data Operations Analyst,92250,USD,92250,US,0,US,M
2022,SE,FT,Data Engineer,170000,USD,170000,US,0,US,M
2022,SE,FT,Data Engineer,150000,USD,150000,US,0,US,M
2022,MI,FT,Machine Learning Engineer,180000,USD,180000,US,100,US,M
2022,MI,FT,Machine Learning Engineer,100000,USD,100000,US,100,US,M
2022,SE,FT,Data Engineer,97000,USD,97000,US,100,US,M
2022,SE,FT,Data Engineer,90000,USD,90000,US,100,US,M
2022,SE,FT,Data Engineer,200000,USD,200000,US,0,US,M
2022,SE,FT,Data Engineer,160000,USD,160000,US,0,US,M
2022,SE,FT,Machine Learning Engineer,210000,USD,210000,US,100,US,M
2022,SE,FT,Machine Learning Engineer,180000,USD,180000,US,100,US,M
2022,SE,FT,Data Engineer,260000,USD,260000,US,0,US,M
2022,SE,FT,Data Engineer,180000,USD,180000,US,0,US,M
2022,EX,FT,Analytics Engineer,210000,USD,210000,US,100,US,M
2022,EX,FT,Analytics Engineer,157000,USD,157000,US,100,US,M
2022,EN,FT,Data Scientist,180000,USD,180000,US,100,US,M
2022,EN,FT,Data Scientist,100000,USD,100000,US,100,US,M
2022,MI,FT,Data Analyst,80000,USD,80000,US,0,US,M
2022,MI,FT,Data Analyst,52500,USD,52500,US,0,US,M
2022,SE,FT,Data Architect,128000,USD,128000,US,0,US,M
2022,SE,FT,Data Architect,81500,USD,81500,US,0,US,M
2022,SE,FT,Data Operations Engineer,105000,USD,105000,US,0,US,M
2022,SE,FT,Data Operations Engineer,70000,USD,70000,US,0,US,M
2022,SE,FT,Data Scientist,175000,USD,175000,US,0,US,M
2022,SE,FT,Data Scientist,122500,USD,122500,US,0,US,M
2022,SE,FT,Data Engineer,171000,USD,171000,US,0,US,M
2022,SE,FT,Data Engineer,117000,USD,117000,US,0,US,M
2022,SE,FT,Data Scientist,202800,USD,202800,US,0,US,L
2022,SE,FT,Data Scientist,104300,USD,104300,US,0,US,L
2022,SE,FT,Data Analyst,48000,EUR,50432,ES,0,ES,M
2022,SE,FT,Data Analyst,35000,EUR,36773,ES,0,ES,M
2022,SE,FT,Data Engineer,197000,USD,197000,US,0,US,M
2022,SE,FT,Data Engineer,99000,USD,99000,US,0,US,M
2022,SE,FT,Data Engineer,160000,USD,160000,US,0,US,M
2022,SE,FT,Data Engineer,110000,USD,110000,US,0,US,M
2022,SE,FT,Data Scientist,185900,USD,185900,US,0,US,M
2022,SE,FT,Data Scientist,129300,USD,129300,US,0,US,M
2022,MI,FT,Data Scientist,30000,USD,30000,MX,100,MX,L
2022,MI,FT,Analytics Engineer,78000,USD,78000,BR,100,BR,M
2022,MI,FT,Analytics Engineer,48000,USD,48000,BR,100,BR,M
2022,SE,FT,Data Engineer,170000,USD,170000,US,0,US,M
2022,SE,FT,Data Engineer,130000,USD,130000,US,0,US,M
2022,SE,FT,Data Analyst,150000,USD,150000,US,0,US,M
2022,SE,FT,Data Analyst,95000,USD,95000,US,0,US,M
2022,MI,FT,Data Engineer,78000,USD,78000,BR,100,BR,M
2022,MI,FT,Data Engineer,42000,USD,42000,BR,100,BR,M
2022,SE,FT,Data Architect,345600,USD,345600,US,0,US,M
2022,SE,FT,Data Architect,230400,USD,230400,US,0,US,M
2022,SE,FT,Data Engineer,145000,USD,145000,US,0,US,M
2022,SE,FT,Data Engineer,115000,USD,115000,US,0,US,M
2022,MI,FT,BI Analyst,78000,USD,78000,BR,100,BR,M
2022,MI,FT,BI Analyst,48000,USD,48000,BR,100,BR,M
2022,SE,FT,Data Analyst,175950,USD,175950,US,100,US,M
2022,SE,FT,Data Analyst,130050,USD,130050,US,100,US,M
2022,SE,FT,Data Engineer,205600,USD,205600,US,0,US,L
2022,SE,FT,Data Engineer,105700,USD,105700,US,0,US,L
2022,SE,FT,Data Analyst,236600,USD,236600,US,100,US,M
2022,SE,FT,Data Analyst,89200,USD,89200,US,100,US,M
2022,MI,FT,Data Scientist,84000,USD,84000,BR,100,BR,M
2022,MI,FT,Data Scientist,54000,USD,54000,BR,100,BR,M
2022,EN,FT,Data Scientist,80000,USD,80000,US,100,US,L
2022,SE,FT,Marketing Data Analyst,200000,USD,200000,GB,100,GB,S
2022,EN,FT,Data Scientist,96000,CAD,73742,CA,100,CA,L
2022,SE,FT,Data Scientist,165000,USD,165000,US,50,US,S
2022,EN,FT,Data Scientist,27000,GBP,33246,GB,50,GB,L
2022,SE,FT,Data Engineer,185900,USD,185900,US,0,US,M
2022,SE,FT,Data Engineer,129300,USD,129300,US,0,US,M
2022,SE,FT,Data Analyst,169000,USD,169000,US,0,US,M
2022,SE,FT,Data Analyst,110600,USD,110600,US,0,US,M
2021,MI,FT,Data Engineer,100000,AUD,75050,AU,50,AU,L
2022,SE,FT,Data Engineer,225000,USD,225000,US,0,US,M
2022,SE,FT,Data Engineer,184100,USD,184100,US,0,US,M
2022,SE,FT,Data Scientist,185900,USD,185900,US,0,US,M
2022,SE,FT,Data Scientist,129300,USD,129300,US,0,US,M
2022,SE,FT,Data Scientist,225000,USD,225000,US,0,US,M
2022,SE,FT,Data Scientist,156400,USD,156400,US,0,US,M
2022,SE,FT,Data Scientist,185900,USD,185900,US,0,US,M
2022,SE,FT,Data Scientist,129300,USD,129300,US,0,US,M
2022,EN,FT,Machine Learning Engineer,108000,USD,108000,US,0,US,S
2022,SE,FT,Data Scientist,155000,USD,155000,US,100,US,M
2022,SE,FT,Data Scientist,38000,USD,38000,US,100,US,M
2022,MI,FT,Data Analyst,85000,USD,85000,US,0,US,M
2022,MI,FT,Data Analyst,65000,USD,65000,US,0,US,M
2022,SE,FT,Data Scientist,155000,USD,155000,US,100,US,M
2022,SE,FT,Data Scientist,38000,USD,38000,US,100,US,M
2022,MI,FT,Data Engineer,90000,GBP,110820,GB,0,GB,M
2022,MI,FT,Data Engineer,75000,GBP,92350,GB,0,GB,M
2022,SE,FT,Data Scientist,153600,USD,153600,US,100,US,M
2022,SE,FT,Data Scientist,106800,USD,106800,US,100,US,M
2022,SE,FT,Data Scientist,185000,USD,185000,US,100,US,M
2022,SE,FT,Data Scientist,50000,USD,50000,US,100,US,M
2022,SE,FT,Data Engineer,185900,USD,185900,US,0,US,M
2022,SE,FT,Data Engineer,129300,USD,129300,US,0,US,M
2022,SE,FT,Data Scientist,155000,USD,155000,US,100,US,M
2022,SE,FT,Data Scientist,38000,USD,38000,US,100,US,M
2022,SE,FT,Data Scientist,168000,USD,168000,US,100,US,M
2022,SE,FT,Data Scientist,130000,USD,130000,US,100,US,M
2022,SE,FT,Data Scientist,123400,USD,123400,US,0,US,M
2022,SE,FT,Data Scientist,88100,USD,88100,US,0,US,M
2022,SE,FT,Data Scientist,120000,USD,120000,US,100,US,S
2022,SE,FT,Data Scientist,55000,USD,55000,US,100,US,S
2022,SE,FT,Data Scientist,185900,USD,185900,US,0,US,M
2022,SE,FT,Data Scientist,129300,USD,129300,US,0,US,M
2022,SE,FT,Data Engineer,191200,USD,191200,US,0,US,M
2022,SE,FT,Data Engineer,130000,USD,130000,US,0,US,M
2022,SE,FT,Data Analyst,169000,USD,169000,US,0,US,M
2022,SE,FT,Data Analyst,110600,USD,110600,US,0,US,M
2022,SE,FT,Analytics Engineer,150000,USD,150000,US,0,US,M
2022,SE,FT,Analytics Engineer,120000,USD,120000,US,0,US,M
2022,SE,FT,Data Scientist,139000,USD,139000,US,0,US,M
2022,SE,FT,Data Scientist,122000,USD,122000,US,0,US,M
2022,SE,FT,Data Scientist,185900,USD,185900,US,0,US,M
2022,SE,FT,Data Scientist,129300,USD,129300,US,0,US,M
2022,SE,FT,Data Analyst,139600,USD,139600,US,0,US,M
2022,SE,FT,Data Analyst,85700,USD,85700,US,0,US,M
2022,SE,FT,Data Engineer,185000,USD,185000,US,100,US,M
2022,SE,FT,Data Engineer,50000,USD,50000,US,100,US,M
2022,SE,FT,Data Engineer,185900,USD,185900,US,0,US,M
2022,SE,FT,Data Engineer,129300,USD,129300,US,0,US,M
2022,SE,FT,Data Scientist,225000,USD,225000,US,0,US,M
2022,SE,FT,Data Scientist,156400,USD,156400,US,0,US,M
2022,SE,FT,Data Scientist,200000,USD,200000,US,100,US,M
2022,SE,FT,Data Scientist,175000,USD,175000,US,100,US,M
2022,SE,FT,Data Engineer,185900,USD,185900,US,0,US,M
2022,SE,FT,Data Engineer,129300,USD,129300,US,0,US,M
2022,MI,FT,Machine Learning Engineer,148500,USD,148500,US,100,US,L
2022,MI,FT,Machine Learning Engineer,98200,USD,98200,US,100,US,L
2022,SE,FT,Data Analyst,115000,USD,115000,US,100,US,M
2022,SE,FT,Data Analyst,95000,USD,95000,US,100,US,M
2022,SE,FT,Data Architect,225000,USD,225000,US,100,US,M
2022,SE,FT,Data Architect,66000,USD,66000,US,100,US,M
2022,SE,FT,Data Scientist,185000,USD,185000,US,100,US,M
2022,SE,FT,Data Scientist,50000,USD,50000,US,100,US,M
2022,SE,FT,Data Scientist,45000,EUR,47280,ES,0,ES,M
2022,SE,FT,Data Scientist,36000,EUR,37824,ES,0,ES,M
2022,MI,FT,Data Manager,134000,USD,134000,US,0,US,M
2022,MI,FT,Data Manager,98000,USD,98000,US,0,US,M
2022,MI,FT,Data Analyst,105000,USD,105000,US,0,US,M
2022,MI,FT,Data Analyst,62000,USD,62000,US,0,US,M
2022,EN,FT,BI Data Analyst,57000,USD,57000,US,100,US,L
2022,SE,FT,Big Data Engineer,210000,CAD,161311,CA,50,CA,M
2022,MI,FT,Data Scientist,144200,USD,144200,US,100,US,M
2022,MI,FT,Data Scientist,115360,USD,115360,US,100,US,M
2022,MI,FT,Data Scientist,120000,AUD,83171,AU,0,AU,L
2022,SE,FT,Principal Data Architect,3000000,INR,38154,IN,100,IN,L
2022,SE,FT,Data Engineer,70000,EUR,73546,PT,0,PT,M
2022,SE,FT,Data Engineer,40000,EUR,42026,PT,0,PT,M
2022,SE,FT,Data Engineer,170000,USD,170000,US,100,US,M
2022,SE,FT,Data Engineer,150000,USD,150000,US,100,US,M
2022,SE,FT,Data Architect,180000,USD,180000,US,100,US,M
2022,SE,FT,Data Architect,160000,USD,160000,US,100,US,M
2022,MI,FT,Data Scientist,108000,USD,108000,US,50,US,L
2022,SE,FT,Machine Learning Manager,200000,USD,200000,US,100,US,M
2022,SE,FT,Machine Learning Manager,150000,USD,150000,US,100,US,M
2022,EX,FT,Data Manager,164000,CAD,125976,CA,50,CA,L
2022,SE,FT,Data Engineer,188700,USD,188700,US,100,US,M
2022,SE,FT,Data Engineer,160395,USD,160395,US,100,US,M
2022,SE,FT,Data Analyst,115934,USD,115934,US,100,US,M
2022,SE,FT,Data Analyst,81666,USD,81666,US,100,US,M
2022,SE,FT,Data Engineer,300000,USD,300000,US,0,US,M
2022,SE,FT,Data Engineer,225000,USD,225000,US,0,US,M
2022,SE,FT,Data Scientist,198440,USD,198440,US,100,US,M
2022,SE,FT,Data Scientist,144000,USD,144000,US,100,US,M
2022,SE,FT,Applied Scientist,191475,USD,191475,US,100,US,M
2022,SE,FT,Applied Scientist,141525,USD,141525,US,100,US,M
2022,SE,FT,Data Analyst,48000,EUR,50432,ES,0,ES,M
2022,SE,FT,Data Analyst,35000,EUR,36773,ES,0,ES,M
2022,MI,FT,Data Scientist,72000,EUR,75648,DE,100,DE,S
2022,SE,FT,Lead Data Scientist,156868,USD,156868,US,100,US,L
2022,SE,FT,BI Analyst,200000,USD,200000,NG,100,NG,S
2022,SE,FT,Data Scientist,198440,USD,198440,US,0,US,L
2022,SE,FT,Data Scientist,144000,USD,144000,US,0,US,L
2022,SE,FT,Lead Machine Learning Engineer,66000,EUR,69344,PT,100,PT,L
2022,SE,CT,Data Analyst,90000,USD,90000,US,100,US,M
2022,MI,FT,Research Scientist,120000,EUR,126080,DE,0,DE,S
2022,MI,FT,Research Scientist,80000,EUR,84053,DE,0,DE,S
2022,SE,FT,Data Engineer,200000,USD,200000,US,100,US,M
2022,SE,FT,Data Engineer,180000,USD,180000,US,100,US,M
2022,MI,FT,Analytics Engineer,108000,USD,108000,US,100,US,M
2022,MI,FT,Analytics Engineer,85000,USD,85000,US,100,US,M
2022,SE,FT,Machine Learning Engineer,210000,USD,210000,US,100,US,M
2022,SE,FT,Machine Learning Engineer,180000,USD,180000,US,100,US,M
2022,SE,FT,Data Engineer,165000,USD,165000,US,100,US,M
2022,SE,FT,Data Engineer,132000,USD,132000,US,100,US,M
2022,SE,FT,Analytics Engineer,130000,USD,130000,US,100,US,M
2022,SE,FT,Analytics Engineer,110000,USD,110000,US,100,US,M
2022,MI,FT,BI Data Analyst,65000,AUD,45050,AU,50,AU,L
2021,EN,FT,Data Analyst,56000,AUD,42028,AU,50,AU,L
2022,MI,FT,Data Analytics Engineer,135000,USD,135000,US,100,US,L
2022,SE,FT,Data Engineer,178800,USD,178800,US,100,US,L
2022,SE,FT,Data Engineer,132100,USD,132100,US,100,US,L
2022,EN,FT,Data Analyst,20000,USD,20000,CR,50,US,M
2022,SE,FT,Machine Learning Engineer,140000,USD,140000,CA,0,CA,M
2022,SE,FT,Machine Learning Engineer,110000,USD,110000,CA,0,CA,M
2022,SE,FT,Data Engineer,160000,USD,160000,US,100,US,M
2022,SE,FT,Data Engineer,85000,USD,85000,US,100,US,M
2022,SE,FT,ETL Developer,250000,USD,250000,US,100,US,M
2022,SE,FT,ETL Developer,63000,USD,63000,US,100,US,M
2022,EX,FT,Data Engineer,187200,USD,187200,US,100,US,M
2022,EX,FT,Data Engineer,116100,USD,116100,US,100,US,M
2022,SE,FT,Data Engineer,200000,USD,200000,US,100,US,M
2022,SE,FT,Data Engineer,145000,USD,145000,US,100,US,M
2022,SE,FT,Data Engineer,229998,USD,229998,US,0,US,L
2022,SE,FT,Data Engineer,154545,USD,154545,US,0,US,L
2022,SE,FT,Data Scientist,215000,USD,215000,US,0,US,L
2022,SE,FT,Data Scientist,159000,USD,159000,US,0,US,L
2022,SE,FT,Data Engineer,229998,USD,229998,US,0,US,L
2022,SE,FT,Data Engineer,154545,USD,154545,US,0,US,L
2022,EN,FT,AI Scientist,50000,USD,50000,US,100,US,M
2022,SE,FT,Data Scientist Lead,183000,USD,183000,US,100,US,L
2022,SE,FT,Data Analyst,99750,USD,99750,US,100,US,M
2022,SE,FT,Data Analyst,68400,USD,68400,US,100,US,M
2022,SE,FT,Data Scientist,236900,USD,236900,US,100,US,L
2022,SE,FT,Data Scientist,159200,USD,159200,US,100,US,L
2022,SE,FT,Data Scientist,243225,USD,243225,US,100,US,M
2022,SE,FT,Data Scientist,179775,USD,179775,US,100,US,M
2022,SE,FT,Data Engineer,175000,USD,175000,US,100,US,M
2022,SE,FT,Data Engineer,150000,USD,150000,US,100,US,M
2022,SE,FT,Machine Learning Engineer,210000,USD,210000,US,100,US,M
2022,SE,FT,Machine Learning Engineer,180000,USD,180000,US,100,US,M
2022,SE,FT,Data Scientist,148000,USD,148000,US,100,US,M
2022,SE,FT,Data Scientist,128000,USD,128000,US,100,US,M
2022,SE,FT,Data Architect,190000,USD,190000,US,100,US,M
2022,SE,FT,Data Architect,135000,USD,135000,US,100,US,M
2022,SE,FT,Analytics Engineer,130000,USD,130000,US,100,US,M
2022,SE,FT,Analytics Engineer,110000,USD,110000,US,100,US,M
2022,SE,FT,Data Scientist,191475,USD,191475,US,100,US,M
2022,SE,FT,Data Scientist,141525,USD,141525,US,100,US,M
2022,SE,FT,Data Engineer,160000,USD,160000,US,100,US,M
2022,SE,FT,Data Engineer,85000,USD,85000,US,100,US,M
2022,SE,FT,Data Scientist,218000,USD,218000,US,0,US,M
2022,SE,FT,Data Scientist,145300,USD,145300,US,0,US,M
2022,SE,FT,Machine Learning Engineer,195400,USD,195400,US,100,US,L
2022,SE,FT,Machine Learning Engineer,131300,USD,131300,US,100,US,L
2022,EN,FT,Data Specialist,105000,USD,105000,CL,100,US,L
2022,SE,FT,Data Scientist,191475,USD,191475,US,100,US,M
2022,SE,FT,Data Scientist,141525,USD,141525,US,100,US,M
2022,SE,FT,Data Scientist,207000,USD,207000,US,100,US,M
2022,SE,FT,Data Scientist,153000,USD,153000,US,100,US,M
2022,SE,FT,Data Scientist,191475,USD,191475,US,100,US,M
2022,SE,FT,Data Scientist,141525,USD,141525,US,100,US,M
2022,SE,FT,Data Analyst,110000,USD,110000,US,0,US,M
2022,SE,FT,Data Analyst,99000,USD,99000,US,0,US,M
2022,SE,FT,Data Scientist,191475,USD,191475,US,100,US,M
2022,SE,FT,Data Scientist,141525,USD,141525,US,100,US,M
2022,SE,FT,Data Scientist,191475,USD,191475,US,100,US,M
2022,SE,FT,Data Scientist,141525,USD,141525,US,100,US,M
2022,SE,FT,Data Scientist,191475,USD,191475,US,100,US,M
2022,SE,FT,Data Scientist,141525,USD,141525,US,100,US,M
2022,SE,FT,Machine Learning Engineer,200000,USD,200000,PR,100,PR,M
2022,SE,FT,Machine Learning Engineer,135000,USD,135000,PR,100,PR,M
2022,SE,FT,Data Scientist,207000,USD,207000,US,100,US,M
2022,SE,FT,Data Scientist,153000,USD,153000,US,100,US,M
2022,SE,FT,Data Scientist,191475,USD,191475,US,100,US,M
2022,SE,FT,Data Scientist,141525,USD,141525,US,100,US,M
2022,SE,FT,Data Scientist,191475,USD,191475,US,100,US,M
2022,SE,FT,Data Scientist,141525,USD,141525,US,100,US,M
2022,SE,FT,Data Scientist,191475,USD,191475,US,100,US,M
2022,SE,FT,Data Scientist,141525,USD,141525,US,100,US,M
2022,SE,FT,Data Engineer,195700,USD,195700,US,0,US,M
2022,SE,FT,Data Engineer,130500,USD,130500,US,0,US,M
2022,SE,FT,Machine Learning Engineer,130000,USD,130000,US,100,US,M
2022,SE,FT,Machine Learning Engineer,84000,USD,84000,US,100,US,M
2022,MI,FT,Data Operations Engineer,100000,USD,100000,US,100,US,M
2022,MI,FT,Data Operations Engineer,60000,USD,60000,US,100,US,M
2022,MI,FT,Data Engineer,65000,GBP,80036,GB,100,GB,M
2022,MI,FT,Data Engineer,55000,GBP,67723,GB,100,GB,M
2022,SE,FT,Data Engineer,141300,USD,141300,US,0,US,M
2022,SE,FT,Data Engineer,102100,USD,102100,US,0,US,M
2022,SE,FT,Data Analyst,48000,EUR,50432,ES,0,ES,M
2022,SE,FT,Data Analyst,35000,EUR,36773,ES,0,ES,M
2022,MI,FT,Business Data Analyst,150000,USD,150000,US,100,US,L
2022,MI,FT,Data Scientist,83000,GBP,102200,GB,100,GB,M
2022,EN,FT,Data Scientist,1800000,INR,22892,IN,50,IN,M
2022,SE,FT,Data Analyst,144000,USD,144000,US,100,US,M
2022,SE,FT,Data Analyst,113000,USD,113000,US,100,US,M
2022,EN,FT,AI Scientist,30000,EUR,31520,PT,100,ES,M
2022,SE,FT,Data Architect,195400,USD,195400,US,100,US,L
2022,SE,FT,Data Architect,131300,USD,131300,US,100,US,L
2022,SE,FT,Machine Learning Engineer,195400,USD,195400,US,100,US,L
2022,SE,FT,Machine Learning Engineer,131300,USD,131300,US,100,US,L
2022,SE,FT,Data Architect,195400,USD,195400,US,100,US,L
2022,SE,FT,Data Architect,131300,USD,131300,US,100,US,L
2022,SE,FT,Data Architect,190000,USD,190000,US,100,US,M
2022,SE,FT,Data Architect,135000,USD,135000,US,100,US,M
2022,SE,FT,Data Engineer,135000,USD,135000,US,100,US,M
2022,SE,FT,Data Engineer,80000,USD,80000,US,100,US,M
2022,SE,FT,Data Engineer,160000,USD,160000,US,100,US,M
2022,SE,FT,Data Engineer,85000,USD,85000,US,100,US,M
2022,SE,FT,Data Engineer,178800,USD,178800,US,100,US,L
2022,SE,FT,Data Engineer,132100,USD,132100,US,100,US,L
2022,MI,CT,NLP Engineer,60000,USD,60000,IN,100,US,S
2022,SE,FT,Machine Learning Engineer,60000,EUR,63040,FI,50,FI,S
2022,EN,FT,Business Data Analyst,50000,USD,50000,IN,100,AS,L
2022,SE,FT,Data Engineer,140000,USD,140000,US,100,US,M
2022,SE,FT,Data Engineer,105000,USD,105000,US,100,US,M
2022,MI,FT,Data Engineer,65000,GBP,80036,GB,100,GB,M
2022,MI,FT,Data Engineer,55000,GBP,67723,GB,100,GB,M
2022,SE,FT,Analytics Engineer,190000,USD,190000,US,100,US,M
2022,SE,FT,Analytics Engineer,140000,USD,140000,US,100,US,M
2022,MI,FT,Data Operations Engineer,100000,USD,100000,US,100,US,M
2022,MI,FT,Data Operations Engineer,60000,USD,60000,US,100,US,M
2022,SE,FT,Data Scientist,180000,USD,180000,US,100,US,L
2022,SE,FT,Data Scientist,165000,USD,165000,US,100,US,L
2022,SE,FT,Applied Machine Learning Scientist,108000,USD,108000,US,0,US,L
2021,EN,FT,Machine Learning Research Engineer,20000,USD,20000,FR,50,FR,M
2022,SE,FT,Data Architect,190000,USD,190000,US,100,US,M
2022,SE,FT,Data Architect,135000,USD,135000,US,100,US,M
2022,SE,FT,Data Scientist,179400,USD,179400,US,0,US,M
2022,SE,FT,Data Scientist,154000,USD,154000,US,0,US,M
2022,SE,FT,Machine Learning Scientist,193900,USD,193900,US,0,US,M
2022,SE,FT,Machine Learning Scientist,129300,USD,129300,US,0,US,M
2022,EX,FT,Data Scientist,222640,USD,222640,US,0,US,M
2022,EX,FT,Data Scientist,182160,USD,182160,US,0,US,M
2022,MI,FT,Data Engineer,150000,USD,150000,US,0,US,M
2022,MI,FT,Data Engineer,100000,USD,100000,US,0,US,M
2022,SE,FT,Analytics Engineer,122500,USD,122500,US,100,US,M
2022,SE,FT,Analytics Engineer,100000,USD,100000,US,100,US,M
2022,EX,FT,Data Engineer,297500,USD,297500,US,100,US,M
2022,EX,FT,Data Engineer,260000,USD,260000,US,100,US,M
2021,EN,FT,Machine Learning Developer,15000,USD,15000,TH,100,TH,L
2022,SE,FT,Data Engineer,193000,USD,193000,ES,100,US,M
2022,EN,FT,Data Scientist,93000,USD,93000,US,0,US,M
2022,EN,FT,Data Scientist,73000,USD,73000,US,0,US,M
2022,MI,FT,Data Operations Engineer,100000,USD,100000,US,100,US,M
2022,MI,FT,Data Operations Engineer,60000,USD,60000,US,100,US,M
2022,SE,FT,Data Scientist,136994,USD,136994,US,100,US,M
2022,SE,FT,Data Scientist,101570,USD,101570,US,100,US,M
2022,SE,FT,ETL Developer,250000,USD,250000,US,100,US,M
2022,SE,FT,ETL Developer,63000,USD,63000,US,100,US,M
2022,MI,FT,Data Manager,134000,USD,134000,US,0,US,M
2022,MI,FT,Data Manager,98000,USD,98000,US,0,US,M
2022,SE,FT,Data Scientist,191475,USD,191475,US,100,US,M
2022,SE,FT,Data Scientist,141525,USD,141525,US,100,US,M
2022,SE,FT,Data Scientist,55000,EUR,57786,FR,50,FR,L
2022,MI,FT,Data Analyst,136000,USD,136000,US,100,US,M
2022,MI,FT,Data Analyst,112000,USD,112000,US,100,US,M
2022,SE,FT,Data Scientist,172000,USD,172000,US,100,US,M
2022,SE,FT,Data Scientist,140000,USD,140000,US,100,US,M
2022,SE,FT,Data Engineer,215000,USD,215000,US,0,US,M
2022,SE,FT,Data Engineer,164000,USD,164000,US,0,US,M
2022,SE,FT,Data Engineer,300000,USD,300000,US,0,US,M
2022,SE,FT,Data Engineer,130000,USD,130000,US,0,US,M
2022,SE,FT,Data Engineer,250000,USD,250000,US,100,US,M
2022,SE,FT,Data Engineer,63000,USD,63000,US,100,US,M
2022,SE,FT,Data Engineer,180000,USD,180000,US,100,US,M
2022,SE,FT,Data Engineer,150000,USD,150000,US,100,US,M
2021,EN,FT,Data Engineer,33000,GBP,45390,GB,50,GB,L
2022,SE,FT,Data Engineer,250000,USD,250000,US,100,US,M
2022,SE,FT,Data Engineer,63000,USD,63000,US,100,US,M
2022,SE,FT,Data Scientist,191475,USD,191475,US,100,US,M
2022,SE,FT,Data Scientist,141525,USD,141525,US,100,US,M
2022,MI,FT,Data Analyst,97500,USD,97500,US,100,US,L
2022,SE,FT,Applied Scientist,212800,USD,212800,US,100,US,M
2022,SE,FT,Applied Scientist,142800,USD,142800,US,100,US,M
2022,MI,FT,Data Scientist,70000,EUR,73546,NL,50,NL,L
2022,EN,FT,Data Scientist,50000,USD,50000,US,50,DE,M
2022,SE,FT,Data Scientist,151800,USD,151800,US,0,US,M
2022,SE,FT,Data Scientist,130240,USD,130240,US,0,US,M
2022,SE,FT,Analytics Engineer,165000,USD,165000,US,100,US,M
2022,SE,FT,Analytics Engineer,140250,USD,140250,US,100,US,M
2022,SE,FT,Data Engineer,135000,USD,135000,US,0,US,M
2022,SE,FT,Data Engineer,115000,USD,115000,US,0,US,M
2022,SE,FT,Data Scientist,179400,USD,179400,US,100,US,M
2022,SE,FT,Data Scientist,154000,USD,154000,US,100,US,M
2022,SE,FT,Data Scientist,191475,USD,191475,US,100,US,M
2022,SE,FT,Data Scientist,141525,USD,141525,US,100,US,M
2022,SE,FT,Data Scientist,191475,USD,191475,US,100,US,M
2022,SE,FT,Data Scientist,141525,USD,141525,US,100,US,M
2022,SE,FT,Data Scientist,191475,USD,191475,US,100,US,M
2022,SE,FT,Data Scientist,141525,USD,141525,US,100,US,M
2022,MI,FT,Financial Data Analyst,75000,USD,75000,US,0,US,M
2022,MI,FT,Data Engineer,80000,EUR,84053,GR,100,GR,M
2022,MI,FT,Data Engineer,70000,EUR,73546,GR,100,GR,M
2022,MI,FT,Data Engineer,80000,GBP,98506,GB,100,GB,M
2022,MI,FT,Data Engineer,70000,GBP,86193,GB,100,GB,M
2022,MI,FT,Data Engineer,80000,EUR,84053,ES,100,ES,M
2022,MI,FT,Data Engineer,70000,EUR,73546,ES,100,ES,M
2022,SE,FT,Data Scientist,191475,USD,191475,US,100,US,M
2022,SE,FT,Data Scientist,141525,USD,141525,US,100,US,M
2022,SE,FT,Data Scientist,191475,USD,191475,US,100,US,M
2022,SE,FT,Data Scientist,141525,USD,141525,US,100,US,M
2022,SE,FT,Analytics Engineer,83376,GBP,102663,GB,100,GB,M
2022,SE,FT,Analytics Engineer,65004,GBP,80041,GB,100,GB,M
2022,SE,FT,Data Scientist,191475,USD,191475,US,100,US,M
2022,SE,FT,Data Scientist,141525,USD,141525,US,100,US,M
2022,SE,FT,Data Engineer,84958,GBP,104611,GB,100,GB,M
2022,SE,FT,Data Engineer,66822,GBP,82280,GB,100,GB,M
2022,SE,FT,Data Scientist,191475,USD,191475,US,100,US,M
2022,SE,FT,Data Scientist,141525,USD,141525,US,100,US,M
2022,SE,FT,Data Scientist,191475,USD,191475,US,0,US,M
2022,SE,FT,Data Scientist,141525,USD,141525,US,0,US,M
2022,SE,FT,Data Analyst,115000,USD,115000,US,0,US,L
2022,EN,FT,Data Scientist,30000,EUR,31520,ES,50,ES,M
2022,SE,FT,Data Operations Analyst,81000,USD,81000,US,100,US,M
2022,SE,FT,Data Operations Analyst,66000,USD,66000,US,100,US,M
2022,EN,FT,Data Analyst,46000,USD,46000,US,100,US,L
2022,EN,FT,Data Engineer,80000,USD,80000,US,100,US,L
2022,EX,FT,Machine Learning Scientist,200000,USD,200000,US,100,US,S
2022,EX,FT,Machine Learning Scientist,180000,USD,180000,US,100,US,S
2022,EX,FT,AI Scientist,200000,USD,200000,US,100,US,S
2022,SE,FT,Data Scientist,204100,USD,204100,US,0,US,M
2022,SE,FT,Data Scientist,136100,USD,136100,US,0,US,M
2022,SE,FT,Analytics Engineer,250000,USD,250000,US,0,US,M
2022,SE,FT,Analytics Engineer,63000,USD,63000,US,0,US,M
2022,MI,FT,Data Scientist,96000,GBP,118208,GB,0,GB,M
2022,MI,FT,Data Scientist,90000,GBP,110820,GB,0,GB,M
2021,EN,PT,Computer Vision Software Engineer,120000,DKK,19073,DK,50,DK,L
2022,SE,FT,Data Scientist,191475,USD,191475,US,100,US,M
2022,SE,FT,Data Scientist,141525,USD,141525,US,100,US,M
2022,SE,FT,Data Scientist,191475,USD,191475,US,100,US,M
2022,SE,FT,Data Scientist,141525,USD,141525,US,100,US,M
2022,SE,FT,Data Scientist,191475,USD,191475,US,100,US,M
2022,SE,FT,Data Scientist,141525,USD,141525,US,100,US,M
2022,SE,FT,Data Specialist,95000,USD,95000,US,100,US,M
2022,SE,FT,Data Specialist,70000,USD,70000,US,100,US,M
2022,MI,FT,Applied Machine Learning Scientist,75000,USD,75000,BO,100,US,M
2022,MI,FT,Data Analyst,113000,USD,113000,US,0,US,L
2022,SE,FT,Data Scientist,170000,USD,170000,US,100,US,M
2022,SE,FT,Data Scientist,130000,USD,130000,US,100,US,M
2022,MI,FT,Data Analytics Consultant,113000,USD,113000,US,100,US,L
2022,MI,FT,Product Data Analyst,140000,USD,140000,US,100,US,M
2021,SE,FT,Data Analyst,50000,USD,50000,PH,100,PH,S
2022,MI,FT,BI Data Analyst,77000,AUD,53368,AU,100,AU,M
2022,SE,FT,Data Scientist,175000,USD,175000,US,0,US,M
2022,SE,FT,Data Scientist,140000,USD,140000,US,0,US,M
2022,SE,FT,Lead Data Scientist,28500,EUR,29944,PT,50,PT,S
2022,SE,FT,Analytics Engineer,250000,USD,250000,US,0,US,M
2022,SE,FT,Analytics Engineer,63000,USD,63000,US,0,US,M
2022,SE,FT,Data Scientist,160000,USD,160000,US,0,US,L
2022,SE,FT,Data Scientist,119300,USD,119300,US,0,US,L
2022,MI,FT,Research Scientist,145000,USD,145000,US,50,US,L
2022,SE,FT,Data Engineer,105000,USD,105000,US,0,US,M
2022,SE,FT,Data Engineer,90000,USD,90000,US,0,US,M
2022,SE,FT,ETL Developer,146200,USD,146200,US,100,US,M
2022,SE,FT,ETL Developer,124270,USD,124270,US,100,US,M
2022,MI,FT,Data Scientist,225000,USD,225000,US,0,US,M
2022,MI,FT,Data Scientist,160000,USD,160000,US,0,US,M
2022,MI,FT,Data Scientist,52000,EUR,54634,NL,100,NL,S
2022,SE,FT,Data Engineer,185800,USD,185800,CA,100,CA,M
2022,SE,FT,Data Engineer,137400,USD,137400,CA,100,CA,M
2022,SE,FT,Analytics Engineer,245000,USD,245000,US,0,US,M
2022,SE,FT,Analytics Engineer,180000,USD,180000,US,0,US,M
2022,SE,FT,Analytics Engineer,203500,USD,203500,US,0,US,M
2022,SE,FT,Analytics Engineer,152000,USD,152000,US,0,US,M
2022,SE,FT,Data Engineer,250000,USD,250000,US,0,US,M
2022,SE,FT,Data Engineer,63000,USD,63000,US,0,US,M
2022,SE,FT,Machine Learning Infrastructure Engineer,186000,USD,186000,US,100,US,M
2022,SE,FT,Machine Learning Infrastructure Engineer,148800,USD,148800,US,100,US,M
2022,SE,FT,Lead Machine Learning Engineer,7500000,INR,95386,IN,50,IN,L
2022,MI,FT,Machine Learning Engineer,104000,GBP,128058,GB,50,GB,L
2022,EN,FT,Data Scientist,82000,USD,82000,US,0,US,L
2022,EN,PT,Data Scientist,110000,USD,110000,DO,100,FR,M
2022,MI,FT,Applied Machine Learning Scientist,173000,USD,173000,US,50,US,M
2022,SE,FT,Data Scientist,203500,USD,203500,US,0,US,M
2022,SE,FT,Data Scientist,152000,USD,152000,US,0,US,M
2022,SE,FT,Machine Learning Engineer,186000,USD,186000,US,100,US,M
2022,SE,FT,Machine Learning Engineer,148800,USD,148800,US,100,US,M
2022,MI,FT,Data Scientist,158000,USD,158000,US,100,US,M
2022,MI,FT,Data Scientist,134000,USD,134000,US,100,US,M
2022,SE,FT,Data Scientist,170000,USD,170000,US,100,US,M
2022,SE,FT,Data Scientist,120000,USD,120000,US,100,US,M
2022,EX,FT,Analytics Engineer,200000,USD,200000,US,100,US,M
2022,EX,FT,Analytics Engineer,150000,USD,150000,US,100,US,M
2022,SE,FT,Data Analyst,216200,USD,216200,US,0,US,M
2022,SE,FT,Data Analyst,144100,USD,144100,US,0,US,M
2022,MI,FT,Data Scientist,110000,EUR,115573,NL,0,NL,M
2022,MI,FT,Data Scientist,85000,EUR,89306,NL,0,NL,M
2022,SE,FT,ETL Developer,250000,USD,250000,US,0,US,M
2022,SE,FT,ETL Developer,63000,USD,63000,US,0,US,M
2022,SE,FT,Data Engineer,135000,USD,135000,US,100,US,M
2022,SE,FT,Data Engineer,85000,USD,85000,US,100,US,M
2022,SE,FT,Machine Learning Engineer,135000,USD,135000,US,100,US,M
2022,SE,FT,Machine Learning Engineer,85000,USD,85000,US,100,US,M
2022,SE,FT,Data Scientist,206000,USD,206000,US,100,US,M
2022,SE,FT,Data Scientist,175100,USD,175100,US,100,US,M
2022,SE,FT,Machine Learning Engineer,189650,USD,189650,US,0,US,M
2022,SE,FT,Machine Learning Engineer,164996,USD,164996,US,0,US,M
2022,SE,FT,Data Architect,149040,USD,149040,US,100,US,M
2022,SE,FT,Data Architect,113900,USD,113900,US,100,US,M
2022,SE,FT,Data Engineer,154000,USD,154000,US,100,US,M
2022,SE,FT,Data Engineer,126000,USD,126000,US,100,US,M
2022,SE,FT,Machine Learning Engineer,200000,USD,200000,US,100,US,L
2022,SE,FT,Machine Learning Engineer,150000,USD,150000,US,100,US,L
2022,SE,FT,Data Engineer,195700,USD,195700,US,0,US,M
2022,SE,FT,Data Engineer,130500,USD,130500,US,0,US,M
2022,SE,FT,Analytics Engineer,170000,USD,170000,US,100,US,M
2022,SE,FT,Analytics Engineer,135000,USD,135000,US,100,US,M
2022,MI,FT,Data Engineer,80000,GBP,98506,GB,0,GB,M
2022,MI,FT,Data Engineer,60000,GBP,73880,GB,0,GB,M
2022,SE,FT,Data Analyst,117000,USD,117000,US,100,US,M
2022,SE,FT,Data Analyst,99450,USD,99450,US,100,US,M
2022,SE,FT,Data Engineer,200000,USD,200000,PR,100,PR,M
2022,SE,FT,Data Engineer,135000,USD,135000,PR,100,PR,M
2022,SE,FT,Machine Learning Engineer,193900,USD,193900,US,0,US,M
2022,SE,FT,Machine Learning Engineer,129300,USD,129300,US,0,US,M
2022,EN,FT,Machine Learning Engineer,45000,GBP,55410,GB,100,GB,S
2022,SE,FT,Data Analyst,70000,GBP,86193,GB,0,GB,M
2022,SE,FT,Data Analyst,50000,GBP,61566,GB,0,GB,M
2022,SE,FT,Data Analyst,175000,USD,175000,US,100,US,M
2022,SE,FT,Data Analyst,130000,USD,130000,US,100,US,M
2022,SE,FT,Data Engineer,188100,USD,188100,US,0,US,M
2022,SE,FT,Data Engineer,139860,USD,139860,US,0,US,M
2022,SE,FT,Machine Learning Engineer,248700,USD,248700,US,0,US,M
2022,SE,FT,Machine Learning Engineer,167100,USD,167100,US,0,US,M
2022,SE,FT,Data Scientist,123400,USD,123400,US,0,US,M
2022,SE,FT,Data Scientist,88100,USD,88100,US,0,US,M
2022,MI,FT,BI Data Analyst,48000,EUR,50432,DE,100,DE,S
2022,SE,FT,Data Scientist,245000,USD,245000,US,0,US,M
2022,SE,FT,Data Scientist,205000,USD,205000,US,0,US,M
2022,SE,FT,Data Engineer,141300,USD,141300,US,0,US,M
2022,SE,FT,Data Engineer,102100,USD,102100,US,0,US,M
2022,SE,FT,Data Architect,141300,USD,141300,US,0,US,M
2022,SE,FT,Data Architect,102100,USD,102100,US,0,US,M
2022,EN,FT,Data Analyst,50000,USD,50000,AR,100,AR,L
2022,EN,FT,Data Scientist,80000,EUR,84053,BE,100,BE,L
2022,MI,FT,Lead Data Scientist,50000,GBP,61566,GB,50,GB,S
2022,SE,FT,Data Architect,250000,USD,250000,US,0,US,M
2022,SE,FT,Data Architect,63000,USD,63000,US,0,US,M
2022,SE,FT,Data Scientist,189500,USD,189500,US,100,US,L
2022,SE,FT,Data Scientist,140100,USD,140100,US,100,US,L
2022,SE,FT,Data Engineer,177600,USD,177600,US,100,US,L
2022,SE,FT,Data Engineer,131300,USD,131300,US,100,US,L
2022,MI,FT,Data Engineer,24000,USD,24000,US,0,US,M
2022,MI,FT,Data Engineer,24000,USD,24000,US,0,US,M
2022,SE,FT,Data Engineer,250000,USD,250000,US,0,US,M
2022,SE,FT,Data Engineer,63000,USD,63000,US,0,US,M
2022,SE,FT,Machine Learning Engineer,202900,USD,202900,US,100,US,L
2022,SE,FT,Machine Learning Engineer,131300,USD,131300,US,100,US,L
2022,SE,FT,Data Engineer,145000,USD,145000,US,100,US,M
2022,SE,FT,Data Engineer,115000,USD,115000,US,100,US,M
2022,EN,FT,Machine Learning Engineer,115000,USD,115000,US,50,US,L
2022,MI,FT,Machine Learning Engineer,193900,USD,193900,US,0,US,M
2022,MI,FT,Machine Learning Engineer,129300,USD,129300,US,0,US,M
2022,SE,FT,Data Scientist,180000,USD,180000,US,100,US,L
2022,SE,FT,Data Scientist,140000,USD,140000,US,100,US,L
2022,MI,FT,Data Analyst,216200,USD,216200,US,0,US,M
2022,MI,FT,Data Analyst,144100,USD,144100,US,0,US,M
2022,SE,FT,Machine Learning Scientist,216000,USD,216000,US,0,US,M
2022,SE,FT,Machine Learning Scientist,144000,USD,144000,US,0,US,M
2022,EN,FT,Data Analyst,150000,USD,150000,US,100,US,L
2022,MI,FT,Data Scientist,4200000,INR,53416,IN,100,ID,L
2022,EN,FT,Applied Data Scientist,50000,USD,50000,AT,50,AT,M
2021,SE,FT,Cloud Data Architect,250000,USD,250000,US,50,US,L
2022,EX,FT,Research Scientist,80000,EUR,84053,NL,0,NL,L
2022,MI,FT,Data Scientist,107000,GBP,131752,GB,100,GB,M
2022,SE,FT,Analytics Engineer,48000,USD,48000,AR,100,US,S
2022,EX,FT,Data Scientist,260500,USD,260500,US,0,US,M
2022,EX,FT,Data Scientist,175100,USD,175100,US,0,US,M
2022,SE,FT,Data Engineer,210000,USD,210000,US,100,US,M
2022,SE,FT,Data Engineer,100000,USD,100000,US,100,US,M
2022,EN,FT,Data Analyst,55000,USD,55000,US,100,US,S
2022,MI,FT,Data Analyst,130000,USD,130000,US,100,US,M
2022,SE,FT,Applied Machine Learning Scientist,73400,EUR,77119,FR,100,GB,L
2022,EN,FT,Data Scientist,49500,EUR,52008,BE,50,BE,S
2022,MI,FL,Applied Machine Learning Scientist,2400000,INR,30523,IN,100,IN,S
2022,SE,FT,Data Engineer,206699,USD,206699,US,0,US,M
2022,SE,FT,Data Engineer,99100,USD,99100,US,0,US,M
2022,MI,FT,Analytics Engineer,200000,USD,200000,US,0,US,M
2022,MI,FT,Analytics Engineer,54000,USD,54000,US,0,US,M
2022,SE,FT,Data Engineer,250000,USD,250000,US,0,US,M
2022,SE,FT,Data Engineer,63000,USD,63000,US,0,US,M
2022,SE,FT,Data Architect,250000,USD,250000,US,0,US,M
2022,SE,FT,Data Architect,63000,USD,63000,US,0,US,M
2022,SE,FT,Data Engineer,250000,USD,250000,US,0,US,M
2022,SE,FT,Data Engineer,63000,USD,63000,US,0,US,M
2022,EN,FT,Analytics Engineer,130000,USD,130000,US,50,US,L
2022,SE,FT,Data Engineer,100000,USD,100000,US,0,US,L
2022,SE,FT,Data Engineer,80000,USD,80000,US,0,US,L
2022,SE,FT,Data Scientist,160000,USD,160000,US,0,US,L
2022,SE,FT,Data Scientist,100000,USD,100000,US,0,US,L
2022,SE,FT,Data Specialist,221300,USD,221300,US,100,US,L
2022,SE,FT,Data Specialist,148700,USD,148700,US,100,US,L
2022,EN,FT,Machine Learning Engineer,30000,USD,30000,GB,100,GB,L
2022,EN,FT,Data Analyst,27000,EUR,28368,FR,50,FR,M
2022,MI,FT,Data Engineer,74000,GBP,91118,GB,0,GB,M
2022,MI,FT,Data Engineer,50000,GBP,61566,GB,0,GB,M
2022,MI,FT,Data Scientist,58000,EUR,60938,DE,100,DE,S
2022,SE,FT,Data Scientist,249260,USD,249260,US,0,US,M
2022,SE,FT,Data Scientist,185400,USD,185400,US,0,US,M
2022,SE,FT,Data Engineer,170000,USD,170000,US,100,US,M
2022,SE,FT,Data Engineer,130000,USD,130000,US,100,US,M
2022,MI,FT,Data Scientist,65000,GBP,80036,GB,50,GB,M
2022,SE,FT,Data Analyst,128875,USD,128875,US,100,US,M
2022,SE,FT,Data Analyst,93700,USD,93700,US,100,US,M
2022,SE,FT,Machine Learning Engineer,180000,USD,180000,US,100,US,M
2022,SE,FT,Machine Learning Engineer,100000,USD,100000,US,100,US,M
2022,SE,FT,Data Analyst,136260,USD,136260,US,100,US,M
2022,SE,FT,Data Analyst,109280,USD,109280,US,100,US,M
2022,SE,FT,Data Scientist,160000,USD,160000,US,100,US,L
2022,SE,FT,Data Scientist,92000,USD,92000,US,100,US,L
2022,SE,FT,Data Engineer,200000,USD,200000,US,100,US,M
2022,SE,FT,Data Engineer,160000,USD,160000,US,100,US,M
2022,MI,FT,Data Engineer,110000,GBP,135446,GB,0,GB,M
2022,MI,FT,Data Engineer,85000,GBP,104663,GB,0,GB,M
2022,SE,FT,Data Analyst,117000,USD,117000,US,100,US,M
2022,SE,FT,Data Analyst,99450,USD,99450,US,100,US,M
2022,EN,FT,Data Engineer,129000,USD,129000,US,100,US,L
2022,EN,FT,Data Engineer,86000,USD,86000,US,100,US,L
2022,SE,FT,Data Scientist,160000,USD,160000,US,0,US,L
2022,SE,FT,Data Scientist,119300,USD,119300,US,0,US,L
2022,SE,FT,Business Data Analyst,100000,USD,100000,US,100,US,L
2022,MI,FT,Data Scientist,25000,USD,25000,TR,50,TR,M
2022,MI,FT,Data Analyst,90000,SGD,65257,SG,50,SG,M
2022,MI,FT,AI Scientist,200000,USD,200000,US,100,US,M
2022,EN,FT,Machine Learning Developer,180000,USD,180000,US,100,US,L
2022,MI,FT,Data Scientist,153000,USD,153000,US,100,US,L
2022,SE,FT,Data Engineer,210000,USD,210000,US,100,US,M
2022,SE,FT,Data Engineer,100000,USD,100000,US,100,US,M
2022,SE,FT,Data Analyst,150075,USD,150075,US,100,US,M
2022,SE,FT,Data Analyst,110925,USD,110925,US,100,US,M
2022,MI,FT,Machine Learning Scientist,22800,USD,22800,EG,100,EG,M
2022,SE,FT,Data Scientist,160000,USD,160000,US,100,US,L
2022,SE,FT,Data Scientist,92000,USD,92000,US,100,US,L
2022,SE,FT,Machine Learning Engineer,202900,USD,202900,US,100,US,L
2022,SE,FT,Machine Learning Engineer,131300,USD,131300,US,100,US,L
2020,EN,FT,Data Analyst,20000,EUR,22809,PT,100,PT,M
2022,EN,FT,Data Analyst,15000,USD,15000,ID,0,ID,L
2022,SE,FT,Data Engineer,175000,USD,175000,US,100,US,M
2022,SE,FT,Data Engineer,135000,USD,135000,US,100,US,M
2022,SE,FT,Data Scientist,193000,AUD,133766,AU,100,AU,L
2022,EN,FT,Machine Learning Engineer,83000,USD,83000,US,0,US,L
2022,MI,FT,Data Engineer,75000,GBP,92350,GB,100,GB,M
2022,MI,FT,Data Engineer,55000,GBP,67723,GB,100,GB,M
2022,SE,FT,Data Scientist,186000,USD,186000,US,0,US,M
2022,SE,FT,Data Scientist,148800,USD,148800,US,0,US,M
2022,SE,FT,Data Analyst,112900,USD,112900,US,0,US,M
2022,SE,FT,Data Analyst,90320,USD,90320,US,0,US,M
2022,SE,FT,Machine Learning Engineer,240000,USD,240000,US,0,US,M
2022,SE,FT,Machine Learning Engineer,160000,USD,160000,US,0,US,M
2022,SE,FT,Data Scientist,300000,USD,300000,US,100,US,M
2022,SE,FT,Data Scientist,200000,USD,200000,US,100,US,M
2022,MI,FT,Data Engineer,62500,EUR,65666,DE,50,DE,S
2022,MI,FT,AI Scientist,200000,USD,200000,IN,100,US,L
2022,MI,FT,Machine Learning Engineer,95000,GBP,116976,GB,0,GB,M
2022,MI,FT,Machine Learning Engineer,75000,GBP,92350,GB,0,GB,M
2022,MI,FT,AI Scientist,120000,USD,120000,US,0,US,M
2022,SE,FT,Data Analyst,112900,USD,112900,US,100,US,M
2022,SE,FT,Data Analyst,90320,USD,90320,US,100,US,M
2022,SE,FT,Data Analytics Manager,145000,USD,145000,US,100,US,M
2022,SE,FT,Data Analytics Manager,105400,USD,105400,US,100,US,M
2020,EN,FT,Data Scientist,43200,EUR,49268,DE,0,DE,S
2022,MI,FT,Data Engineer,90000,GBP,110820,GB,0,GB,M
2022,MI,FT,Data Engineer,75000,GBP,92350,GB,0,GB,M
2022,SE,FT,Data Scientist,215300,USD,215300,US,100,US,L
2022,SE,FT,Data Scientist,158200,USD,158200,US,100,US,L
2022,SE,FT,Data Engineer,209100,USD,209100,US,100,US,L
2022,SE,FT,Data Engineer,154600,USD,154600,US,100,US,L
2022,SE,FT,Data Analyst,115934,USD,115934,US,0,US,M
2022,SE,FT,Data Analyst,81666,USD,81666,US,0,US,M
2022,SE,FT,Data Engineer,175000,USD,175000,US,100,US,M
2022,SE,FT,Data Engineer,155000,USD,155000,US,100,US,M
2022,MI,FT,Machine Learning Engineer,80000,EUR,84053,FR,100,DE,M
2022,SE,FT,Data Analyst,164000,USD,164000,US,0,US,M
2022,SE,FT,Data Analyst,132000,USD,132000,US,0,US,M
2022,SE,FT,Data Scientist,170000,USD,170000,US,100,US,M
2022,SE,FT,Data Scientist,123000,USD,123000,US,100,US,M
2022,SE,FT,Machine Learning Engineer,189650,USD,189650,US,0,US,M
2022,SE,FT,Machine Learning Engineer,164996,USD,164996,US,0,US,M
2022,MI,FT,ETL Developer,50000,EUR,52533,GR,0,GR,M
2022,MI,FT,ETL Developer,50000,EUR,52533,GR,0,GR,M
2022,EX,FT,Lead Data Engineer,150000,CAD,115222,CA,100,CA,S
2022,SE,FT,Data Engineer,165400,USD,165400,US,100,US,M
2022,SE,FT,Data Engineer,132320,USD,132320,US,100,US,M
2022,SE,FT,Data Architect,208775,USD,208775,US,100,US,M
2022,SE,FT,Data Architect,147800,USD,147800,US,100,US,M
2022,SE,FT,Data Engineer,136994,USD,136994,US,100,US,M
2022,SE,FT,Data Engineer,101570,USD,101570,US,100,US,M
2022,SE,FT,Data Analyst,128875,USD,128875,US,100,US,M
2022,SE,FT,Data Analyst,93700,USD,93700,US,100,US,M
2022,EX,FT,Head of Machine Learning,6000000,INR,76309,IN,50,IN,L
2022,EN,FT,Machine Learning Engineer,28500,GBP,35093,GB,100,GB,L
2022,SE,FT,Data Engineer,183600,USD,183600,US,100,US,L
2022,SE,FT,Data Engineer,100800,USD,100800,US,100,US,L
2022,MI,FT,Data Analyst,40000,GBP,49253,GB,100,GB,M
2022,MI,FT,Data Analyst,30000,GBP,36940,GB,100,GB,M
2022,MI,FT,Data Analyst,40000,EUR,42026,ES,100,ES,M
2022,MI,FT,Data Analyst,30000,EUR,31520,ES,100,ES,M
2022,MI,FT,Data Engineer,80000,EUR,84053,ES,100,ES,M
2022,MI,FT,Data Engineer,70000,EUR,73546,ES,100,ES,M
2022,MI,FT,Data Engineer,80000,GBP,98506,GB,100,GB,M
2022,MI,FT,Data Engineer,70000,GBP,86193,GB,100,GB,M
2022,MI,FT,Data Engineer,80000,EUR,84053,GR,100,GR,M
2022,MI,FT,Data Engineer,70000,EUR,73546,GR,100,GR,M
2022,SE,FT,Machine Learning Engineer,189650,USD,189650,US,0,US,M
2022,SE,FT,Machine Learning Engineer,164996,USD,164996,US,0,US,M
2022,MI,FT,Data Analyst,40000,EUR,42026,GR,100,GR,M
2022,MI,FT,Data Analyst,30000,EUR,31520,GR,100,GR,M
2022,MI,FT,Data Engineer,75000,GBP,92350,GB,100,GB,M
2022,MI,FT,Data Engineer,60000,GBP,73880,GB,100,GB,M
2022,SE,FT,Data Scientist,215300,USD,215300,US,0,US,L
2022,SE,FT,Data Scientist,140400,USD,140400,US,0,US,L
2022,MI,FT,Data Engineer,60000,EUR,63040,ES,100,ES,M
2022,MI,FT,Data Engineer,45000,EUR,47280,ES,100,ES,M
2022,SE,FT,Data Scientist,260000,USD,260000,US,100,US,M
2022,SE,FT,Data Scientist,180000,USD,180000,US,100,US,M
2022,MI,FT,Data Scientist,55000,GBP,67723,GB,0,GB,M
2022,MI,FT,Data Scientist,35000,GBP,43096,GB,0,GB,M
2022,MI,FT,Data Engineer,60000,EUR,63040,GR,100,GR,M
2022,MI,FT,Data Engineer,45000,EUR,47280,GR,100,GR,M
2022,MI,FT,Data Engineer,60000,GBP,73880,GB,100,GB,M
2022,MI,FT,Data Engineer,45000,GBP,55410,GB,100,GB,M
2021,MI,FT,Machine Learning Engineer,43200,EUR,51064,IT,50,IT,L
2022,SE,FT,Data Scientist,60000,USD,60000,AR,100,MX,L
2022,MI,FT,Data Engineer,82900,USD,82900,US,0,US,M
2022,MI,FT,Data Engineer,63900,USD,63900,US,0,US,M
2022,MI,FT,Machine Learning Scientist,160000,USD,160000,US,100,US,L
2022,MI,FT,Machine Learning Scientist,112300,USD,112300,US,100,US,L
2022,MI,FT,Data Scientist,241000,USD,241000,US,100,US,M
2022,MI,FT,Data Scientist,159000,USD,159000,US,100,US,M
2022,SE,FT,Data Scientist,180000,USD,180000,US,0,US,M
2022,SE,FT,Data Scientist,80000,USD,80000,US,0,US,M
2022,MI,FT,Data Analyst,58000,USD,58000,US,0,US,S
2022,MI,FT,Data Analyst,58000,USD,58000,US,0,US,S
2022,SE,FT,Data Engineer,136000,USD,136000,US,0,US,M
2022,SE,FT,Data Engineer,108800,USD,108800,US,0,US,M
2022,EX,FT,Data Engineer,242000,USD,242000,US,100,US,M
2022,EX,FT,Data Engineer,200000,USD,200000,US,100,US,M
2022,MI,FT,Data Scientist,50000,GBP,61566,GB,0,GB,M
2022,MI,FT,Data Scientist,30000,GBP,36940,GB,0,GB,M
2022,MI,FT,Data Engineer,60000,GBP,73880,GB,0,GB,M
2022,MI,FT,Data Engineer,40000,GBP,49253,GB,0,GB,M
2022,SE,FT,Data Scientist,165220,USD,165220,US,100,US,M
2022,SE,FT,Data Scientist,120160,USD,120160,US,100,US,M
2022,SE,FT,Data Analyst,124190,USD,124190,US,100,US,M
2022,SE,FT,Data Analyst,90320,USD,90320,US,100,US,M
2022,SE,FT,Data Engineer,181940,USD,181940,US,0,US,M
2022,SE,FT,Data Engineer,132320,USD,132320,US,0,US,M
2022,SE,FT,Data Engineer,220110,USD,220110,US,0,US,M
2022,SE,FT,Data Engineer,160080,USD,160080,US,0,US,M
2022,SE,FT,Data Scientist,180000,USD,180000,US,0,US,L
2022,SE,FT,Data Scientist,120000,USD,120000,US,0,US,L
2022,MI,FT,Data Analyst,126500,USD,126500,US,0,US,M
2022,MI,FT,Data Analyst,106260,USD,106260,US,0,US,M
2022,SE,FT,Data Analyst,116000,USD,116000,US,0,US,M
2022,SE,FT,Data Analyst,99000,USD,99000,US,0,US,M
2022,SE,FT,Data Analyst,155000,USD,155000,US,100,US,M
2022,SE,FT,Data Analyst,120600,USD,120600,US,100,US,M
2022,MI,FT,Data Scientist,130000,USD,130000,US,0,US,M
2022,MI,FT,Data Scientist,90000,USD,90000,US,0,US,M
2022,MI,FT,Data Engineer,170000,USD,170000,US,100,US,M
2022,MI,FT,Data Engineer,150000,USD,150000,US,100,US,M
2022,SE,FT,Data Analyst,102100,USD,102100,US,100,US,M
2022,SE,FT,Data Analyst,84900,USD,84900,US,100,US,M
2022,SE,FT,Data Scientist,136620,USD,136620,US,100,US,M
2022,SE,FT,Data Scientist,99360,USD,99360,US,100,US,M
2022,SE,FT,Data Scientist,90000,GBP,110820,GB,0,GB,M
2022,SE,FT,Data Scientist,80000,GBP,98506,GB,0,GB,M
2022,SE,FT,Data Scientist,146000,USD,146000,US,100,US,M
2022,SE,FT,Data Scientist,123000,USD,123000,US,100,US,M
2022,EN,FT,Data Engineer,40000,GBP,49253,GB,100,GB,M
2022,EN,FT,Data Engineer,35000,GBP,43096,GB,100,GB,M
2022,EX,FT,Data Analyst,130000,USD,130000,US,100,US,M
2022,EX,FT,Data Analyst,110000,USD,110000,US,100,US,M
2022,SE,FT,Data Analyst,170000,USD,170000,US,100,US,M
2022,SE,FT,Data Analyst,135000,USD,135000,US,100,US,M
2022,SE,FT,Data Scientist,161342,USD,161342,US,100,US,M
2022,SE,FT,Data Scientist,137141,USD,137141,US,100,US,M
2022,SE,FT,Data Scientist,167000,USD,167000,US,100,US,M
2022,SE,FT,Data Scientist,123000,USD,123000,US,100,US,M
2022,SE,FT,Data Engineer,60000,GBP,73880,GB,0,GB,M
2022,SE,FT,Data Engineer,50000,GBP,61566,GB,0,GB,M
2022,SE,FT,Data Scientist,211500,USD,211500,US,100,US,M
2022,SE,FT,Data Scientist,138600,USD,138600,US,100,US,M
2022,SE,FT,Data Architect,192400,USD,192400,CA,100,CA,M
2022,SE,FT,Data Architect,90700,USD,90700,CA,100,CA,M
2022,SE,FT,Data Analyst,130000,USD,130000,CA,100,CA,M
2022,SE,FT,Data Analyst,61300,USD,61300,CA,100,CA,M
2022,SE,FT,Data Analyst,130000,USD,130000,CA,100,CA,M
2022,SE,FT,Data Analyst,61300,USD,61300,CA,100,CA,M
2022,SE,FT,Data Engineer,160000,USD,160000,US,0,US,L
2022,SE,FT,Data Engineer,113000,USD,113000,US,0,US,L
2022,SE,FT,Data Scientist,150000,USD,150000,US,0,US,M
2022,SE,FT,Data Scientist,95550,USD,95550,US,0,US,M
2022,MI,FT,Data Analyst,167000,USD,167000,US,100,US,M
2022,MI,FT,Data Analyst,115500,USD,115500,US,100,US,M
2022,SE,FT,Data Analyst,112900,USD,112900,US,100,US,M
2022,SE,FT,Data Analyst,90320,USD,90320,US,100,US,M
2022,SE,FT,Data Analyst,112900,USD,112900,US,100,US,M
2022,SE,FT,Data Analyst,90320,USD,90320,US,100,US,M
2022,SE,FT,Data Engineer,165400,USD,165400,US,100,US,M
2022,SE,FT,Data Engineer,132320,USD,132320,US,100,US,M
2022,SE,FT,Data Engineer,243900,USD,243900,US,100,US,M
2022,SE,FT,Data Engineer,156600,USD,156600,US,100,US,M
2022,SE,FT,Data Analyst,136600,USD,136600,US,100,US,M
2022,SE,FT,Data Analyst,109280,USD,109280,US,100,US,M
2022,SE,FT,Data Engineer,128875,USD,128875,US,100,US,M
2022,SE,FT,Data Engineer,93700,USD,93700,US,100,US,M
2022,EX,FT,Data Scientist,224000,USD,224000,US,100,US,M
2022,EX,FT,Data Scientist,167875,USD,167875,US,100,US,M
2022,EX,FT,Analytics Engineer,175000,USD,175000,US,100,US,M
2022,EX,FT,Analytics Engineer,135000,USD,135000,US,100,US,M
2022,SE,FT,Data Engineer,209100,USD,209100,US,100,US,L
2022,SE,FT,Data Engineer,154600,USD,154600,US,100,US,L
2022,SE,FT,Data Engineer,180000,USD,180000,US,100,US,M
2022,SE,FT,Data Engineer,160000,USD,160000,US,100,US,M
2022,SE,FT,Data Scientist,205300,USD,205300,US,0,US,L
2022,SE,FT,Data Scientist,140400,USD,140400,US,0,US,L
2022,SE,FT,Data Scientist,176000,USD,176000,US,100,US,M
2022,SE,FT,Data Scientist,144000,USD,144000,US,100,US,M
2022,SE,FT,Data Engineer,200100,USD,200100,US,100,US,M
2022,SE,FT,Data Engineer,160000,USD,160000,US,100,US,M
2022,SE,FT,Data Engineer,70500,USD,70500,US,0,US,M
2022,SE,FT,Data Engineer,54000,USD,54000,US,0,US,M
2022,SE,FT,Data Scientist,205300,USD,205300,US,0,US,M
2022,SE,FT,Data Scientist,140400,USD,140400,US,0,US,M
2022,SE,FT,Analytics Engineer,205300,USD,205300,US,0,US,M
2022,SE,FT,Analytics Engineer,184700,USD,184700,US,0,US,M
2022,SE,FT,Data Engineer,175100,USD,175100,US,100,US,M
2022,SE,FT,Data Engineer,140250,USD,140250,US,100,US,M
2022,SE,FT,Data Analyst,116150,USD,116150,US,100,US,M
2022,SE,FT,Data Analyst,99050,USD,99050,US,100,US,M
2022,SE,FT,Data Engineer,145000,USD,145000,US,100,US,M
2022,SE,FT,Data Engineer,130000,USD,130000,US,100,US,M
2022,SE,FT,Data Analyst,112900,USD,112900,US,100,US,M
2022,SE,FT,Data Analyst,90320,USD,90320,US,100,US,M
2022,MI,FT,Data Analyst,85000,USD,85000,CA,0,CA,M
2022,MI,FT,Data Analyst,75000,USD,75000,CA,0,CA,M
2022,SE,FT,Machine Learning Engineer,214000,USD,214000,US,100,US,M
2022,SE,FT,Machine Learning Engineer,192600,USD,192600,US,100,US,M
2022,SE,FT,Data Architect,266400,USD,266400,US,100,US,M
2022,SE,FT,Data Architect,213120,USD,213120,US,100,US,M
2022,SE,FT,Data Engineer,155000,USD,155000,US,100,US,M
2022,SE,FT,Data Engineer,115000,USD,115000,US,100,US,M
2022,MI,FT,Data Scientist,141300,USD,141300,US,0,US,M
2022,MI,FT,Data Scientist,102100,USD,102100,US,0,US,M
2022,SE,FT,Data Analyst,115934,USD,115934,US,100,US,M
2022,SE,FT,Data Analyst,81666,USD,81666,US,100,US,M
2022,MI,FT,Data Engineer,206699,USD,206699,US,0,US,M
2022,MI,FT,Data Engineer,99100,USD,99100,US,0,US,M
2022,SE,FT,Data Engineer,130000,USD,130000,US,100,US,M
2022,SE,FT,Data Engineer,110500,USD,110500,US,100,US,M
2022,MI,FT,Data Analyst,50000,GBP,61566,GB,0,GB,M
2022,MI,FT,Data Analyst,35000,GBP,43096,GB,0,GB,M
2022,SE,FT,Data Analyst,80000,USD,80000,US,100,US,M
2022,SE,FT,Data Analyst,60000,USD,60000,US,100,US,M
2022,SE,FT,Data Architect,192564,USD,192564,US,100,US,M
2022,SE,FT,Data Architect,144854,USD,144854,US,100,US,M
2022,SE,FT,Data Scientist,230000,USD,230000,US,100,US,M
2022,SE,FT,Data Scientist,150000,USD,150000,US,100,US,M
2022,SE,FT,Data Analytics Manager,150260,USD,150260,US,100,US,M
2022,SE,FT,Data Analytics Manager,109280,USD,109280,US,100,US,M
2022,SE,FT,Data Analyst,170000,USD,170000,US,100,US,M
2022,SE,FT,Data Analyst,150000,USD,150000,US,100,US,M
2022,MI,FT,Data Scientist,160000,USD,160000,US,100,US,M
2022,MI,FT,Data Scientist,130000,USD,130000,US,100,US,M
2022,EN,FT,Data Analyst,67000,USD,67000,CA,0,CA,M
2022,EN,FT,Data Analyst,52000,USD,52000,CA,0,CA,M
2022,SE,FT,Data Engineer,154000,USD,154000,US,100,US,M
2022,SE,FT,Data Engineer,126000,USD,126000,US,100,US,M
2022,SE,FT,Data Analyst,129000,USD,129000,US,0,US,M
2022,SE,FT,Data Analyst,99000,USD,99000,US,0,US,M
2022,SE,FT,Data Scientist,210000,USD,210000,US,100,US,M
2022,SE,FT,Data Scientist,140000,USD,140000,US,100,US,M
2022,SE,FT,Data Scientist,210000,USD,210000,US,100,US,M
2022,SE,FT,Data Scientist,140000,USD,140000,US,100,US,M
2022,SE,FT,Data Scientist,210000,USD,210000,US,100,US,M
2022,SE,FT,Data Scientist,140000,USD,140000,US,100,US,M
2022,SE,FT,Data Analyst,100000,USD,100000,US,100,US,M
2022,SE,FT,Data Analyst,69000,USD,69000,US,100,US,M
2022,SE,FT,Data Scientist,210000,USD,210000,US,100,US,M
2022,SE,FT,Data Scientist,140000,USD,140000,US,100,US,M
2022,SE,FT,Data Analyst,150075,USD,150075,US,100,US,M
2022,SE,FT,Data Analyst,110925,USD,110925,US,100,US,M
2022,SE,FT,Data Engineer,100000,USD,100000,US,100,US,M
2022,SE,FT,Data Engineer,25000,USD,25000,US,100,US,M
2022,SE,FT,Data Analyst,126500,USD,126500,US,100,US,M
2022,SE,FT,Data Analyst,106260,USD,106260,US,100,US,M
2022,SE,FT,Data Engineer,220110,USD,220110,US,100,US,M
2022,SE,FT,Data Engineer,160080,USD,160080,US,100,US,M
2022,SE,FT,Data Analyst,105000,USD,105000,US,100,US,M
2022,SE,FT,Data Analyst,100000,USD,100000,US,100,US,M
2022,SE,FT,Data Analyst,170000,USD,170000,US,100,US,M
2022,SE,FT,Data Analyst,135000,USD,135000,US,100,US,M
2022,SE,FT,Data Scientist,230000,USD,230000,US,100,US,M
2022,SE,FT,Data Scientist,140000,USD,140000,US,100,US,M
2022,MI,FT,Data Analyst,135000,USD,135000,US,100,US,M
2022,MI,FT,Data Analyst,50000,USD,50000,US,100,US,M
2022,SE,FT,Data Scientist,220000,USD,220000,US,100,US,M
2022,SE,FT,Data Scientist,140000,USD,140000,US,100,US,M
2022,MI,FT,Data Scientist,140000,GBP,172386,GB,0,GB,M
2022,MI,FT,Data Scientist,70000,GBP,86193,GB,0,GB,M
2022,SE,FT,Machine Learning Engineer,220000,USD,220000,US,100,US,M
2022,SE,FT,Machine Learning Engineer,120000,USD,120000,US,100,US,M
2022,MI,FT,Data Scientist,200000,USD,200000,US,100,US,M
2022,MI,FT,Data Scientist,120000,USD,120000,US,100,US,M
2022,SE,FT,Machine Learning Engineer,120000,USD,120000,AE,100,AE,S
2022,SE,FT,Machine Learning Engineer,65000,USD,65000,AE,100,AE,S
2022,EX,FT,Data Engineer,324000,USD,324000,US,100,US,M
2022,EX,FT,Data Engineer,216000,USD,216000,US,100,US,M
2022,SE,FT,Data Engineer,210000,USD,210000,US,100,US,M
2022,SE,FT,Data Engineer,100000,USD,100000,US,100,US,M
2022,SE,FT,Data Scientist,185100,USD,185100,US,100,US,M
2022,SE,FT,Data Scientist,104890,USD,104890,US,100,US,M
2022,SE,FT,Data Engineer,105000,USD,105000,US,100,US,M
2022,SE,FT,Data Engineer,80000,USD,80000,US,100,US,M
2022,MI,FT,Machine Learning Developer,100000,CAD,76814,CA,100,CA,M
2020,SE,FT,Machine Learning Manager,157000,CAD,117104,CA,50,CA,L
2022,EX,FT,Data Scientist,250000,CAD,192037,CA,50,CA,L
2022,MI,FT,Machine Learning Engineer,120000,USD,120000,US,100,US,S
2022,MI,FT,Business Data Analyst,1400000,INR,17805,IN,100,IN,M
2022,MI,FT,Data Scientist,2400000,INR,30523,IN,100,IN,L
2022,MI,FT,Machine Learning Infrastructure Engineer,53000,EUR,55685,PT,50,PT,L
2022,MI,PT,Data Engineer,50000,EUR,52533,DE,50,DE,L
2022,EN,FT,Data Scientist,1400000,INR,17805,IN,100,IN,M
2022,MI,FT,Applied Machine Learning Scientist,75000,USD,75000,BO,100,US,L
2022,MI,FT,Applied Data Scientist,157000,USD,157000,US,100,US,L
2022,MI,FT,Business Data Analyst,90000,CAD,69133,CA,50,CA,L
2022,EN,FT,Data Engineer,65000,USD,65000,US,100,US,S
2022,SE,FT,Machine Learning Engineer,65000,EUR,68293,IE,100,IE,S
2021,MI,FT,Data Scientist,109000,USD,109000,US,50,US,L
2022,MI,FT,Data Scientist,88000,CAD,67597,CA,100,CA,M
2022,MI,FT,Data Analyst,20000,USD,20000,GR,100,GR,S
2021,SE,FT,Head of Data,87000,EUR,102839,SI,100,SI,L
2022,SE,FT,Head of Data,200000,USD,200000,MY,100,US,M
2022,EN,FT,Data Scientist,66500,CAD,51081,CA,100,CA,L
2022,MI,FT,Data Scientist,78000,USD,78000,US,100,US,M
2022,SE,FT,Data Engineer,135000,USD,135000,US,100,US,M
2022,SE,FT,Data Engineer,115000,USD,115000,US,100,US,M
2022,MI,FT,Machine Learning Engineer,121000,AUD,83864,AU,100,AU,L
2022,EN,FT,Data Scientist,40000,USD,40000,JP,100,MY,L
2022,MI,FT,Head of Data,30000,EUR,31520,EE,100,EE,S
2022,SE,FT,Machine Learning Engineer,57000,EUR,59888,NL,100,NL,L
2020,EN,FT,Data Engineer,48000,EUR,54742,PK,100,DE,L
2022,SE,FT,Research Scientist,85000,EUR,89306,FR,50,FR,L
2022,EN,FT,Data Scientist,120000,AUD,83171,AU,50,AU,M
2022,SE,FT,Data Scientist,165000,USD,165000,US,100,US,M
2022,MI,FT,Machine Learning Scientist,153000,USD,153000,US,50,US,M
2022,SE,FT,Data Scientist,100000,USD,100000,BR,100,US,M
2022,SE,FT,Machine Learning Developer,100000,CAD,76814,CA,100,CA,M
2022,MI,FT,Data Scientist,150000,PLN,33609,PL,100,PL,L
2022,MI,FT,Principal Data Analyst,75000,USD,75000,CA,100,CA,S
2020,MI,FT,Product Data Analyst,20000,USD,20000,HN,0,HN,S
2022,EN,CT,Applied Machine Learning Scientist,29000,EUR,30469,TN,100,CZ,M
2021,MI,FT,Research Scientist,69999,USD,69999,CZ,50,CZ,L
2022,EN,FT,Data Engineer,52800,EUR,55475,PK,100,DE,M
2022,MI,FT,Research Scientist,59000,EUR,61989,AT,0,AT,L
2022,SE,FT,Data Scientist,152500,USD,152500,US,100,US,M
2022,EN,FT,Research Scientist,120000,USD,120000,US,100,US,L
2022,MI,FT,Data Scientist,135000,USD,135000,US,100,US,L
2022,SE,FT,Data Analytics Lead,405000,USD,405000,US,100,US,L
2021,SE,FT,Data Engineer,150000,USD,150000,US,0,US,L
2021,SE,FT,Data Scientist,240000,USD,240000,US,0,US,L
2021,MI,FT,Data Analyst,135000,USD,135000,US,100,US,L
2021,EN,FT,Data Scientist,80000,USD,80000,US,100,US,M
2022,SE,FT,Applied Data Scientist,380000,USD,380000,US,100,US,L
2022,MI,FT,Data Scientist,115000,CHF,120402,CH,0,CH,L
2022,SE,FT,Applied Data Scientist,177000,USD,177000,US,100,US,L
2022,MI,FT,Data Engineer,62000,EUR,65141,FR,100,FR,M
2022,MI,FT,Data Scientist,48000,USD,48000,RU,100,US,S
2022,EN,FT,Data Analytics Engineer,20000,USD,20000,PK,0,PK,M
2021,SE,FT,Principal Data Scientist,220000,USD,220000,US,0,US,L
2021,MI,FT,Machine Learning Engineer,8500000,JPY,77364,JP,50,JP,S
2021,MI,FT,Machine Learning Engineer,7000000,JPY,63711,JP,50,JP,S
2022,EN,FT,Computer Vision Software Engineer,150000,USD,150000,AU,100,AU,S
2021,MI,FT,Data Analyst,90000,USD,90000,US,100,US,M
2022,MI,FL,Data Scientist,100000,USD,100000,CA,100,US,M
2021,EN,FT,Data Scientist,100000,USD,100000,US,0,US,S
2022,EN,PT,Data Scientist,100000,USD,100000,DZ,50,DZ,M
2022,SE,FT,Research Scientist,144000,USD,144000,US,50,US,L
2022,SE,FT,Principal Data Scientist,148000,EUR,155499,DE,100,DE,M
2021,SE,FT,Computer Vision Engineer,24000,USD,24000,BR,100,BR,M
2021,MI,FT,Applied Machine Learning Scientist,38400,USD,38400,VN,100,US,M
2022,EN,FT,Financial Data Analyst,100000,USD,100000,US,50,US,L
2021,MI,FT,Data Scientist,82500,USD,82500,US,100,US,S
2021,EN,FT,Data Scientist,42000,EUR,49646,FR,50,FR,M
2021,SE,FT,Lead Data Scientist,3000000,INR,40570,IN,50,IN,L
2022,EN,FT,Data Engineer,120000,USD,120000,US,100,US,M
2022,SE,FT,Lead Machine Learning Engineer,80000,EUR,84053,DE,0,DE,M
2021,EN,FT,Machine Learning Engineer,20000,USD,20000,IN,100,IN,S
2022,EN,FT,Computer Vision Engineer,125000,USD,125000,US,0,US,M
2021,SE,FT,Machine Learning Scientist,120000,USD,120000,US,50,US,S
2021,EN,FT,Applied Data Scientist,80000,GBP,110037,GB,0,GB,L
2022,EN,FT,Machine Learning Engineer,20000,EUR,21013,PT,100,PT,L
2021,EN,FT,Data Analyst,50000,USD,50000,US,100,US,M
2021,SE,FT,Principal Data Engineer,200000,USD,200000,US,100,US,M
2021,MI,FT,Big Data Engineer,60000,USD,60000,ES,50,RO,M
2021,MI,FT,Data Engineer,200000,USD,200000,US,100,US,L
2021,EN,FT,Machine Learning Developer,100000,USD,100000,IQ,50,IQ,S
2021,MI,FT,Data Engineer,100000,USD,100000,US,100,US,L
2021,SE,FT,Machine Learning Engineer,70000,EUR,82744,BE,50,BE,M
2020,MI,FT,Data Engineer,51999,EUR,59303,DE,100,DE,S
2021,MI,FT,Research Scientist,53000,EUR,62649,FR,50,FR,M
2021,MI,FT,Data Engineer,60000,GBP,82528,GB,100,GB,L
2021,MI,FT,Data Architect,170000,USD,170000,US,100,US,L
2021,MI,FT,Data Architect,150000,USD,150000,US,100,US,L
2021,EN,FT,BI Data Analyst,55000,USD,55000,US,50,US,S
2021,EX,FT,Data Scientist,250000,USD,250000,US,0,US,L
2021,EN,FT,Data Engineer,80000,USD,80000,US,100,US,L
2020,EN,FT,Big Data Engineer,70000,USD,70000,US,100,US,L
2021,EX,FT,Data Scientist,110000,EUR,130026,DE,50,DE,M
2021,EN,FT,Data Scientist,54000,EUR,63831,DE,50,DE,L
2020,SE,FT,Data Scientist,60000,EUR,68428,GR,100,US,L
2021,EX,FT,Data Scientist,85000,USD,85000,RU,0,RU,M
2021,EX,FT,Head of Data,230000,USD,230000,RU,50,RU,L
2021,EN,FT,Machine Learning Engineer,125000,USD,125000,US,100,US,S
2021,SE,FT,Data Analytics Manager,120000,USD,120000,US,100,US,M
2020,MI,FT,Research Scientist,450000,USD,450000,US,0,US,M
2020,MI,FT,Data Analyst,41000,EUR,46759,FR,50,FR,L
2020,MI,FT,Data Engineer,65000,EUR,74130,AT,50,AT,L
2021,SE,FT,Data Scientist,159500,CAD,127221,CA,50,CA,L
2021,SE,FT,Data Scientist,144000,USD,144000,US,100,US,L
2021,MI,FT,Data Scientist,95000,CAD,75774,CA,100,CA,L
2021,MI,FT,Data Scientist,150000,USD,150000,US,100,US,M
2020,MI,FT,Data Scientist,103000,USD,103000,US,100,US,L
2021,SE,FT,Data Engineer,153000,USD,153000,US,100,US,L
2021,MI,FT,Data Engineer,90000,USD,90000,US,100,US,L
2021,EN,FT,Data Analyst,90000,USD,90000,US,100,US,S
2021,EN,FT,Data Analyst,60000,USD,60000,US,100,US,S
2021,MI,FT,Data Scientist,50000,USD,50000,NG,100,NG,L
2021,MI,CT,Machine Learning Engineer,270000,USD,270000,US,100,US,L
2021,MI,FT,Applied Data Scientist,68000,CAD,54238,GB,50,CA,L
2021,MI,FT,Machine Learning Engineer,40000,EUR,47282,ES,100,ES,S
2021,EX,FT,Data Scientist,130000,EUR,153667,IT,100,PL,L
2021,MI,FT,Data Engineer,110000,PLN,28476,PL,100,PL,L
2021,MI,FT,Data Analytics Engineer,110000,USD,110000,US,100,US,L
2021,EN,FT,Research Scientist,60000,GBP,82528,GB,50,GB,L
2020,EN,FT,Machine Learning Engineer,250000,USD,250000,US,50,US,L
2021,EN,FT,Data Analyst,50000,EUR,59102,FR,50,FR,M
2021,SE,FT,Data Analyst,80000,USD,80000,BG,100,US,S
2020,EN,FT,Machine Learning Engineer,138000,USD,138000,US,100,US,S
2021,MI,FT,Data Engineer,140000,USD,140000,US,100,US,L
2021,SE,FT,Data Analytics Engineer,67000,EUR,79197,DE,100,DE,L
2021,SE,FT,Lead Data Analyst,170000,USD,170000,US,100,US,L
2021,EN,FT,Data Analyst,80000,USD,80000,US,100,US,M
2020,MI,FT,Data Scientist,45760,USD,45760,PH,100,US,S
2021,MI,FT,BI Data Analyst,100000,USD,100000,US,100,US,M
2021,SE,FT,Data Scientist,45000,EUR,53192,FR,50,FR,L
2021,EX,FT,Head of Data,235000,USD,235000,US,100,US,L
2021,EX,FT,BI Data Analyst,150000,USD,150000,IN,100,US,L
2020,EX,FT,Data Engineer,70000,EUR,79833,ES,50,ES,L
2021,EN,FT,Machine Learning Scientist,225000,USD,225000,US,100,US,L
2021,EN,FT,Data Scientist,65000,EUR,76833,DE,100,DE,S
2020,MI,FT,Machine Learning Infrastructure Engineer,44000,EUR,50180,PT,0,PT,M
2021,SE,FT,Marketing Data Analyst,75000,EUR,88654,GR,100,DK,L
2021,SE,FT,Lead Data Engineer,75000,GBP,103160,GB,100,GB,S
2021,SE,FT,Data Engineer,82500,GBP,113476,GB,100,GB,M
2021,SE,FT,Machine Learning Engineer,80000,EUR,94564,DE,50,DE,L
2021,EN,FT,Data Engineer,2250000,INR,30428,IN,100,IN,L
2021,SE,FT,Data Engineer,150000,USD,150000,US,100,US,M
2021,SE,FT,Data Engineer,115000,USD,115000,US,100,US,S
2021,MI,FT,Research Scientist,235000,CAD,187442,CA,100,CA,L
2021,MI,FT,Data Analyst,37456,GBP,51519,GB,50,GB,L
2020,MI,FT,Data Engineer,106000,USD,106000,US,100,US,L
2020,MI,FT,Data Engineer,88000,GBP,112872,GB,50,GB,L
2021,MI,FT,BI Data Analyst,11000000,HUF,36259,HU,50,US,L
2021,SE,FT,Data Engineer,150000,USD,150000,US,100,US,L
2020,EN,PT,Machine Learning Engineer,14000,EUR,15966,DE,100,DE,S
2021,MI,FT,Computer Vision Software Engineer,81000,EUR,95746,DE,100,US,S
2021,EN,FT,Computer Vision Software Engineer,70000,USD,70000,US,100,US,M
2020,MI,FT,Data Scientist,60000,GBP,76958,GB,100,GB,S
2021,MI,FT,Cloud Data Engineer,120000,SGD,89294,SG,50,SG,L
2021,EN,FT,Data Scientist,2200000,INR,29751,IN,50,IN,L
2021,SE,FT,Lead Data Engineer,276000,USD,276000,US,0,US,L
2020,SE,FT,Data Engineer,188000,USD,188000,US,100,US,L
2021,SE,FT,Cloud Data Engineer,160000,USD,160000,BR,100,US,S
2020,MI,FT,Data Scientist,105000,USD,105000,US,100,US,L
2021,MI,FT,Data Engineer,200000,USD,200000,US,100,US,L
2021,SE,FT,Data Engineer,174000,USD,174000,US,100,US,L
2021,MI,FT,Data Analyst,93000,USD,93000,US,100,US,L
2021,EN,FT,Data Scientist,2100000,INR,28399,IN,100,IN,M
2021,SE,FT,Research Scientist,51400,EUR,60757,PT,50,PT,L
2021,EN,FT,Data Scientist,90000,USD,90000,US,100,US,S
2020,MI,FT,Data Engineer,61500,EUR,70139,FR,50,FR,L
2020,SE,FT,Data Engineer,720000,MXN,33511,MX,0,MX,S
2021,SE,FT,Principal Data Analyst,170000,USD,170000,US,100,US,M
2021,SE,FT,Data Engineer,70000,GBP,96282,GB,50,GB,L
2021,EN,FT,Data Scientist,31000,EUR,36643,FR,50,FR,L
2021,MI,FT,Data Engineer,52500,GBP,72212,GB,50,GB,L
2020,EN,FT,Data Analyst,91000,USD,91000,US,100,US,L
2021,SE,FT,Big Data Architect,125000,CAD,99703,CA,50,CA,M
2021,SE,FT,Data Scientist,165000,USD,165000,US,100,US,L
2021,MI,FT,Data Analyst,80000,USD,80000,US,100,US,L
2021,SE,FT,Data Scientist,130000,CAD,103691,CA,100,CA,L
2021,EN,FT,Data Engineer,1600000,INR,21637,IN,50,IN,M
2020,EN,FT,Research Scientist,42000,USD,42000,NL,50,NL,L
2020,MI,FT,Lead Data Scientist,115000,USD,115000,AE,0,AE,L
2021,MI,FT,Research Scientist,80000,CAD,63810,CA,100,CA,M
2020,SE,FT,Machine Learning Scientist,260000,USD,260000,JP,0,JP,S
2021,MI,FT,Data Scientist,110000,USD,110000,US,0,US,S
2021,MI,FT,Data Architect,180000,USD,180000,US,100,US,L
2021,SE,FT,Data Analyst,200000,USD,200000,US,100,US,L
2020,SE,FT,Big Data Engineer,85000,GBP,109024,GB,50,GB,M
2021,SE,FT,Data Engineer,200000,USD,200000,US,100,US,L
2021,SE,FT,Machine Learning Engineer,256000,USD,256000,US,100,US,S
2021,MI,FT,Data Engineer,110000,USD,110000,US,100,US,L
2020,MI,FT,Data Scientist,70000,EUR,79833,DE,0,DE,L
2021,EN,FT,Data Engineer,72500,USD,72500,US,100,US,L
2021,SE,FT,Machine Learning Engineer,185000,USD,185000,US,50,US,L
2021,MI,PT,Data Engineer,59000,EUR,69741,NL,100,NL,L
2021,EN,FT,Research Scientist,100000,USD,100000,JE,0,CN,L
2021,MI,FT,Data Engineer,112000,USD,112000,US,100,US,L
2020,SE,FT,Machine Learning Engineer,150000,USD,150000,US,50,US,L
2021,SE,FT,Data Scientist,180000,TRY,20171,TR,50,TR,L
2021,SE,FT,AI Scientist,55000,USD,55000,ES,100,ES,L
2021,EN,FT,Data Scientist,58000,USD,58000,US,50,US,L
2021,EN,FT,Data Scientist,100000,USD,100000,US,100,US,M
2021,SE,FT,Data Scientist,65720,EUR,77684,FR,50,FR,M
2021,EN,FT,Machine Learning Engineer,85000,USD,85000,NL,100,DE,S
2021,EN,FT,Data Scientist,65000,EUR,76833,DE,0,DE,L
2021,SE,CT,Staff Data Scientist,105000,USD,105000,US,100,US,M
2020,EN,FT,Data Analyst,72000,USD,72000,US,100,US,L
2021,EN,FT,Data Engineer,55000,EUR,65013,DE,50,DE,M
2021,MI,FT,Data Engineer,250000,TRY,28016,TR,100,TR,M
2021,MI,FT,Data Engineer,111775,USD,111775,US,0,US,M
2021,MI,FT,Data Engineer,93150,USD,93150,US,0,US,M
2021,SE,FT,Lead Data Engineer,160000,USD,160000,PR,50,US,S
2021,MI,FT,Data Scientist,21600,EUR,25532,RS,100,DE,S
2021,SE,FT,Machine Learning Engineer,4900000,INR,66265,IN,0,IN,L
2021,MI,FT,Data Scientist,1250000,INR,16904,IN,100,IN,S
2021,SE,FT,Data Analyst,54000,EUR,63831,DE,50,DE,L
2020,SE,FT,Lead Data Scientist,190000,USD,190000,US,100,US,S
2021,EX,FT,Data Scientist,120000,EUR,141846,DE,0,DE,L
2021,EN,FT,Big Data Engineer,1200000,INR,16228,IN,100,IN,L
2021,SE,FT,Data Analyst,90000,CAD,71786,CA,100,CA,M
2020,MI,FT,Data Scientist,11000000,HUF,35735,HU,50,HU,L
2021,SE,FT,Data Scientist,135000,USD,135000,US,0,US,L
2021,EN,FT,Machine Learning Engineer,21000,EUR,24823,DE,50,DE,M
2021,SE,FT,Data Scientist,4000000,INR,54094,IN,50,US,L
2021,SE,FT,Machine Learning Engineer,1799997,INR,24342,IN,100,IN,L
2021,MI,FT,Data Scientist,147000,USD,147000,US,50,US,L
2021,SE,FT,Research Scientist,120500,CAD,96113,CA,50,CA,L
2021,SE,FT,Data Scientist,174000,USD,174000,US,100,US,L
2020,MI,FT,Business Data Analyst,135000,USD,135000,US,100,US,L
2021,EN,FT,Machine Learning Engineer,21844,USD,21844,CO,50,CO,M
2020,SE,FT,Lead Data Engineer,125000,USD,125000,NZ,50,NZ,S
2020,EN,FT,Data Scientist,45000,EUR,51321,FR,0,FR,S
2020,MI,FT,Data Scientist,3000000,INR,40481,IN,0,IN,L
2021,EX,FT,Data Scientist,59000,EUR,69741,FR,100,ES,S
2021,SE,FT,Data Analytics Engineer,50000,USD,50000,VN,100,GB,M
2020,EN,FT,Data Scientist,35000,EUR,39916,FR,0,FR,M
2020,MI,FT,Lead Data Analyst,87000,USD,87000,US,100,US,L
2021,MI,FT,Data Engineer,22000,EUR,26005,RO,0,US,L
2021,MI,FT,Data Scientist,76760,EUR,90734,DE,50,DE,L
2021,MI,FT,Big Data Engineer,1672000,INR,22611,IN,0,IN,L
2021,EN,FT,Machine Learning Engineer,81000,USD,81000,US,50,US,S
2021,MI,FT,Data Scientist,30400000,CLP,40038,CL,100,CL,L
2021,EN,FT,Data Scientist,90000,USD,90000,US,100,US,S
2021,MI,FT,Data Scientist,52000,EUR,61467,DE,50,AT,M
2021,SE,FT,Machine Learning Infrastructure Engineer,195000,USD,195000,US,100,US,M
2021,MI,FT,Data Scientist,32000,EUR,37825,ES,100,ES,L
2020,MI,FT,Data Analyst,85000,USD,85000,US,100,US,L
2021,EX,CT,Principal Data Scientist,416000,USD,416000,US,100,US,S
2021,SE,FT,Machine Learning Scientist,225000,USD,225000,US,100,CA,L
2021,MI,FT,Data Scientist,40900,GBP,56256,GB,50,GB,L
2021,MI,FT,Data Scientist,2500000,INR,33808,IN,0,IN,M
2021,MI,FT,Data Scientist,85000,GBP,116914,GB,50,GB,L
2021,MI,FT,Machine Learning Engineer,180000,PLN,46597,PL,100,PL,L
2020,EN,FT,Data Engineer,4450000,JPY,41689,JP,100,JP,S
2020,SE,FT,Big Data Engineer,100000,EUR,114047,PL,100,GB,S
2021,MI,FT,Machine Learning Engineer,75000,EUR,88654,BE,100,BE,M
2020,MI,FT,Lead Data Engineer,56000,USD,56000,PT,100,US,M
2021,EN,PT,Computer Vision Engineer,180000,DKK,28609,DK,50,DK,S
2021,MI,FT,Data Scientist,75000,EUR,88654,DE,50,DE,L
2020,SE,FT,Data Engineer,42000,EUR,47899,GR,50,GR,L
2020,MI,FT,BI Data Analyst,98000,USD,98000,US,0,US,M
2021,MI,FT,Data Engineer,48000,GBP,66022,HK,50,GB,S
2021,MI,FT,Research Scientist,48000,EUR,56738,FR,50,FR,S
2021,MI,FT,Machine Learning Engineer,21000,EUR,24823,SI,50,SI,L
2021,SE,FT,Data Analytics Manager,120000,USD,120000,US,0,US,L
2021,MI,FL,Data Engineer,20000,USD,20000,IT,0,US,L
2020,EX,FT,Data Scientist,325000,USD,325000,US,100,US,L
2021,SE,FT,Machine Learning Engineer,200000,USD,200000,US,100,US,L
2020,EN,FT,AI Scientist,300000,DKK,45896,DK,50,DK,S
2021,MI,FT,Data Scientist,160000,USD,160000,US,100,US,L
2021,SE,FT,Research Scientist,50000,USD,50000,FR,100,US,S
2021,MI,FT,Data Scientist,34000,EUR,40189,GR,100,GR,M
2021,SE,FT,Data Engineer,165000,USD,165000,US,0,US,M
2020,MI,FT,Data Scientist,37000,EUR,42197,FR,50,FR,S
2021,SE,FT,Principal Data Engineer,185000,USD,185000,US,100,US,L
2020,EN,FT,Data Scientist,55000,EUR,62726,DE,50,DE,S
2021,MI,FT,Data Scientist,76760,EUR,90734,DE,50,DE,L
2020,EN,PT,Data Scientist,19000,EUR,21669,IT,50,IT,S
2020,MI,FT,Data Engineer,110000,USD,110000,US,100,US,L
2021,SE,FT,Data Analytics Manager,140000,USD,140000,US,100,US,L
2020,SE,FT,Data Scientist,120000,USD,120000,US,50,US,L
2021,SE,FT,Data Scientist,110000,CAD,87738,CA,100,CA,S
2021,SE,FT,Finance Data Analyst,45000,GBP,61896,GB,50,GB,L
2021,SE,FT,Data Engineer,65000,EUR,76833,RO,50,GB,S
2021,MI,FT,Machine Learning Engineer,74000,USD,74000,JP,50,JP,S
2021,SE,FT,Data Scientist,152000,USD,152000,US,100,FR,L
2021,MI,FT,Big Data Engineer,18000,USD,18000,MD,0,MD,S
2020,SE,FL,Computer Vision Engineer,60000,USD,60000,RU,100,US,S
2021,MI,FT,Data Scientist,130000,USD,130000,US,50,US,L
2021,SE,FT,Computer Vision Engineer,102000,BRL,18907,BR,0,BR,M
2021,EN,FT,Business Data Analyst,50000,EUR,59102,LU,100,LU,L
2021,SE,FT,Principal Data Scientist,147000,EUR,173762,DE,100,DE,M
2020,SE,FT,Principal Data Scientist,130000,EUR,148261,DE,100,DE,M
2020,MI,FT,Data Scientist,34000,EUR,38776,ES,100,ES,M
2021,MI,FT,Data Scientist,39600,EUR,46809,ES,100,ES,M
2021,EN,FT,AI Scientist,1335000,INR,18053,IN,100,AS,S
2020,SE,FT,Data Scientist,80000,EUR,91237,AT,0,AT,S
2020,MI,FT,Data Scientist,55000,EUR,62726,FR,50,LU,S
2021,MI,FT,Data Scientist,115000,USD,115000,US,50,US,L
2021,SE,FT,Principal Data Scientist,235000,USD,235000,US,100,US,L
2021,MI,FT,Lead Data Analyst,1450000,INR,19609,IN,100,IN,L
2021,MI,FT,Data Analyst,75000,USD,75000,US,0,US,L
2021,MI,FT,Data Analyst,62000,USD,62000,US,0,US,L
2021,MI,FT,Data Scientist,73000,USD,73000,US,0,US,L
2021,MI,FT,Data Engineer,38400,EUR,45391,NL,100,NL,L
2020,SE,FT,Data Scientist,190200,USD,190200,US,100,US,M
2020,MI,FT,Data Scientist,118000,USD,118000,US,100,US,M
2020,MI,FT,Data Scientist,138350,USD,138350,US,100,US,M
2020,MI,FT,Data Engineer,130800,USD,130800,ES,100,US,M
2020,SE,FT,Machine Learning Engineer,40000,EUR,45618,HR,100,HR,S
2021,SE,FT,Data Scientist,168000,USD,168000,JP,0,JP,S
2021,MI,FT,Data Scientist,160000,SGD,119059,SG,100,IL,M
2021,MI,FT,Applied Machine Learning Scientist,423000,USD,423000,US,50,US,L
2021,MI,FT,Data Engineer,24000,EUR,28369,MT,50,MT,L
2021,SE,FT,Data Specialist,165000,USD,165000,US,100,US,L
2020,SE,FT,Data Scientist,412000,USD,412000,US,100,US,L
2021,MI,FT,Principal Data Scientist,151000,USD,151000,US,100,US,L
2020,EN,FT,Data Scientist,105000,USD,105000,US,100,US,S
2020,EN,CT,Business Data Analyst,100000,USD,100000,US,100,US,L
2021,SE,FT,Data Scientist,7000000,INR,94665,IN,50,IN,L
